Header1,Header2,By,Region,Village,Place,(1) 宋楚瑜 余湘,(2) 韓國瑜 張善政,(3) 蔡英文 賴清德,有效票數A A=1+2+...+N,無效票數B,投票數C C=A+B,已領未投票數 D D=E-C,發出票數E E=C+D,用餘票數F,選舉人數G G=E+F,投票率H H=C÷G
第15任總統副總統,在苗栗縣各投開票所,苗栗縣,　苗栗市,中苗里,0320,37,467,304,808,16,824,0,824,260,1084,76.0148
第15任總統副總統,在苗栗縣各投開票所,苗栗縣,　苗栗市,青苗里,0321,35,416,275,726,7,733,0,733,263,996,73.5944
第15任總統副總統,在苗栗縣各投開票所,苗栗縣,　苗栗市,維祥里,0322,42,485,281,808,8,816,0,816,265,1081,75.4857
第15任總統副總統,在苗栗縣各投開票所,苗栗縣,　苗栗市,維祥里,0323,36,478,257,771,6,777,0,777,306,1083,71.7452
第15任總統副總統,在苗栗縣各投開票所,苗栗縣,　苗栗市,維祥里,0324,30,461,302,793,4,797,0,797,261,1058,75.3308
第15任總統副總統,在苗栗縣各投開票所,苗栗縣,　苗栗市,維新里,0325,43,492,340,875,8,883,0,883,275,1158,76.2522
第15任總統副總統,在苗栗縣各投開票所,苗栗縣,　苗栗市,維新里,0326,40,598,318,956,6,962,0,962,304,1266,75.9874
第15任總統副總統,在苗栗縣各投開票所,苗栗縣,　苗栗市,維新里,0327,42,467,310,819,8,827,0,827,311,1138,72.6714
第15任總統副總統,在苗栗縣各投開票所,苗栗縣,　苗栗市,玉清里,0328,31,509,280,820,8,828,0,828,257,1085,76.3134
第15任總統副總統,在苗栗縣各投開票所,苗栗縣,　苗栗市,玉清里,0329,41,476,301,818,8,826,0,826,252,1078,76.6234
第15任總統副總統,在苗栗縣各投開票所,苗栗縣,　苗栗市,玉華里,0330,35,479,287,801,12,813,0,813,266,1079,75.3475
第15任總統副總統,在苗栗縣各投開票所,苗栗縣,　苗栗市,玉華里,0331,43,563,309,915,8,923,0,923,337,1260,73.2540
第15任總統副總統,在苗栗縣各投開票所,苗栗縣,　苗栗市,玉華里,0332,52,579,332,963,10,973,0,973,242,1215,80.0823
第15任總統副總統,在苗栗縣各投開票所,苗栗縣,　苗栗市,綠苗里,0333,23,363,234,620,8,628,0,628,201,829,75.7539
第15任總統副總統,在苗栗縣各投開票所,苗栗縣,　苗栗市,高苗里,0334,28,389,245,662,2,664,0,664,317,981,67.6860
第15任總統副總統,在苗栗縣各投開票所,苗栗縣,　苗栗市,高苗里,0335,35,437,313,785,9,794,0,794,265,1059,74.9764
第15任總統副總統,在苗栗縣各投開票所,苗栗縣,　苗栗市,高苗里,0336,31,449,301,781,10,791,0,791,275,1066,74.2026
第15任總統副總統,在苗栗縣各投開票所,苗栗縣,　苗栗市,新苗里,0337,43,335,264,642,4,646,0,646,206,852,75.8216
第15任總統副總統,在苗栗縣各投開票所,苗栗縣,　苗栗市,玉苗里,0338,21,352,268,641,5,646,0,646,225,871,74.1676
第15任總統副總統,在苗栗縣各投開票所,苗栗縣,　苗栗市,大同里,0339,20,217,143,380,7,387,0,387,122,509,76.0314
第15任總統副總統,在苗栗縣各投開票所,苗栗縣,　苗栗市,恭敬里,0340,43,549,404,996,13,1009,0,1009,317,1326,76.0935
第15任總統副總統,在苗栗縣各投開票所,苗栗縣,　苗栗市,水源里,0341,40,535,397,972,11,983,0,983,380,1363,72.1203
第15任總統副總統,在苗栗縣各投開票所,苗栗縣,　苗栗市,水源里,0342,28,475,303,806,7,813,0,813,239,1052,77.2814
第15任總統副總統,在苗栗縣各投開票所,苗栗縣,　苗栗市,勝利里,0343,22,484,377,883,8,891,0,891,310,1201,74.1882
第15任總統副總統,在苗栗縣各投開票所,苗栗縣,　苗栗市,勝利里,0344,35,470,307,812,7,819,0,819,257,1076,76.1152
第15任總統副總統,在苗栗縣各投開票所,苗栗縣,　苗栗市,勝利里,0345,31,342,240,613,1,614,0,614,165,779,78.8190
第15任總統副總統,在苗栗縣各投開票所,苗栗縣,　苗栗市,勝利里,0346,21,301,235,557,2,559,0,559,192,751,74.4341
第15任總統副總統,在苗栗縣各投開票所,苗栗縣,　苗栗市,清華里,0347,32,410,320,762,7,769,0,769,217,986,77.9919
第15任總統副總統,在苗栗縣各投開票所,苗栗縣,　苗栗市,清華里,0348,31,476,304,811,11,822,0,822,290,1112,73.9209
第15任總統副總統,在苗栗縣各投開票所,苗栗縣,　苗栗市,清華里,0349,37,389,294,720,8,728,0,728,234,962,75.6757
第15任總統副總統,在苗栗縣各投開票所,苗栗縣,　苗栗市,上苗里,0350,11,237,176,424,3,427,0,427,149,576,74.1319
第15任總統副總統,在苗栗縣各投開票所,苗栗縣,　苗栗市,上苗里,0351,39,369,318,726,7,733,0,733,220,953,76.9150
第15任總統副總統,在苗栗縣各投開票所,苗栗縣,　苗栗市,北苗里,0352,28,508,348,884,13,897,0,897,302,1199,74.8123
第15任總統副總統,在苗栗縣各投開票所,苗栗縣,　苗栗市,北苗里,0353,45,562,413,1020,10,1030,0,1030,318,1348,76.4095
第15任總統副總統,在苗栗縣各投開票所,苗栗縣,　苗栗市,北苗里,0354,44,499,323,866,11,877,0,877,295,1172,74.8294
第15任總統副總統,在苗栗縣各投開票所,苗栗縣,　苗栗市,北苗里,0355,37,513,360,910,13,923,0,923,296,1219,75.7178
第15任總統副總統,在苗栗縣各投開票所,苗栗縣,　苗栗市,嘉盛里,0356,47,499,334,880,11,891,0,891,293,1184,75.2534
第15任總統副總統,在苗栗縣各投開票所,苗栗縣,　苗栗市,嘉盛里,0357,35,426,305,766,12,778,0,778,265,1043,74.5925
第15任總統副總統,在苗栗縣各投開票所,苗栗縣,　苗栗市,嘉盛里,0358,48,494,291,833,8,841,0,841,301,1142,73.6427
第15任總統副總統,在苗栗縣各投開票所,苗栗縣,　苗栗市,福星里,0359,47,563,362,972,7,979,0,979,381,1360,71.9853
第15任總統副總統,在苗栗縣各投開票所,苗栗縣,　苗栗市,福星里,0360,34,527,398,959,17,976,0,976,342,1318,74.0516
第15任總統副總統,在苗栗縣各投開票所,苗栗縣,　苗栗市,福星里,0361,45,534,408,987,11,998,0,998,348,1346,74.1456
第15任總統副總統,在苗栗縣各投開票所,苗栗縣,　苗栗市,福安里,0362,38,477,360,875,8,883,1,884,285,1169,75.5346
第15任總統副總統,在苗栗縣各投開票所,苗栗縣,　苗栗市,福安里,0363,27,410,293,730,10,740,0,740,248,988,74.8988
第15任總統副總統,在苗栗縣各投開票所,苗栗縣,　苗栗市,福安里,0364,42,440,321,803,11,814,0,814,333,1147,70.9677
第15任總統副總統,在苗栗縣各投開票所,苗栗縣,　苗栗市,嘉新里,0365,30,435,289,754,3,757,0,757,251,1008,75.0992
第15任總統副總統,在苗栗縣各投開票所,苗栗縣,　苗栗市,嘉新里,0366,27,388,231,646,7,653,0,653,190,843,77.4614
第15任總統副總統,在苗栗縣各投開票所,苗栗縣,　苗栗市,嘉新里,0367,30,418,287,735,7,742,0,742,193,935,79.3583
第15任總統副總統,在苗栗縣各投開票所,苗栗縣,　苗栗市,建功里,0368,45,421,266,732,9,741,0,741,234,975,76.0000
第15任總統副總統,在苗栗縣各投開票所,苗栗縣,　苗栗市,建功里,0369,33,396,318,747,14,761,0,761,214,975,78.0513
第15任總統副總統,在苗栗縣各投開票所,苗栗縣,　苗栗市,建功里,0370,30,435,291,756,4,760,0,760,275,1035,73.4300
第15任總統副總統,在苗栗縣各投開票所,苗栗縣,　苗栗市,建功里,0371,29,485,257,771,8,779,0,779,201,980,79.4898
第15任總統副總統,在苗栗縣各投開票所,苗栗縣,　苗栗市,福麗里,0372,37,443,276,756,8,764,0,764,313,1077,70.9378
第15任總統副總統,在苗栗縣各投開票所,苗栗縣,　苗栗市,福麗里,0373,41,531,305,877,3,880,0,880,266,1146,76.7888
第15任總統副總統,在苗栗縣各投開票所,苗栗縣,　苗栗市,福麗里,0374,55,650,422,1127,10,1137,0,1137,325,1462,77.7702
第15任總統副總統,在苗栗縣各投開票所,苗栗縣,　苗栗市,福麗里,0375,44,529,388,961,18,979,0,979,526,1505,65.0498
第15任總統副總統,在苗栗縣各投開票所,苗栗縣,　苗栗市,文山里,0376,40,489,306,835,2,837,0,837,275,1112,75.2698
第15任總統副總統,在苗栗縣各投開票所,苗栗縣,　苗栗市,文山里,0377,37,492,395,924,6,930,0,930,295,1225,75.9184
第15任總統副總統,在苗栗縣各投開票所,苗栗縣,　苗栗市,文山里,0378,50,538,387,975,12,987,0,987,281,1268,77.8391
第15任總統副總統,在苗栗縣各投開票所,苗栗縣,　苗栗市,文聖里,0379,39,555,340,934,7,941,0,941,298,1239,75.9483
第15任總統副總統,在苗栗縣各投開票所,苗栗縣,　苗栗市,文聖里,0380,48,528,389,965,9,974,0,974,330,1304,74.6933
第15任總統副總統,在苗栗縣各投開票所,苗栗縣,　苗栗市,文聖里,0381,32,302,262,596,7,603,0,603,259,862,69.9536
第15任總統副總統,在苗栗縣各投開票所,苗栗縣,　苗栗市,新川里,0382,25,420,331,776,9,785,0,785,345,1130,69.4690
第15任總統副總統,在苗栗縣各投開票所,苗栗縣,　苗栗市,南勢里,0383,29,376,312,717,9,726,0,726,307,1033,70.2807
第15任總統副總統,在苗栗縣各投開票所,苗栗縣,　苗栗市,南勢里,0384,24,374,219,617,5,622,0,622,257,879,70.7622
第15任總統副總統,在苗栗縣各投開票所,苗栗縣,　苗栗市,新英里,0385,20,311,179,510,9,519,0,519,255,774,67.0543
第15任總統副總統,在苗栗縣各投開票所,苗栗縣,　苗栗市,新英里,0386,26,318,264,608,5,613,0,613,224,837,73.2378
第15任總統副總統,在苗栗縣各投開票所,苗栗縣,　苑裡鎮,苑東里,0172,26,229,367,622,7,629,0,629,198,827,76.0580
第15任總統副總統,在苗栗縣各投開票所,苗栗縣,　苑裡鎮,苑東里,0173,34,346,568,948,8,956,0,956,299,1255,76.1753
第15任總統副總統,在苗栗縣各投開票所,苗栗縣,　苑裡鎮,苑南里,0174,14,246,314,574,4,578,0,578,171,749,77.1696
第15任總統副總統,在苗栗縣各投開票所,苗栗縣,　苑裡鎮,苑南里,0175,39,153,296,488,5,493,0,493,218,711,69.3390
第15任總統副總統,在苗栗縣各投開票所,苗栗縣,　苑裡鎮,苑北里,0176,26,220,405,651,1,652,1,653,212,865,75.3757
第15任總統副總統,在苗栗縣各投開票所,苗栗縣,　苑裡鎮,西平里,0177,25,190,361,576,7,583,0,583,187,770,75.7143
第15任總統副總統,在苗栗縣各投開票所,苗栗縣,　苑裡鎮,西平里,0178,20,159,366,545,7,552,0,552,191,743,74.2934
第15任總統副總統,在苗栗縣各投開票所,苗栗縣,　苑裡鎮,苑港里,0179,43,204,629,876,7,883,0,883,301,1184,74.5777
第15任總統副總統,在苗栗縣各投開票所,苗栗縣,　苑裡鎮,西勢里,0180,32,289,528,849,8,857,0,857,250,1107,77.4164
第15任總統副總統,在苗栗縣各投開票所,苗栗縣,　苑裡鎮,西勢里,0181,25,190,375,590,10,600,0,600,220,820,73.1707
第15任總統副總統,在苗栗縣各投開票所,苗栗縣,　苑裡鎮,海岸里,0182,26,205,447,678,14,692,0,692,326,1018,67.9764
第15任總統副總統,在苗栗縣各投開票所,苗栗縣,　苑裡鎮,房裡里,0183,28,284,471,783,7,790,0,790,295,1085,72.8111
第15任總統副總統,在苗栗縣各投開票所,苗栗縣,　苑裡鎮,房裡里,0184,33,231,537,801,5,806,0,806,287,1093,73.7420
第15任總統副總統,在苗栗縣各投開票所,苗栗縣,　苑裡鎮,客庄里,0185,46,373,636,1055,14,1069,0,1069,328,1397,76.5211
第15任總統副總統,在苗栗縣各投開票所,苗栗縣,　苑裡鎮,客庄里,0186,43,328,520,891,5,896,0,896,296,1192,75.1678
第15任總統副總統,在苗栗縣各投開票所,苗栗縣,　苑裡鎮,客庄里,0187,46,328,494,868,17,885,0,885,289,1174,75.3833
第15任總統副總統,在苗栗縣各投開票所,苗栗縣,　苑裡鎮,中正里,0188,24,247,507,778,9,787,0,787,260,1047,75.1671
第15任總統副總統,在苗栗縣各投開票所,苗栗縣,　苑裡鎮,中正里,0189,36,287,447,770,5,775,0,775,275,1050,73.8095
第15任總統副總統,在苗栗縣各投開票所,苗栗縣,　苑裡鎮,苑坑里,0190,18,166,415,599,8,607,0,607,275,882,68.8209
第15任總統副總統,在苗栗縣各投開票所,苗栗縣,　苑裡鎮,水坡里,0191,19,145,305,469,2,471,0,471,153,624,75.4808
第15任總統副總統,在苗栗縣各投開票所,苗栗縣,　苑裡鎮,新復里,0192,51,344,568,963,10,973,0,973,341,1314,74.0487
第15任總統副總統,在苗栗縣各投開票所,苗栗縣,　苑裡鎮,山脚里,0193,20,162,360,542,4,546,0,546,174,720,75.8333
第15任總統副總統,在苗栗縣各投開票所,苗栗縣,　苑裡鎮,山脚里,0194,23,193,247,463,5,468,0,468,182,650,72.0000
第15任總統副總統,在苗栗縣各投開票所,苗栗縣,　苑裡鎮,舊社里,0195,33,229,357,619,8,627,0,627,232,859,72.9919
第15任總統副總統,在苗栗縣各投開票所,苗栗縣,　苑裡鎮,舊社里,0196,45,232,366,643,6,649,0,649,235,884,73.4163
第15任總統副總統,在苗栗縣各投開票所,苗栗縣,　苑裡鎮,福田里,0197,41,293,543,877,16,893,0,893,337,1230,72.6016
第15任總統副總統,在苗栗縣各投開票所,苗栗縣,　苑裡鎮,石鎮里,0198,11,145,226,382,3,385,0,385,135,520,74.0385
第15任總統副總統,在苗栗縣各投開票所,苗栗縣,　苑裡鎮,蕉埔里,0199,32,252,284,568,8,576,0,576,177,753,76.4940
第15任總統副總統,在苗栗縣各投開票所,苗栗縣,　苑裡鎮,南勢里,0200,21,150,291,462,7,469,0,469,204,673,69.6880
第15任總統副總統,在苗栗縣各投開票所,苗栗縣,　苑裡鎮,泰田里,0201,21,181,395,597,15,612,0,612,211,823,74.3621
第15任總統副總統,在苗栗縣各投開票所,苗栗縣,　苑裡鎮,泰田里,0202,27,164,376,567,4,571,0,571,198,769,74.2523
第15任總統副總統,在苗栗縣各投開票所,苗栗縣,　苑裡鎮,上舘里,0203,22,239,258,519,7,526,0,526,246,772,68.1347
第15任總統副總統,在苗栗縣各投開票所,苗栗縣,　苑裡鎮,上舘里,0204,32,194,361,587,22,609,0,609,219,828,73.5507
第15任總統副總統,在苗栗縣各投開票所,苗栗縣,　苑裡鎮,玉田里,0205,27,172,371,570,8,578,0,578,209,787,73.4435
第15任總統副總統,在苗栗縣各投開票所,苗栗縣,　苑裡鎮,玉田里,0206,29,239,371,639,9,648,0,648,281,929,69.7524
第15任總統副總統,在苗栗縣各投開票所,苗栗縣,　苑裡鎮,社苓里,0207,24,267,501,792,6,798,0,798,242,1040,76.7308
第15任總統副總統,在苗栗縣各投開票所,苗栗縣,　苑裡鎮,社苓里,0208,35,293,534,862,12,874,0,874,337,1211,72.1718
第15任總統副總統,在苗栗縣各投開票所,苗栗縣,　苑裡鎮,山柑里,0209,59,335,549,943,17,960,0,960,404,1364,70.3812
第15任總統副總統,在苗栗縣各投開票所,苗栗縣,　苑裡鎮,田心里,0210,43,257,410,710,9,719,0,719,219,938,76.6525
第15任總統副總統,在苗栗縣各投開票所,苗栗縣,　苑裡鎮,田心里,0211,32,188,402,622,8,630,0,630,224,854,73.7705
第15任總統副總統,在苗栗縣各投開票所,苗栗縣,　通霄鎮,通東里,0122,31,319,439,789,5,794,0,794,304,1098,72.3133
第15任總統副總統,在苗栗縣各投開票所,苗栗縣,　通霄鎮,通西里,0123,23,261,366,650,6,656,0,656,187,843,77.8173
第15任總統副總統,在苗栗縣各投開票所,苗栗縣,　通霄鎮,通西里,0124,33,341,398,772,9,781,0,781,249,1030,75.8252
第15任總統副總統,在苗栗縣各投開票所,苗栗縣,　通霄鎮,平元里,0125,24,278,440,742,6,748,0,748,209,957,78.1609
第15任總統副總統,在苗栗縣各投開票所,苗栗縣,　通霄鎮,平元里,0126,26,226,397,649,6,655,0,655,171,826,79.2978
第15任總統副總統,在苗栗縣各投開票所,苗栗縣,　通霄鎮,平安里,0127,37,252,435,724,6,730,0,730,259,989,73.8119
第15任總統副總統,在苗栗縣各投開票所,苗栗縣,　通霄鎮,平安里,0128,33,251,377,661,15,676,0,676,295,971,69.6189
第15任總統副總統,在苗栗縣各投開票所,苗栗縣,　通霄鎮,圳頭里,0129,25,205,255,485,6,491,0,491,171,662,74.1692
第15任總統副總統,在苗栗縣各投開票所,苗栗縣,　通霄鎮,梅南里,0130,15,216,318,549,7,556,0,556,182,738,75.3388
第15任總統副總統,在苗栗縣各投開票所,苗栗縣,　通霄鎮,梅南里,0131,33,154,359,546,7,553,0,553,212,765,72.2876
第15任總統副總統,在苗栗縣各投開票所,苗栗縣,　通霄鎮,通南里,0132,29,279,376,684,5,689,0,689,238,927,74.3258
第15任總統副總統,在苗栗縣各投開票所,苗栗縣,　通霄鎮,通南里,0133,28,254,364,646,6,652,0,652,300,952,68.4874
第15任總統副總統,在苗栗縣各投開票所,苗栗縣,　通霄鎮,通南里,0134,18,188,292,498,8,506,0,506,242,748,67.6471
第15任總統副總統,在苗栗縣各投開票所,苗栗縣,　通霄鎮,內湖里,0135,15,205,272,492,8,500,0,500,228,728,68.6813
第15任總統副總統,在苗栗縣各投開票所,苗栗縣,　通霄鎮,內湖里,0136,25,287,423,735,9,744,0,744,303,1047,71.0602
第15任總統副總統,在苗栗縣各投開票所,苗栗縣,　通霄鎮,楓樹里,0137,18,131,127,276,10,286,0,286,152,438,65.2968
第15任總統副總統,在苗栗縣各投開票所,苗栗縣,　通霄鎮,烏眉里,0138,26,324,242,592,8,600,0,600,255,855,70.1754
第15任總統副總統,在苗栗縣各投開票所,苗栗縣,　通霄鎮,福龍里,0139,9,156,89,254,1,255,0,255,136,391,65.2174
第15任總統副總統,在苗栗縣各投開票所,苗栗縣,　通霄鎮,福源里,0140,30,212,263,505,6,511,0,511,242,753,67.8619
第15任總統副總統,在苗栗縣各投開票所,苗栗縣,　通霄鎮,城北里,0141,30,189,264,483,12,495,0,495,153,648,76.3889
第15任總統副總統,在苗栗縣各投開票所,苗栗縣,　通霄鎮,城南里,0142,21,228,370,619,2,621,0,621,281,902,68.8470
第15任總統副總統,在苗栗縣各投開票所,苗栗縣,　通霄鎮,南和里,0143,20,219,309,548,3,551,0,551,211,762,72.3097
第15任總統副總統,在苗栗縣各投開票所,苗栗縣,　通霄鎮,福興里,0144,21,190,223,434,3,437,0,437,201,638,68.4953
第15任總統副總統,在苗栗縣各投開票所,苗栗縣,　通霄鎮,坪頂里,0145,45,358,428,831,7,838,0,838,333,1171,71.5628
第15任總統副總統,在苗栗縣各投開票所,苗栗縣,　通霄鎮,五南里,0146,40,400,475,915,10,925,0,925,318,1243,74.4167
第15任總統副總統,在苗栗縣各投開票所,苗栗縣,　通霄鎮,五北里,0147,26,166,250,442,5,447,0,447,186,633,70.6161
第15任總統副總統,在苗栗縣各投開票所,苗栗縣,　通霄鎮,五北里,0148,28,155,372,555,5,560,0,560,187,747,74.9665
第15任總統副總統,在苗栗縣各投開票所,苗栗縣,　通霄鎮,通灣里,0149,29,271,421,721,11,732,0,732,357,1089,67.2176
第15任總統副總統,在苗栗縣各投開票所,苗栗縣,　通霄鎮,通灣里,0150,43,308,383,734,9,743,0,743,344,1087,68.3533
第15任總統副總統,在苗栗縣各投開票所,苗栗縣,　通霄鎮,新埔里,0151,29,190,516,735,10,745,0,745,339,1084,68.7269
第15任總統副總統,在苗栗縣各投開票所,苗栗縣,　通霄鎮,內島里,0152,19,179,320,518,4,522,0,522,209,731,71.4090
第15任總統副總統,在苗栗縣各投開票所,苗栗縣,　通霄鎮,白東里,0153,16,172,232,420,5,425,0,425,169,594,71.5488
第15任總統副總統,在苗栗縣各投開票所,苗栗縣,　通霄鎮,白東里,0154,23,207,311,541,10,551,0,551,220,771,71.4656
第15任總統副總統,在苗栗縣各投開票所,苗栗縣,　通霄鎮,白西里,0155,25,181,289,495,9,504,0,504,200,704,71.5909
第15任總統副總統,在苗栗縣各投開票所,苗栗縣,　竹南鎮,竹南里,0001,32,343,403,778,6,784,0,784,188,972,80.6584
第15任總統副總統,在苗栗縣各投開票所,苗栗縣,　竹南鎮,竹南里,0002,20,327,326,673,5,678,0,678,210,888,76.3514
第15任總統副總統,在苗栗縣各投開票所,苗栗縣,　竹南鎮,照南里,0003,49,273,409,731,8,739,0,739,271,1010,73.1683
第15任總統副總統,在苗栗縣各投開票所,苗栗縣,　竹南鎮,照南里,0004,52,447,486,985,14,999,0,999,220,1219,81.9524
第15任總統副總統,在苗栗縣各投開票所,苗栗縣,　竹南鎮,照南里,0005,28,305,442,775,20,795,0,795,195,990,80.3030
第15任總統副總統,在苗栗縣各投開票所,苗栗縣,　竹南鎮,正南里,0006,44,427,580,1051,11,1062,0,1062,361,1423,74.6311
第15任總統副總統,在苗栗縣各投開票所,苗栗縣,　竹南鎮,正南里,0007,40,339,422,801,4,805,0,805,441,1246,64.6067
第15任總統副總統,在苗栗縣各投開票所,苗栗縣,　竹南鎮,新南里,0008,56,379,412,847,9,856,0,856,288,1144,74.8252
第15任總統副總統,在苗栗縣各投開票所,苗栗縣,　竹南鎮,新南里,0009,37,359,401,797,7,804,0,804,235,1039,77.3821
第15任總統副總統,在苗栗縣各投開票所,苗栗縣,　竹南鎮,新南里,0010,41,358,451,850,13,863,0,863,242,1105,78.0995
第15任總統副總統,在苗栗縣各投開票所,苗栗縣,　竹南鎮,新南里,0011,56,372,487,915,11,926,0,926,283,1209,76.5922
第15任總統副總統,在苗栗縣各投開票所,苗栗縣,　竹南鎮,大厝里,0012,50,392,464,906,10,916,0,916,284,1200,76.3333
第15任總統副總統,在苗栗縣各投開票所,苗栗縣,　竹南鎮,大厝里,0013,47,409,495,951,7,958,0,958,263,1221,78.4603
第15任總統副總統,在苗栗縣各投開票所,苗栗縣,　竹南鎮,大厝里,0014,30,214,261,505,6,511,0,511,136,647,78.9799
第15任總統副總統,在苗栗縣各投開票所,苗栗縣,　竹南鎮,大厝里,0015,64,366,406,836,5,841,0,841,251,1092,77.0147
第15任總統副總統,在苗栗縣各投開票所,苗栗縣,　竹南鎮,大厝里,0016,41,338,329,708,9,717,0,717,206,923,77.6815
第15任總統副總統,在苗栗縣各投開票所,苗栗縣,　竹南鎮,營盤里,0017,47,284,421,752,10,762,0,762,234,996,76.5060
第15任總統副總統,在苗栗縣各投開票所,苗栗縣,　竹南鎮,營盤里,0018,43,340,452,835,9,844,0,844,247,1091,77.3602
第15任總統副總統,在苗栗縣各投開票所,苗栗縣,　竹南鎮,營盤里,0019,60,392,519,971,13,984,0,984,301,1285,76.5759
第15任總統副總統,在苗栗縣各投開票所,苗栗縣,　竹南鎮,聖福里,0020,56,376,413,845,6,851,0,851,264,1115,76.3229
第15任總統副總統,在苗栗縣各投開票所,苗栗縣,　竹南鎮,聖福里,0021,31,388,391,810,10,820,0,820,230,1050,78.0952
第15任總統副總統,在苗栗縣各投開票所,苗栗縣,　竹南鎮,聖福里,0022,38,381,413,832,13,845,0,845,250,1095,77.1689
第15任總統副總統,在苗栗縣各投開票所,苗栗縣,　竹南鎮,竹興里,0023,48,390,424,862,8,870,0,870,332,1202,72.3794
第15任總統副總統,在苗栗縣各投開票所,苗栗縣,　竹南鎮,竹興里,0024,25,262,352,639,8,647,0,647,276,923,70.0975
第15任總統副總統,在苗栗縣各投開票所,苗栗縣,　竹南鎮,竹興里,0025,39,278,374,691,9,700,0,700,290,990,70.7071
第15任總統副總統,在苗栗縣各投開票所,苗栗縣,　竹南鎮,龍山里,0026,68,371,434,873,8,881,0,881,229,1110,79.3694
第15任總統副總統,在苗栗縣各投開票所,苗栗縣,　竹南鎮,龍山里,0027,48,329,441,818,10,828,0,828,248,1076,76.9517
第15任總統副總統,在苗栗縣各投開票所,苗栗縣,　竹南鎮,天文里,0028,64,453,441,958,7,965,0,965,295,1260,76.5873
第15任總統副總統,在苗栗縣各投開票所,苗栗縣,　竹南鎮,天文里,0029,28,265,313,606,6,612,0,612,201,813,75.2768
第15任總統副總統,在苗栗縣各投開票所,苗栗縣,　竹南鎮,龍鳳里,0030,37,327,389,753,8,761,0,761,272,1033,73.6689
第15任總統副總統,在苗栗縣各投開票所,苗栗縣,　竹南鎮,龍鳳里,0031,43,349,348,740,5,745,0,745,259,1004,74.2032
第15任總統副總統,在苗栗縣各投開票所,苗栗縣,　竹南鎮,山佳里,0032,48,314,407,769,9,778,0,778,354,1132,68.7279
第15任總統副總統,在苗栗縣各投開票所,苗栗縣,　竹南鎮,山佳里,0033,49,349,356,754,8,762,0,762,232,994,76.6600
第15任總統副總統,在苗栗縣各投開票所,苗栗縣,　竹南鎮,山佳里,0034,62,415,374,851,9,860,0,860,382,1242,69.2432
第15任總統副總統,在苗栗縣各投開票所,苗栗縣,　竹南鎮,山佳里,0035,53,386,398,837,9,846,0,846,336,1182,71.5736
第15任總統副總統,在苗栗縣各投開票所,苗栗縣,　竹南鎮,佳興里,0036,42,342,450,834,9,843,0,843,261,1104,76.3587
第15任總統副總統,在苗栗縣各投開票所,苗栗縣,　竹南鎮,佳興里,0037,35,340,409,784,10,794,0,794,252,1046,75.9082
第15任總統副總統,在苗栗縣各投開票所,苗栗縣,　竹南鎮,佳興里,0038,56,299,331,686,4,690,0,690,255,945,73.0159
第15任總統副總統,在苗栗縣各投開票所,苗栗縣,　竹南鎮,中港里,0039,32,350,396,778,10,788,0,788,241,1029,76.5792
第15任總統副總統,在苗栗縣各投開票所,苗栗縣,　竹南鎮,中華里,0040,42,239,351,632,3,635,0,635,195,830,76.5060
第15任總統副總統,在苗栗縣各投開票所,苗栗縣,　竹南鎮,中華里,0041,26,265,281,572,6,578,0,578,220,798,72.4311
第15任總統副總統,在苗栗縣各投開票所,苗栗縣,　竹南鎮,中華里,0042,42,373,451,866,6,872,0,872,231,1103,79.0571
第15任總統副總統,在苗栗縣各投開票所,苗栗縣,　竹南鎮,中英里,0043,34,251,303,588,3,591,0,591,189,780,75.7692
第15任總統副總統,在苗栗縣各投開票所,苗栗縣,　竹南鎮,中英里,0044,40,234,223,497,3,500,0,500,163,663,75.4148
第15任總統副總統,在苗栗縣各投開票所,苗栗縣,　竹南鎮,中美里,0045,39,314,360,713,5,718,0,718,235,953,75.3410
第15任總統副總統,在苗栗縣各投開票所,苗栗縣,　竹南鎮,中美里,0046,34,294,353,681,13,694,0,694,254,948,73.2068
第15任總統副總統,在苗栗縣各投開票所,苗栗縣,　竹南鎮,開元里,0047,47,309,417,773,8,781,0,781,272,1053,74.1690
第15任總統副總統,在苗栗縣各投開票所,苗栗縣,　竹南鎮,海口里,0048,58,377,541,976,8,984,0,984,343,1327,74.1522
第15任總統副總統,在苗栗縣各投開票所,苗栗縣,　竹南鎮,海口里,0049,46,390,500,936,12,948,0,948,391,1339,70.7991
第15任總統副總統,在苗栗縣各投開票所,苗栗縣,　竹南鎮,海口里,0050,62,316,476,854,4,858,0,858,313,1171,73.2707
第15任總統副總統,在苗栗縣各投開票所,苗栗縣,　竹南鎮,港墘里,0051,41,252,310,603,6,609,0,609,200,809,75.2781
第15任總統副總統,在苗栗縣各投開票所,苗栗縣,　竹南鎮,港墘里,0052,29,261,288,578,9,587,0,587,167,754,77.8515
第15任總統副總統,在苗栗縣各投開票所,苗栗縣,　竹南鎮,港墘里,0053,14,161,235,410,17,427,0,427,100,527,81.0247
第15任總統副總統,在苗栗縣各投開票所,苗栗縣,　竹南鎮,公舘里,0054,38,415,352,805,3,808,0,808,324,1132,71.3781
第15任總統副總統,在苗栗縣各投開票所,苗栗縣,　竹南鎮,大埔里,0055,75,517,562,1154,14,1168,0,1168,460,1628,71.7445
第15任總統副總統,在苗栗縣各投開票所,苗栗縣,　竹南鎮,大埔里,0056,63,419,521,1003,3,1006,0,1006,429,1435,70.1045
第15任總統副總統,在苗栗縣各投開票所,苗栗縣,　竹南鎮,大埔里,0057,30,292,471,793,12,805,0,805,323,1128,71.3652
第15任總統副總統,在苗栗縣各投開票所,苗栗縣,　竹南鎮,頂埔里,0058,34,356,432,822,5,827,0,827,286,1113,74.3037
第15任總統副總統,在苗栗縣各投開票所,苗栗縣,　竹南鎮,頂埔里,0059,28,299,390,717,12,729,0,729,227,956,76.2552
第15任總統副總統,在苗栗縣各投開票所,苗栗縣,　竹南鎮,崎頂里,0060,18,203,159,380,3,383,0,383,117,500,76.6000
第15任總統副總統,在苗栗縣各投開票所,苗栗縣,　竹南鎮,崎頂里,0061,35,337,350,722,9,731,0,731,276,1007,72.5919
第15任總統副總統,在苗栗縣各投開票所,苗栗縣,　竹南鎮,崎頂里,0062,22,215,391,628,7,635,0,635,207,842,75.4157
第15任總統副總統,在苗栗縣各投開票所,苗栗縣,　竹南鎮,崎頂里,0063,47,387,466,900,8,908,0,908,374,1282,70.8268
第15任總統副總統,在苗栗縣各投開票所,苗栗縣,　竹南鎮,公義里,0064,35,291,436,762,10,772,0,772,229,1001,77.1229
第15任總統副總統,在苗栗縣各投開票所,苗栗縣,　頭份市,流東里,0228,26,342,261,629,11,640,0,640,259,899,71.1902
第15任總統副總統,在苗栗縣各投開票所,苗栗縣,　頭份市,流東里,0229,57,481,304,842,17,859,0,859,379,1238,69.3861
第15任總統副總統,在苗栗縣各投開票所,苗栗縣,　頭份市,珊湖里,0230,32,401,213,646,8,654,0,654,230,884,73.9819
第15任總統副總統,在苗栗縣各投開票所,苗栗縣,　頭份市,珊湖里,0231,23,314,247,584,5,589,0,589,234,823,71.5674
第15任總統副總統,在苗栗縣各投開票所,苗栗縣,　頭份市,斗煥里,0232,35,432,290,757,1,758,0,758,284,1042,72.7447
第15任總統副總統,在苗栗縣各投開票所,苗栗縣,　頭份市,斗煥里,0233,43,362,195,600,10,610,0,610,230,840,72.6190
第15任總統副總統,在苗栗縣各投開票所,苗栗縣,　頭份市,斗煥里,0234,46,378,267,691,12,703,0,703,291,994,70.7243
第15任總統副總統,在苗栗縣各投開票所,苗栗縣,　頭份市,新華里,0235,51,464,317,832,5,837,0,837,243,1080,77.5000
第15任總統副總統,在苗栗縣各投開票所,苗栗縣,　頭份市,新華里,0236,31,419,247,697,9,706,0,706,289,995,70.9548
第15任總統副總統,在苗栗縣各投開票所,苗栗縣,　頭份市,新華里,0237,59,635,376,1070,8,1078,0,1078,429,1507,71.5328
第15任總統副總統,在苗栗縣各投開票所,苗栗縣,　頭份市,興隆里,0238,21,398,273,692,5,697,1,698,191,889,78.4027
第15任總統副總統,在苗栗縣各投開票所,苗栗縣,　頭份市,興隆里,0239,46,402,347,795,10,805,0,805,353,1158,69.5164
第15任總統副總統,在苗栗縣各投開票所,苗栗縣,　頭份市,興隆里,0240,51,611,416,1078,8,1086,0,1086,365,1451,74.8449
第15任總統副總統,在苗栗縣各投開票所,苗栗縣,　頭份市,興隆里,0241,41,252,283,576,5,581,0,581,174,755,76.9536
第15任總統副總統,在苗栗縣各投開票所,苗栗縣,　頭份市,上埔里,0242,43,617,346,1006,13,1019,0,1019,334,1353,75.3141
第15任總統副總統,在苗栗縣各投開票所,苗栗縣,　頭份市,上埔里,0243,38,456,307,801,11,812,0,812,362,1174,69.1652
第15任總統副總統,在苗栗縣各投開票所,苗栗縣,　頭份市,土牛里,0244,39,345,319,703,8,711,0,711,239,950,74.8421
第15任總統副總統,在苗栗縣各投開票所,苗栗縣,　頭份市,頭份里,0245,34,339,252,625,8,633,0,633,223,856,73.9486
第15任總統副總統,在苗栗縣各投開票所,苗栗縣,　頭份市,頭份里,0246,44,462,316,822,9,831,0,831,295,1126,73.8011
第15任總統副總統,在苗栗縣各投開票所,苗栗縣,　頭份市,頭份里,0247,56,453,388,897,9,906,0,906,309,1215,74.5679
第15任總統副總統,在苗栗縣各投開票所,苗栗縣,　頭份市,忠孝里,0248,31,380,259,670,5,675,0,675,199,874,77.2311
第15任總統副總統,在苗栗縣各投開票所,苗栗縣,　頭份市,忠孝里,0249,52,454,335,841,10,851,0,851,258,1109,76.7358
第15任總統副總統,在苗栗縣各投開票所,苗栗縣,　頭份市,忠孝里,0250,37,412,292,741,6,747,0,747,236,983,75.9919
第15任總統副總統,在苗栗縣各投開票所,苗栗縣,　頭份市,自強里,0251,31,369,296,696,10,706,0,706,244,950,74.3158
第15任總統副總統,在苗栗縣各投開票所,苗栗縣,　頭份市,自強里,0252,41,352,286,679,4,683,0,683,311,994,68.7123
第15任總統副總統,在苗栗縣各投開票所,苗栗縣,　頭份市,信義里,0253,16,286,218,520,11,531,0,531,394,925,57.4054
第15任總統副總統,在苗栗縣各投開票所,苗栗縣,　頭份市,仁愛里,0254,30,350,260,640,11,651,0,651,224,875,74.4000
第15任總統副總統,在苗栗縣各投開票所,苗栗縣,　頭份市,仁愛里,0255,21,247,194,462,3,465,0,465,161,626,74.2812
第15任總統副總統,在苗栗縣各投開票所,苗栗縣,　頭份市,上興里,0256,42,390,247,679,12,691,0,691,245,936,73.8248
第15任總統副總統,在苗栗縣各投開票所,苗栗縣,　頭份市,上興里,0257,33,341,310,684,4,688,0,688,414,1102,62.4319
第15任總統副總統,在苗栗縣各投開票所,苗栗縣,　頭份市,下興里,0258,51,512,444,1007,3,1010,0,1010,313,1323,76.3416
第15任總統副總統,在苗栗縣各投開票所,苗栗縣,　頭份市,下興里,0259,34,444,294,772,6,778,0,778,319,1097,70.9207
第15任總統副總統,在苗栗縣各投開票所,苗栗縣,　頭份市,和平里,0260,32,415,347,794,7,801,0,801,209,1010,79.3069
第15任總統副總統,在苗栗縣各投開票所,苗栗縣,　頭份市,山下里,0261,45,542,408,995,11,1006,0,1006,293,1299,77.4442
第15任總統副總統,在苗栗縣各投開票所,苗栗縣,　頭份市,山下里,0262,74,522,493,1089,12,1101,0,1101,378,1479,74.4422
第15任總統副總統,在苗栗縣各投開票所,苗栗縣,　頭份市,山下里,0263,39,404,306,749,3,752,0,752,249,1001,75.1249
第15任總統副總統,在苗栗縣各投開票所,苗栗縣,　頭份市,後庄里,0264,66,461,455,982,14,996,0,996,273,1269,78.4870
第15任總統副總統,在苗栗縣各投開票所,苗栗縣,　頭份市,後庄里,0265,52,462,436,950,7,957,0,957,314,1271,75.2950
第15任總統副總統,在苗栗縣各投開票所,苗栗縣,　頭份市,後庄里,0266,69,462,494,1025,12,1037,0,1037,320,1357,76.4186
第15任總統副總統,在苗栗縣各投開票所,苗栗縣,　頭份市,合興里,0267,53,455,387,895,8,903,0,903,291,1194,75.6281
第15任總統副總統,在苗栗縣各投開票所,苗栗縣,　頭份市,合興里,0268,51,452,409,912,7,919,0,919,302,1221,75.2662
第15任總統副總統,在苗栗縣各投開票所,苗栗縣,　頭份市,文化里,0269,48,400,371,819,6,825,0,825,251,1076,76.6729
第15任總統副總統,在苗栗縣各投開票所,苗栗縣,　頭份市,文化里,0270,39,395,401,835,10,845,0,845,245,1090,77.5229
第15任總統副總統,在苗栗縣各投開票所,苗栗縣,　頭份市,文化里,0271,54,417,394,865,10,875,0,875,269,1144,76.4860
第15任總統副總統,在苗栗縣各投開票所,苗栗縣,　頭份市,中興里,0272,61,499,372,932,17,949,0,949,353,1302,72.8879
第15任總統副總統,在苗栗縣各投開票所,苗栗縣,　頭份市,中興里,0273,42,449,469,960,8,968,0,968,342,1310,73.8931
第15任總統副總統,在苗栗縣各投開票所,苗栗縣,　頭份市,蟠桃里,0274,43,350,398,791,4,795,0,795,272,1067,74.5080
第15任總統副總統,在苗栗縣各投開票所,苗栗縣,　頭份市,蟠桃里,0275,42,429,325,796,4,800,0,800,272,1072,74.6269
第15任總統副總統,在苗栗縣各投開票所,苗栗縣,　頭份市,蟠桃里,0276,45,305,304,654,12,666,0,666,292,958,69.5198
第15任總統副總統,在苗栗縣各投開票所,苗栗縣,　頭份市,建國里,0277,49,468,385,902,3,905,0,905,334,1239,73.0428
第15任總統副總統,在苗栗縣各投開票所,苗栗縣,　頭份市,建國里,0278,41,428,361,830,5,835,0,835,255,1090,76.6055
第15任總統副總統,在苗栗縣各投開票所,苗栗縣,　頭份市,建國里,0279,34,416,338,788,5,793,0,793,218,1011,78.4372
第15任總統副總統,在苗栗縣各投開票所,苗栗縣,　頭份市,成功里,0280,42,468,310,820,8,828,0,828,284,1112,74.4604
第15任總統副總統,在苗栗縣各投開票所,苗栗縣,　頭份市,成功里,0281,57,460,403,920,6,926,0,926,276,1202,77.0383
第15任總統副總統,在苗栗縣各投開票所,苗栗縣,　頭份市,成功里,0282,42,470,324,836,10,846,0,846,270,1116,75.8065
第15任總統副總統,在苗栗縣各投開票所,苗栗縣,　頭份市,民族里,0283,41,460,306,807,9,816,0,816,300,1116,73.1183
第15任總統副總統,在苗栗縣各投開票所,苗栗縣,　頭份市,民族里,0284,25,352,264,641,10,651,0,651,180,831,78.3394
第15任總統副總統,在苗栗縣各投開票所,苗栗縣,　頭份市,民權里,0285,37,383,368,788,8,796,0,796,245,1041,76.4649
第15任總統副總統,在苗栗縣各投開票所,苗栗縣,　頭份市,民權里,0286,38,400,314,752,11,763,0,763,263,1026,74.3665
第15任總統副總統,在苗栗縣各投開票所,苗栗縣,　頭份市,東庄里,0287,46,474,332,852,7,859,0,859,277,1136,75.6162
第15任總統副總統,在苗栗縣各投開票所,苗栗縣,　頭份市,東庄里,0288,24,495,315,834,5,839,0,839,329,1168,71.8322
第15任總統副總統,在苗栗縣各投開票所,苗栗縣,　頭份市,東庄里,0289,56,535,514,1105,11,1116,0,1116,384,1500,74.4000
第15任總統副總統,在苗栗縣各投開票所,苗栗縣,　頭份市,田寮里,0290,40,446,353,839,4,843,0,843,286,1129,74.6678
第15任總統副總統,在苗栗縣各投開票所,苗栗縣,　頭份市,田寮里,0291,44,547,449,1040,5,1045,0,1045,349,1394,74.9641
第15任總統副總統,在苗栗縣各投開票所,苗栗縣,　頭份市,田寮里,0292,53,491,439,983,17,1000,0,1000,352,1352,73.9645
第15任總統副總統,在苗栗縣各投開票所,苗栗縣,　頭份市,民生里,0293,51,422,272,745,8,753,0,753,289,1042,72.2649
第15任總統副總統,在苗栗縣各投開票所,苗栗縣,　頭份市,民生里,0294,51,461,383,895,12,907,0,907,321,1228,73.8599
第15任總統副總統,在苗栗縣各投開票所,苗栗縣,　頭份市,蘆竹里,0295,46,473,438,957,7,964,0,964,325,1289,74.7867
第15任總統副總統,在苗栗縣各投開票所,苗栗縣,　頭份市,尖山里,0296,43,537,380,960,14,974,0,974,348,1322,73.6762
第15任總統副總統,在苗栗縣各投開票所,苗栗縣,　頭份市,廣興里,0297,27,429,204,660,3,663,0,663,205,868,76.3825
第15任總統副總統,在苗栗縣各投開票所,苗栗縣,　頭份市,尖下里,0298,34,491,286,811,4,815,0,815,292,1107,73.6224
第15任總統副總統,在苗栗縣各投開票所,苗栗縣,　頭份市,尖下里,0299,43,568,355,966,23,989,0,989,380,1369,72.2425
第15任總統副總統,在苗栗縣各投開票所,苗栗縣,　頭份市,濫坑里,0300,27,481,224,732,6,738,0,738,260,998,73.9479
第15任總統副總統,在苗栗縣各投開票所,苗栗縣,　頭份市,濫坑里,0301,45,442,326,813,6,819,0,819,321,1140,71.8421
第15任總統副總統,在苗栗縣各投開票所,苗栗縣,　後龍鎮,南龍里,0077,17,181,189,387,4,391,0,391,161,552,70.8333
第15任總統副總統,在苗栗縣各投開票所,苗栗縣,　後龍鎮,南龍里,0078,22,272,293,587,4,591,0,591,227,818,72.2494
第15任總統副總統,在苗栗縣各投開票所,苗栗縣,　後龍鎮,中龍里,0079,23,227,310,560,3,563,0,563,167,730,77.1233
第15任總統副總統,在苗栗縣各投開票所,苗栗縣,　後龍鎮,北龍里,0080,20,171,301,492,5,497,0,497,157,654,75.9939
第15任總統副總統,在苗栗縣各投開票所,苗栗縣,　後龍鎮,北龍里,0081,19,207,229,455,4,459,0,459,157,616,74.5130
第15任總統副總統,在苗栗縣各投開票所,苗栗縣,　後龍鎮,大庄里,0082,41,340,410,791,9,800,0,800,259,1059,75.5430
第15任總統副總統,在苗栗縣各投開票所,苗栗縣,　後龍鎮,大庄里,0083,35,341,448,824,11,835,0,835,326,1161,71.9208
第15任總統副總統,在苗栗縣各投開票所,苗栗縣,　後龍鎮,大庄里,0084,28,288,360,676,9,685,0,685,261,946,72.4101
第15任總統副總統,在苗栗縣各投開票所,苗栗縣,　後龍鎮,大庄里,0085,31,266,303,600,3,603,0,603,258,861,70.0348
第15任總統副總統,在苗栗縣各投開票所,苗栗縣,　後龍鎮,東明里,0086,23,149,238,410,7,417,0,417,204,621,67.1498
第15任總統副總統,在苗栗縣各投開票所,苗栗縣,　後龍鎮,東明里,0087,29,234,286,549,10,559,0,559,244,803,69.6139
第15任總統副總統,在苗栗縣各投開票所,苗栗縣,　後龍鎮,灣寶里,0088,25,320,509,854,12,866,0,866,346,1212,71.4521
第15任總統副總統,在苗栗縣各投開票所,苗栗縣,　後龍鎮,海寶里,0089,30,244,379,653,8,661,0,661,277,938,70.4691
第15任總統副總統,在苗栗縣各投開票所,苗栗縣,　後龍鎮,豐富里,0090,30,535,335,900,7,907,0,907,277,1184,76.6047
第15任總統副總統,在苗栗縣各投開票所,苗栗縣,　後龍鎮,校椅里,0091,24,406,277,707,8,715,0,715,255,970,73.7113
第15任總統副總統,在苗栗縣各投開票所,苗栗縣,　後龍鎮,埔頂里,0092,30,287,328,645,8,653,0,653,261,914,71.4442
第15任總統副總統,在苗栗縣各投開票所,苗栗縣,　後龍鎮,埔頂里,0093,20,279,342,641,11,652,0,652,224,876,74.4292
第15任總統副總統,在苗栗縣各投開票所,苗栗縣,　後龍鎮,埔頂里,0094,32,260,260,552,10,562,0,562,244,806,69.7270
第15任總統副總統,在苗栗縣各投開票所,苗栗縣,　後龍鎮,新民里,0095,16,252,247,515,5,520,0,520,165,685,75.9124
第15任總統副總統,在苗栗縣各投開票所,苗栗縣,　後龍鎮,新民里,0096,22,201,204,427,8,435,0,435,180,615,70.7317
第15任總統副總統,在苗栗縣各投開票所,苗栗縣,　後龍鎮,復興里,0097,21,222,242,485,7,492,0,492,179,671,73.3234
第15任總統副總統,在苗栗縣各投開票所,苗栗縣,　後龍鎮,大山里,0098,22,219,266,507,5,512,0,512,226,738,69.3767
第15任總統副總統,在苗栗縣各投開票所,苗栗縣,　後龍鎮,大山里,0099,13,184,313,510,7,517,0,517,260,777,66.5380
第15任總統副總統,在苗栗縣各投開票所,苗栗縣,　後龍鎮,溪洲里,0100,32,342,376,750,13,763,0,763,303,1066,71.5760
第15任總統副總統,在苗栗縣各投開票所,苗栗縣,　後龍鎮,溪洲里,0101,29,373,389,791,15,806,0,806,340,1146,70.3316
第15任總統副總統,在苗栗縣各投開票所,苗栗縣,　後龍鎮,外埔里,0102,21,355,290,666,9,675,0,675,334,1009,66.8979
第15任總統副總統,在苗栗縣各投開票所,苗栗縣,　後龍鎮,海埔里,0103,31,232,299,562,11,573,0,573,318,891,64.3098
第15任總統副總統,在苗栗縣各投開票所,苗栗縣,　後龍鎮,秀水里,0104,18,208,277,503,6,509,0,509,174,683,74.5242
第15任總統副總統,在苗栗縣各投開票所,苗栗縣,　後龍鎮,水尾里,0105,22,301,376,699,8,707,0,707,293,1000,70.7000
第15任總統副總統,在苗栗縣各投開票所,苗栗縣,　後龍鎮,龍津里,0106,15,183,210,408,4,412,0,412,172,584,70.5479
第15任總統副總統,在苗栗縣各投開票所,苗栗縣,　後龍鎮,龍坑里,0107,33,292,488,813,13,826,0,826,405,1231,67.0999
第15任總統副總統,在苗栗縣各投開票所,苗栗縣,　後龍鎮,福寧里,0108,21,208,256,485,6,491,0,491,229,720,68.1944
第15任總統副總統,在苗栗縣各投開票所,苗栗縣,　後龍鎮,中和里,0109,10,128,137,275,4,279,0,279,132,411,67.8832
第15任總統副總統,在苗栗縣各投開票所,苗栗縣,　後龍鎮,中和里,0110,17,180,213,410,6,416,0,416,192,608,68.4211
第15任總統副總統,在苗栗縣各投開票所,苗栗縣,　後龍鎮,南港里,0111,15,184,256,455,4,459,0,459,261,720,63.7500
第15任總統副總統,在苗栗縣各投開票所,苗栗縣,　後龍鎮,南港里,0112,14,104,198,316,5,321,0,321,153,474,67.7215
第15任總統副總統,在苗栗縣各投開票所,苗栗縣,　卓蘭鎮,老庄里,0463,22,296,380,698,6,704,0,704,209,913,77.1084
第15任總統副總統,在苗栗縣各投開票所,苗栗縣,　卓蘭鎮,老庄里,0464,26,308,394,728,9,737,0,737,246,983,74.9746
第15任總統副總統,在苗栗縣各投開票所,苗栗縣,　卓蘭鎮,新榮里,0465,36,300,448,784,8,792,0,792,245,1037,76.3742
第15任總統副總統,在苗栗縣各投開票所,苗栗縣,　卓蘭鎮,中街里,0466,22,217,299,538,7,545,0,545,155,700,77.8571
第15任總統副總統,在苗栗縣各投開票所,苗栗縣,　卓蘭鎮,新厝里,0467,33,260,254,547,4,551,0,551,217,768,71.7448
第15任總統副總統,在苗栗縣各投開票所,苗栗縣,　卓蘭鎮,新厝里,0468,30,209,293,532,11,543,0,543,179,722,75.2078
第15任總統副總統,在苗栗縣各投開票所,苗栗縣,　卓蘭鎮,豐田里,0469,24,281,375,680,5,685,0,685,259,944,72.5636
第15任總統副總統,在苗栗縣各投開票所,苗栗縣,　卓蘭鎮,西坪里,0470,23,220,249,492,3,495,0,495,167,662,74.7734
第15任總統副總統,在苗栗縣各投開票所,苗栗縣,　卓蘭鎮,苗豐里,0471,19,213,293,525,8,533,0,533,184,717,74.3375
第15任總統副總統,在苗栗縣各投開票所,苗栗縣,　卓蘭鎮,上新里,0472,24,225,360,609,5,614,0,614,225,839,73.1824
第15任總統副總統,在苗栗縣各投開票所,苗栗縣,　卓蘭鎮,上新里,0473,21,215,340,576,4,580,0,580,210,790,73.4177
第15任總統副總統,在苗栗縣各投開票所,苗栗縣,　卓蘭鎮,上新里,0474,8,144,121,273,1,274,0,274,90,364,75.2747
第15任總統副總統,在苗栗縣各投開票所,苗栗縣,　卓蘭鎮,內灣里,0475,16,149,266,431,9,440,0,440,204,644,68.3230
第15任總統副總統,在苗栗縣各投開票所,苗栗縣,　卓蘭鎮,內灣里,0476,22,194,327,543,4,547,0,547,208,755,72.4503
第15任總統副總統,在苗栗縣各投開票所,苗栗縣,　卓蘭鎮,內灣里,0477,22,221,246,489,2,491,0,491,206,697,70.4448
第15任總統副總統,在苗栗縣各投開票所,苗栗縣,　卓蘭鎮,坪林里,0478,19,346,350,715,6,721,0,721,323,1044,69.0613
第15任總統副總統,在苗栗縣各投開票所,苗栗縣,　卓蘭鎮,西坪里、坪林里,0479,18,274,200,492,1,493,0,493,196,689,71.5530
第15任總統副總統,在苗栗縣各投開票所,苗栗縣,　卓蘭鎮,景山里,0480,31,291,291,613,3,616,0,616,285,901,68.3685
第15任總統副總統,在苗栗縣各投開票所,苗栗縣,　大湖鄉,大湖村,0438,18,335,186,539,7,546,0,546,171,717,76.1506
第15任總統副總統,在苗栗縣各投開票所,苗栗縣,　大湖鄉,大湖村,0439,22,369,219,610,3,613,0,613,225,838,73.1504
第15任總統副總統,在苗栗縣各投開票所,苗栗縣,　大湖鄉,明湖村,0440,16,279,121,416,3,419,0,419,143,562,74.5552
第15任總統副總統,在苗栗縣各投開票所,苗栗縣,　大湖鄉,大寮村,0441,29,519,297,845,12,857,0,857,342,1199,71.4762
第15任總統副總統,在苗栗縣各投開票所,苗栗縣,　大湖鄉,靜湖村,0442,31,391,158,580,8,588,0,588,243,831,70.7581
第15任總統副總統,在苗栗縣各投開票所,苗栗縣,　大湖鄉,靜湖村,0443,25,400,229,654,5,659,0,659,211,870,75.7471
第15任總統副總統,在苗栗縣各投開票所,苗栗縣,　大湖鄉,富興村,0444,30,549,353,932,13,945,0,945,396,1341,70.4698
第15任總統副總統,在苗栗縣各投開票所,苗栗縣,　大湖鄉,大南村,0445,8,231,109,348,3,351,0,351,199,550,63.8182
第15任總統副總統,在苗栗縣各投開票所,苗栗縣,　大湖鄉,南湖村,0446,12,247,161,420,8,428,0,428,177,605,70.7438
第15任總統副總統,在苗栗縣各投開票所,苗栗縣,　大湖鄉,東興村,0447,15,290,198,503,3,506,0,506,215,721,70.1803
第15任總統副總統,在苗栗縣各投開票所,苗栗縣,　大湖鄉,武榮村,0448,19,202,120,341,5,346,0,346,140,486,71.1934
第15任總統副總統,在苗栗縣各投開票所,苗栗縣,　大湖鄉,義和村,0449,4,239,190,433,3,436,0,436,190,626,69.6486
第15任總統副總統,在苗栗縣各投開票所,苗栗縣,　大湖鄉,義和村,0450,18,341,192,551,4,555,0,555,258,813,68.2657
第15任總統副總統,在苗栗縣各投開票所,苗栗縣,　大湖鄉,栗林村,0451,24,368,278,670,7,677,0,677,312,989,68.4530
第15任總統副總統,在苗栗縣各投開票所,苗栗縣,　大湖鄉,新開村,0452,27,343,288,658,6,664,0,664,315,979,67.8243
第15任總統副總統,在苗栗縣各投開票所,苗栗縣,　公館鄉,館中村,0406,26,303,269,598,2,600,0,600,159,759,79.0514
第15任總統副總統,在苗栗縣各投開票所,苗栗縣,　公館鄉,館中村,0407,23,299,230,552,6,558,0,558,199,757,73.7120
第15任總統副總統,在苗栗縣各投開票所,苗栗縣,　公館鄉,館東村,0408,31,451,302,784,9,793,0,793,282,1075,73.7674
第15任總統副總統,在苗栗縣各投開票所,苗栗縣,　公館鄉,館東村,0409,32,495,356,883,8,891,0,891,299,1190,74.8739
第15任總統副總統,在苗栗縣各投開票所,苗栗縣,　公館鄉,館南村,0410,32,472,320,824,10,834,0,834,270,1104,75.5435
第15任總統副總統,在苗栗縣各投開票所,苗栗縣,　公館鄉,館南村,0411,44,441,352,837,7,844,0,844,306,1150,73.3913
第15任總統副總統,在苗栗縣各投開票所,苗栗縣,　公館鄉,館南村,0412,31,435,324,790,11,801,1,802,270,1072,74.7201
第15任總統副總統,在苗栗縣各投開票所,苗栗縣,　公館鄉,中義村,0413,46,466,341,853,15,868,0,868,317,1185,73.2489
第15任總統副總統,在苗栗縣各投開票所,苗栗縣,　公館鄉,中義村,0414,29,361,348,738,5,743,0,743,295,1038,71.5800
第15任總統副總統,在苗栗縣各投開票所,苗栗縣,　公館鄉,玉泉村,0415,39,523,367,929,7,936,0,936,252,1188,78.7879
第15任總統副總統,在苗栗縣各投開票所,苗栗縣,　公館鄉,玉泉村,0416,32,412,336,780,8,788,0,788,250,1038,75.9152
第15任總統副總統,在苗栗縣各投開票所,苗栗縣,　公館鄉,大坑村,0417,32,374,259,665,12,677,0,677,243,920,73.5870
第15任總統副總統,在苗栗縣各投開票所,苗栗縣,　公館鄉,福基村,0418,36,443,241,720,7,727,0,727,269,996,72.9920
第15任總統副總統,在苗栗縣各投開票所,苗栗縣,　公館鄉,福德村,0419,14,140,110,264,3,267,0,267,82,349,76.5043
第15任總統副總統,在苗栗縣各投開票所,苗栗縣,　公館鄉,福星村,0420,26,325,268,619,7,626,0,626,195,821,76.2485
第15任總統副總統,在苗栗縣各投開票所,苗栗縣,　公館鄉,福星村,0421,43,475,377,895,3,898,0,898,245,1143,78.5652
第15任總統副總統,在苗栗縣各投開票所,苗栗縣,　公館鄉,石墻村,0422,26,303,177,506,3,509,0,509,179,688,73.9826
第15任總統副總統,在苗栗縣各投開票所,苗栗縣,　公館鄉,石墻村,0423,33,292,199,524,8,532,0,532,244,776,68.5567
第15任總統副總統,在苗栗縣各投開票所,苗栗縣,　公館鄉,開礦村,0424,7,115,85,207,7,214,0,214,73,287,74.5645
第15任總統副總統,在苗栗縣各投開票所,苗栗縣,　公館鄉,五谷村,0425,42,476,394,912,10,922,0,922,327,1249,73.8191
第15任總統副總統,在苗栗縣各投開票所,苗栗縣,　公館鄉,五谷村,0426,21,321,301,643,7,650,0,650,241,891,72.9517
第15任總統副總統,在苗栗縣各投開票所,苗栗縣,　公館鄉,玉谷村,0427,27,300,214,541,6,547,0,547,170,717,76.2901
第15任總統副總統,在苗栗縣各投開票所,苗栗縣,　公館鄉,玉谷村,0428,37,265,193,495,3,498,0,498,204,702,70.9402
第15任總統副總統,在苗栗縣各投開票所,苗栗縣,　公館鄉,鶴岡村,0429,40,363,239,642,5,647,1,648,212,860,75.2326
第15任總統副總統,在苗栗縣各投開票所,苗栗縣,　公館鄉,鶴岡村,0430,34,304,221,559,2,561,0,561,161,722,77.7008
第15任總統副總統,在苗栗縣各投開票所,苗栗縣,　公館鄉,鶴山村,0431,24,274,184,482,6,488,0,488,191,679,71.8704
第15任總統副總統,在苗栗縣各投開票所,苗栗縣,　公館鄉,鶴山村,0432,33,291,211,535,7,542,0,542,196,738,73.4417
第15任總統副總統,在苗栗縣各投開票所,苗栗縣,　公館鄉,尖山村,0433,24,307,208,539,2,541,0,541,174,715,75.6643
第15任總統副總統,在苗栗縣各投開票所,苗栗縣,　公館鄉,尖山村,0434,23,275,196,494,8,502,0,502,168,670,74.9254
第15任總統副總統,在苗栗縣各投開票所,苗栗縣,　公館鄉,仁安村,0435,35,514,382,931,6,937,0,937,332,1269,73.8377
第15任總統副總統,在苗栗縣各投開票所,苗栗縣,　公館鄉,南河村,0436,8,102,36,146,4,150,0,150,58,208,72.1154
第15任總統副總統,在苗栗縣各投開票所,苗栗縣,　公館鄉,北河村,0437,8,126,93,227,1,228,0,228,91,319,71.4734
第15任總統副總統,在苗栗縣各投開票所,苗栗縣,　銅鑼鄉,銅鑼村,0156,23,395,243,661,5,666,0,666,200,866,76.9053
第15任總統副總統,在苗栗縣各投開票所,苗栗縣,　銅鑼鄉,銅鑼村,0157,27,416,292,735,8,743,0,743,245,988,75.2024
第15任總統副總統,在苗栗縣各投開票所,苗栗縣,　銅鑼鄉,銅鑼村,0158,46,551,360,957,9,966,0,966,324,1290,74.8837
第15任總統副總統,在苗栗縣各投開票所,苗栗縣,　銅鑼鄉,銅鑼村,0159,35,498,316,849,12,861,0,861,300,1161,74.1602
第15任總統副總統,在苗栗縣各投開票所,苗栗縣,　銅鑼鄉,樟樹村,0160,40,505,401,946,13,959,0,959,281,1240,77.3387
第15任總統副總統,在苗栗縣各投開票所,苗栗縣,　銅鑼鄉,九湖村,0161,47,461,310,818,6,824,0,824,307,1131,72.8559
第15任總統副總統,在苗栗縣各投開票所,苗栗縣,　銅鑼鄉,福興村,0162,21,506,178,705,7,712,0,712,250,962,74.0125
第15任總統副總統,在苗栗縣各投開票所,苗栗縣,　銅鑼鄉,朝陽村,0163,33,409,208,650,5,655,0,655,225,880,74.4318
第15任總統副總統,在苗栗縣各投開票所,苗栗縣,　銅鑼鄉,朝陽村,0164,29,293,229,551,5,556,0,556,169,725,76.6897
第15任總統副總統,在苗栗縣各投開票所,苗栗縣,　銅鑼鄉,竹森村,0165,19,474,235,728,10,738,0,738,296,1034,71.3733
第15任總統副總統,在苗栗縣各投開票所,苗栗縣,　銅鑼鄉,中平村,0166,29,380,334,743,3,746,0,746,322,1068,69.8502
第15任總統副總統,在苗栗縣各投開票所,苗栗縣,　銅鑼鄉,中平村,0167,32,318,247,597,6,603,0,603,225,828,72.8261
第15任總統副總統,在苗栗縣各投開票所,苗栗縣,　銅鑼鄉,中平村,0168,35,453,328,816,12,828,0,828,349,1177,70.3483
第15任總統副總統,在苗栗縣各投開票所,苗栗縣,　銅鑼鄉,興隆村,0169,16,215,173,404,11,415,0,415,144,559,74.2397
第15任總統副總統,在苗栗縣各投開票所,苗栗縣,　銅鑼鄉,盛隆村,0170,8,165,121,294,5,299,0,299,112,411,72.7494
第15任總統副總統,在苗栗縣各投開票所,苗栗縣,　銅鑼鄉,新隆村,0171,11,253,139,403,3,406,0,406,114,520,78.0769
第15任總統副總統,在苗栗縣各投開票所,苗栗縣,　南庄鄉,東村,0311,18,499,244,761,10,771,0,771,328,1099,70.1547
第15任總統副總統,在苗栗縣各投開票所,苗栗縣,　南庄鄉,西村,0312,13,286,150,449,5,454,0,454,161,615,73.8211
第15任總統副總統,在苗栗縣各投開票所,苗栗縣,　南庄鄉,南江村,0313,35,575,252,862,4,866,0,866,412,1278,67.7621
第15任總統副總統,在苗栗縣各投開票所,苗栗縣,　南庄鄉,田美村,0314,13,358,185,556,11,567,0,567,217,784,72.3214
第15任總統副總統,在苗栗縣各投開票所,苗栗縣,　南庄鄉,獅山村,0315,38,322,195,555,4,559,0,559,230,789,70.8492
第15任總統副總統,在苗栗縣各投開票所,苗栗縣,　南庄鄉,南富村,0316,36,485,253,774,7,781,0,781,268,1049,74.4519
第15任總統副總統,在苗栗縣各投開票所,苗栗縣,　南庄鄉,員林村,0317,31,399,292,722,7,729,0,729,269,998,73.0461
第15任總統副總統,在苗栗縣各投開票所,苗栗縣,　南庄鄉,蓬萊村,0318,26,399,132,557,2,559,0,559,295,854,65.4567
第15任總統副總統,在苗栗縣各投開票所,苗栗縣,　南庄鄉,東河村,0319,20,421,126,567,4,571,0,571,339,910,62.7473
第15任總統副總統,在苗栗縣各投開票所,苗栗縣,　頭屋鄉,頭屋村,0387,42,576,322,940,13,953,0,953,341,1294,73.6476
第15任總統副總統,在苗栗縣各投開票所,苗栗縣,　頭屋鄉,頭屋村,0388,26,539,305,870,7,877,0,877,249,1126,77.8863
第15任總統副總統,在苗栗縣各投開票所,苗栗縣,　頭屋鄉,獅潭村,0389,28,333,197,558,9,567,0,567,198,765,74.1176
第15任總統副總統,在苗栗縣各投開票所,苗栗縣,　頭屋鄉,獅潭村,0390,35,351,255,641,11,652,0,652,219,871,74.8565
第15任總統副總統,在苗栗縣各投開票所,苗栗縣,　頭屋鄉,北坑村,0391,23,312,178,513,2,515,0,515,177,692,74.4220
第15任總統副總統,在苗栗縣各投開票所,苗栗縣,　頭屋鄉,曲洞村,0392,22,380,269,671,5,676,0,676,187,863,78.3314
第15任總統副總統,在苗栗縣各投開票所,苗栗縣,　頭屋鄉,飛鳳村,0393,4,164,107,275,0,275,0,275,97,372,73.9247
第15任總統副總統,在苗栗縣各投開票所,苗栗縣,　頭屋鄉,象山村,0394,23,321,249,593,9,602,0,602,214,816,73.7745
第15任總統副總統,在苗栗縣各投開票所,苗栗縣,　頭屋鄉,象山村,0395,36,419,303,758,11,769,0,769,198,967,79.5243
第15任總統副總統,在苗栗縣各投開票所,苗栗縣,　頭屋鄉,明德村,0396,25,359,204,588,8,596,0,596,178,774,77.0026
第15任總統副總統,在苗栗縣各投開票所,苗栗縣,　頭屋鄉,明德村,0397,8,89,65,162,1,163,0,163,50,213,76.5258
第15任總統副總統,在苗栗縣各投開票所,苗栗縣,　頭屋鄉,鳴鳳村,0398,6,128,88,222,2,224,0,224,93,317,70.6625
第15任總統副總統,在苗栗縣各投開票所,苗栗縣,　三義鄉,廣盛村,0212,24,372,210,606,9,615,0,615,203,818,75.1834
第15任總統副總統,在苗栗縣各投開票所,苗栗縣,　三義鄉,廣盛村,0213,31,429,278,738,8,746,0,746,185,931,80.1289
第15任總統副總統,在苗栗縣各投開票所,苗栗縣,　三義鄉,廣盛村,0214,30,433,308,771,10,781,0,781,244,1025,76.1951
第15任總統副總統,在苗栗縣各投開票所,苗栗縣,　三義鄉,廣盛村,0215,40,542,349,931,8,939,0,939,232,1171,80.1879
第15任總統副總統,在苗栗縣各投開票所,苗栗縣,　三義鄉,勝興村,0216,37,460,284,781,13,794,0,794,195,989,80.2831
第15任總統副總統,在苗栗縣各投開票所,苗栗縣,　三義鄉,勝興村,0217,36,403,383,822,13,835,0,835,287,1122,74.4207
第15任總統副總統,在苗栗縣各投開票所,苗栗縣,　三義鄉,勝興村,0218,43,470,390,903,13,916,0,916,250,1166,78.5592
第15任總統副總統,在苗栗縣各投開票所,苗栗縣,　三義鄉,双潭村,0219,26,285,160,471,2,473,0,473,116,589,80.3056
第15任總統副總統,在苗栗縣各投開票所,苗栗縣,　三義鄉,双潭村,0220,31,300,206,537,8,545,0,545,192,737,73.9484
第15任總統副總統,在苗栗縣各投開票所,苗栗縣,　三義鄉,双湖村,0221,34,408,254,696,13,709,0,709,249,958,74.0084
第15任總統副總統,在苗栗縣各投開票所,苗栗縣,　三義鄉,双湖村,0222,21,365,214,600,5,605,0,605,191,796,76.0050
第15任總統副總統,在苗栗縣各投開票所,苗栗縣,　三義鄉,西湖村,0223,29,370,141,540,12,552,0,552,128,680,81.1765
第15任總統副總統,在苗栗縣各投開票所,苗栗縣,　三義鄉,西湖村,0224,19,322,198,539,9,548,0,548,180,728,75.2747
第15任總統副總統,在苗栗縣各投開票所,苗栗縣,　三義鄉,龍騰村,0225,23,197,101,321,4,325,0,325,76,401,81.0474
第15任總統副總統,在苗栗縣各投開票所,苗栗縣,　三義鄉,鯉魚潭村,0226,24,191,231,446,9,455,1,456,150,606,75.0825
第15任總統副總統,在苗栗縣各投開票所,苗栗縣,　三義鄉,鯉魚潭村,0227,28,209,265,502,4,506,0,506,135,641,78.9392
第15任總統副總統,在苗栗縣各投開票所,苗栗縣,　西湖鄉,高埔村,0113,22,291,122,435,5,440,0,440,153,593,74.1990
第15任總統副總統,在苗栗縣各投開票所,苗栗縣,　西湖鄉,下埔村,0114,13,270,123,406,5,411,0,411,142,553,74.3219
第15任總統副總統,在苗栗縣各投開票所,苗栗縣,　西湖鄉,五湖村,0115,29,356,185,570,3,573,0,573,235,808,70.9158
第15任總統副總統,在苗栗縣各投開票所,苗栗縣,　西湖鄉,四湖村,0116,20,271,128,419,7,426,0,426,195,621,68.5990
第15任總統副總統,在苗栗縣各投開票所,苗栗縣,　西湖鄉,三湖村,0117,20,378,241,639,6,645,0,645,253,898,71.8263
第15任總統副總統,在苗栗縣各投開票所,苗栗縣,　西湖鄉,龍洞村,0118,20,179,120,319,7,326,0,326,111,437,74.5995
第15任總統副總統,在苗栗縣各投開票所,苗栗縣,　西湖鄉,金獅村,0119,26,218,105,349,6,355,0,355,131,486,73.0453
第15任總統副總統,在苗栗縣各投開票所,苗栗縣,　西湖鄉,湖東村,0120,47,399,294,740,9,749,0,749,348,1097,68.2771
第15任總統副總統,在苗栗縣各投開票所,苗栗縣,　西湖鄉,二湖村,0121,20,256,184,460,7,467,0,467,188,655,71.2977
第15任總統副總統,在苗栗縣各投開票所,苗栗縣,　造橋鄉,造橋村,0065,47,483,290,820,7,827,0,827,312,1139,72.6076
第15任總統副總統,在苗栗縣各投開票所,苗栗縣,　造橋鄉,造橋村,0066,35,379,219,633,6,639,0,639,214,853,74.9121
第15任總統副總統,在苗栗縣各投開票所,苗栗縣,　造橋鄉,平興村,0067,14,203,112,329,3,332,0,332,132,464,71.5517
第15任總統副總統,在苗栗縣各投開票所,苗栗縣,　造橋鄉,豐湖村,0068,30,424,256,710,4,714,0,714,263,977,73.0809
第15任總統副總統,在苗栗縣各投開票所,苗栗縣,　造橋鄉,大西村,0069,42,438,375,855,2,857,0,857,297,1154,74.2634
第15任總統副總統,在苗栗縣各投開票所,苗栗縣,　造橋鄉,大西村,0070,38,468,287,793,14,807,0,807,241,1048,77.0038
第15任總統副總統,在苗栗縣各投開票所,苗栗縣,　造橋鄉,大西村,0071,24,425,300,749,15,764,0,764,319,1083,70.5448
第15任總統副總統,在苗栗縣各投開票所,苗栗縣,　造橋鄉,錦水村,0072,20,213,131,364,0,364,0,364,127,491,74.1344
第15任總統副總統,在苗栗縣各投開票所,苗栗縣,　造橋鄉,大龍村,0073,9,231,143,383,6,389,1,390,82,472,82.4153
第15任總統副總統,在苗栗縣各投開票所,苗栗縣,　造橋鄉,朝陽村,0074,51,376,453,880,15,895,0,895,339,1234,72.5284
第15任總統副總統,在苗栗縣各投開票所,苗栗縣,　造橋鄉,談文村,0075,22,274,255,551,4,555,0,555,233,788,70.4315
第15任總統副總統,在苗栗縣各投開票所,苗栗縣,　造橋鄉,龍昇村,0076,36,266,374,676,14,690,0,690,237,927,74.4337
第15任總統副總統,在苗栗縣各投開票所,苗栗縣,　三灣鄉,三灣村,0302,38,440,243,721,5,726,0,726,224,950,76.4211
第15任總統副總統,在苗栗縣各投開票所,苗栗縣,　三灣鄉,三灣村,0303,38,443,359,840,8,848,0,848,307,1155,73.4199
第15任總統副總統,在苗栗縣各投開票所,苗栗縣,　三灣鄉,內灣村,0304,18,286,171,475,4,479,0,479,136,615,77.8862
第15任總統副總統,在苗栗縣各投開票所,苗栗縣,　三灣鄉,銅鏡村,0305,20,396,206,622,8,630,0,630,204,834,75.5396
第15任總統副總統,在苗栗縣各投開票所,苗栗縣,　三灣鄉,頂寮村,0306,5,110,52,167,0,167,0,167,74,241,69.2946
第15任總統副總統,在苗栗縣各投開票所,苗栗縣,　三灣鄉,北埔村,0307,15,204,149,368,7,375,0,375,152,527,71.1575
第15任總統副總統,在苗栗縣各投開票所,苗栗縣,　三灣鄉,大河村,0308,20,240,139,399,5,404,0,404,147,551,73.3212
第15任總統副總統,在苗栗縣各投開票所,苗栗縣,　三灣鄉,大坪村,0309,12,173,120,305,3,308,0,308,87,395,77.9747
第15任總統副總統,在苗栗縣各投開票所,苗栗縣,　三灣鄉,永和村,0310,13,181,81,275,3,278,0,278,107,385,72.2078
第15任總統副總統,在苗栗縣各投開票所,苗栗縣,　獅潭鄉,百壽村,0399,5,162,56,223,3,226,0,226,100,326,69.3252
第15任總統副總統,在苗栗縣各投開票所,苗栗縣,　獅潭鄉,永興村,0400,15,212,119,346,10,356,0,356,172,528,67.4242
第15任總統副總統,在苗栗縣各投開票所,苗栗縣,　獅潭鄉,新店村,0401,17,414,203,634,10,644,0,644,242,886,72.6862
第15任總統副總統,在苗栗縣各投開票所,苗栗縣,　獅潭鄉,和興村,0402,11,224,147,382,4,386,0,386,161,547,70.5667
第15任總統副總統,在苗栗縣各投開票所,苗栗縣,　獅潭鄉,豐林村,0403,11,273,103,387,0,387,0,387,178,565,68.4956
第15任總統副總統,在苗栗縣各投開票所,苗栗縣,　獅潭鄉,新豐村,0404,7,143,85,235,5,240,0,240,87,327,73.3945
第15任總統副總統,在苗栗縣各投開票所,苗栗縣,　獅潭鄉,竹木村,0405,18,309,151,478,5,483,0,483,168,651,74.1935
第15任總統副總統,在苗栗縣各投開票所,苗栗縣,　泰安鄉,八卦村,0453,5,160,58,223,2,225,0,225,94,319,70.5329
第15任總統副總統,在苗栗縣各投開票所,苗栗縣,　泰安鄉,錦水村,0454,7,239,75,321,3,324,0,324,150,474,68.3544
第15任總統副總統,在苗栗縣各投開票所,苗栗縣,　泰安鄉,錦水村,0455,15,342,90,447,1,448,0,448,171,619,72.3748
第15任總統副總統,在苗栗縣各投開票所,苗栗縣,　泰安鄉,清安村,0456,14,291,102,407,4,411,0,411,152,563,73.0018
第15任總統副總統,在苗栗縣各投開票所,苗栗縣,　泰安鄉,清安村,0457,5,151,66,222,2,224,0,224,84,308,72.7273
第15任總統副總統,在苗栗縣各投開票所,苗栗縣,　泰安鄉,大興村,0458,7,280,56,343,3,346,0,346,125,471,73.4607
第15任總統副總統,在苗栗縣各投開票所,苗栗縣,　泰安鄉,中興村,0459,9,266,82,357,4,361,0,361,148,509,70.9234
第15任總統副總統,在苗栗縣各投開票所,苗栗縣,　泰安鄉,梅園村,0460,13,287,74,374,1,375,0,375,100,475,78.9474
第15任總統副總統,在苗栗縣各投開票所,苗栗縣,　泰安鄉,象鼻村,0461,12,375,113,500,4,504,0,504,144,648,77.7778
第15任總統副總統,在苗栗縣各投開票所,苗栗縣,　泰安鄉,士林村,0462,15,352,56,423,4,427,0,427,133,560,76.2500
第15任總統副總統,在桃園市各投開票所,桃園市,　桃園區,三元里,0175,72,553,764,1389,14,1403,0,1403,449,1852,75.7559
第15任總統副總統,在桃園市各投開票所,桃園市,　桃園區,三元里,0176,59,519,669,1247,10,1257,0,1257,470,1727,72.7852
第15任總統副總統,在桃園市各投開票所,桃園市,　桃園區,三民里,0177,69,458,514,1041,14,1055,0,1055,319,1374,76.7831
第15任總統副總統,在桃園市各投開票所,桃園市,　桃園區,三民里,0178,58,496,543,1097,9,1106,0,1106,267,1373,80.5535
第15任總統副總統,在桃園市各投開票所,桃園市,　桃園區,三民里,0179,46,463,472,981,17,998,0,998,317,1315,75.8935
第15任總統副總統,在桃園市各投開票所,桃園市,　桃園區,大有里,0180,61,468,542,1071,11,1082,0,1082,433,1515,71.4191
第15任總統副總統,在桃園市各投開票所,桃園市,　桃園區,大有里,0181,67,445,540,1052,12,1064,0,1064,411,1475,72.1356
第15任總統副總統,在桃園市各投開票所,桃園市,　桃園區,大有里,0182,57,517,570,1144,8,1152,0,1152,376,1528,75.3927
第15任總統副總統,在桃園市各投開票所,桃園市,　桃園區,大有里,0183,53,433,586,1072,8,1080,0,1080,370,1450,74.4828
第15任總統副總統,在桃園市各投開票所,桃園市,　桃園區,大業里,0184,65,467,728,1260,17,1277,0,1277,383,1660,76.9277
第15任總統副總統,在桃園市各投開票所,桃園市,　桃園區,大業里,0185,63,475,578,1116,8,1124,0,1124,429,1553,72.3760
第15任總統副總統,在桃園市各投開票所,桃園市,　桃園區,大業里,0186,51,471,586,1108,8,1116,0,1116,431,1547,72.1396
第15任總統副總統,在桃園市各投開票所,桃園市,　桃園區,大興里,0187,58,418,732,1208,6,1214,0,1214,555,1769,68.6263
第15任總統副總統,在桃園市各投開票所,桃園市,　桃園區,大興里,0188,43,476,792,1311,11,1322,0,1322,459,1781,74.2280
第15任總統副總統,在桃園市各投開票所,桃園市,　桃園區,大興里,0189,64,533,687,1284,11,1295,0,1295,475,1770,73.1638
第15任總統副總統,在桃園市各投開票所,桃園市,　桃園區,汴洲里,0190,65,440,1030,1535,10,1545,0,1545,493,2038,75.8096
第15任總統副總統,在桃園市各投開票所,桃園市,　桃園區,汴洲里,0191,73,524,778,1375,16,1391,0,1391,498,1889,73.6368
第15任總統副總統,在桃園市各投開票所,桃園市,　桃園區,汴洲里,0192,63,369,603,1035,14,1049,0,1049,355,1404,74.7151
第15任總統副總統,在桃園市各投開票所,桃園市,　桃園區,忠義里,0193,79,543,641,1263,7,1270,0,1270,505,1775,71.5493
第15任總統副總統,在桃園市各投開票所,桃園市,　桃園區,忠義里,0194,50,445,687,1182,2,1184,0,1184,479,1663,71.1966
第15任總統副總統,在桃園市各投開票所,桃園市,　桃園區,青溪里,0195,40,339,603,982,10,992,0,992,301,1293,76.7208
第15任總統副總統,在桃園市各投開票所,桃園市,　桃園區,青溪里,0196,41,316,712,1069,16,1085,0,1085,341,1426,76.0870
第15任總統副總統,在桃園市各投開票所,桃園市,　桃園區,青溪里,0197,68,383,641,1092,11,1103,0,1103,324,1427,77.2950
第15任總統副總統,在桃園市各投開票所,桃園市,　桃園區,春日里,0198,67,397,627,1091,9,1100,0,1100,363,1463,75.1880
第15任總統副總統,在桃園市各投開票所,桃園市,　桃園區,春日里,0199,52,359,642,1053,14,1067,0,1067,350,1417,75.2999
第15任總統副總統,在桃園市各投開票所,桃園市,　桃園區,春日里,0200,54,408,608,1070,8,1078,0,1078,426,1504,71.6755
第15任總統副總統,在桃園市各投開票所,桃園市,　桃園區,春日里,0201,67,400,555,1022,12,1034,0,1034,517,1551,66.6667
第15任總統副總統,在桃園市各投開票所,桃園市,　桃園區,會稽里,0202,54,460,565,1079,8,1087,1,1088,473,1561,69.6348
第15任總統副總統,在桃園市各投開票所,桃園市,　桃園區,會稽里,0203,56,429,538,1023,10,1033,0,1033,385,1418,72.8491
第15任總統副總統,在桃園市各投開票所,桃園市,　桃園區,會稽里,0204,63,486,562,1111,9,1120,0,1120,399,1519,73.7327
第15任總統副總統,在桃園市各投開票所,桃園市,　桃園區,會稽里,0205,49,461,547,1057,7,1064,0,1064,376,1440,73.8889
第15任總統副總統,在桃園市各投開票所,桃園市,　桃園區,會稽里,0206,62,525,580,1167,10,1177,0,1177,442,1619,72.6992
第15任總統副總統,在桃園市各投開票所,桃園市,　桃園區,會稽里,0207,48,460,523,1031,5,1036,0,1036,435,1471,70.4283
第15任總統副總統,在桃園市各投開票所,桃園市,　桃園區,萬壽里,0208,23,236,421,680,7,687,0,687,261,948,72.4684
第15任總統副總統,在桃園市各投開票所,桃園市,　桃園區,福元里,0209,51,408,507,966,11,977,0,977,334,1311,74.5233
第15任總統副總統,在桃園市各投開票所,桃園市,　桃園區,福元里,0210,65,456,584,1105,15,1120,0,1120,396,1516,73.8786
第15任總統副總統,在桃園市各投開票所,桃園市,　桃園區,福元里,0211,45,359,517,921,11,932,0,932,353,1285,72.5292
第15任總統副總統,在桃園市各投開票所,桃園市,　桃園區,寶山里,0212,41,396,601,1038,18,1056,0,1056,414,1470,71.8367
第15任總統副總統,在桃園市各投開票所,桃園市,　桃園區,寶山里,0213,60,374,525,959,6,965,0,965,358,1323,72.9403
第15任總統副總統,在桃園市各投開票所,桃園市,　桃園區,寶山里,0214,63,547,735,1345,10,1355,0,1355,539,1894,71.5417
第15任總統副總統,在桃園市各投開票所,桃園市,　桃園區,寶山里,0215,85,590,712,1387,16,1403,0,1403,688,2091,67.0971
第15任總統副總統,在桃園市各投開票所,桃園市,　桃園區,寶山里,0216,42,402,513,957,11,968,0,968,296,1264,76.5823
第15任總統副總統,在桃園市各投開票所,桃園市,　桃園區,大林里,0639,67,434,750,1251,7,1258,0,1258,454,1712,73.4813
第15任總統副總統,在桃園市各投開票所,桃園市,　桃園區,大林里,0640,71,439,771,1281,13,1294,0,1294,543,1837,70.4409
第15任總統副總統,在桃園市各投開票所,桃園市,　桃園區,大林里,0641,56,444,672,1172,11,1183,0,1183,346,1529,77.3708
第15任總統副總統,在桃園市各投開票所,桃園市,　桃園區,大林里,0642,53,378,702,1133,12,1145,0,1145,396,1541,74.3024
第15任總統副總統,在桃園市各投開票所,桃園市,　桃園區,大樹里,0643,72,530,804,1406,12,1418,0,1418,527,1945,72.9049
第15任總統副總統,在桃園市各投開票所,桃園市,　桃園區,大樹里,0644,50,491,850,1391,18,1409,0,1409,450,1859,75.7934
第15任總統副總統,在桃園市各投開票所,桃園市,　桃園區,大豐里,0645,78,435,759,1272,4,1276,0,1276,480,1756,72.6651
第15任總統副總統,在桃園市各投開票所,桃園市,　桃園區,大豐里,0646,68,425,695,1188,14,1202,0,1202,356,1558,77.1502
第15任總統副總統,在桃園市各投開票所,桃園市,　桃園區,大豐里,0647,29,428,691,1148,11,1159,0,1159,402,1561,74.2473
第15任總統副總統,在桃園市各投開票所,桃園市,　桃園區,建國里,0648,55,446,644,1145,10,1155,0,1155,381,1536,75.1953
第15任總統副總統,在桃園市各投開票所,桃園市,　桃園區,建國里,0649,41,459,638,1138,5,1143,0,1143,432,1575,72.5714
第15任總統副總統,在桃園市各投開票所,桃園市,　桃園區,建國里,0650,58,566,754,1378,18,1396,0,1396,507,1903,73.3579
第15任總統副總統,在桃園市各投開票所,桃園市,　桃園區,雲林里,0651,46,360,646,1052,12,1064,0,1064,363,1427,74.5620
第15任總統副總統,在桃園市各投開票所,桃園市,　桃園區,雲林里,0652,50,391,632,1073,5,1078,0,1078,299,1377,78.2861
第15任總統副總統,在桃園市各投開票所,桃園市,　桃園區,雲林里,0653,49,460,622,1131,22,1153,0,1153,339,1492,77.2788
第15任總統副總統,在桃園市各投開票所,桃園市,　桃園區,雲林里,0654,56,551,580,1187,14,1201,0,1201,324,1525,78.7541
第15任總統副總統,在桃園市各投開票所,桃園市,　桃園區,福安里,0655,43,406,514,963,12,975,0,975,303,1278,76.2911
第15任總統副總統,在桃園市各投開票所,桃園市,　桃園區,福安里,0656,39,375,559,973,8,981,0,981,375,1356,72.3451
第15任總統副總統,在桃園市各投開票所,桃園市,　桃園區,福安里,0657,58,408,652,1118,18,1136,0,1136,270,1406,80.7966
第15任總統副總統,在桃園市各投開票所,桃園市,　桃園區,福林里,0658,52,416,595,1063,14,1077,0,1077,301,1378,78.1567
第15任總統副總統,在桃園市各投開票所,桃園市,　桃園區,福林里,0659,34,468,687,1189,8,1197,0,1197,306,1503,79.6407
第15任總統副總統,在桃園市各投開票所,桃園市,　桃園區,福林里,0660,41,384,669,1094,5,1099,0,1099,307,1406,78.1650
第15任總統副總統,在桃園市各投開票所,桃園市,　桃園區,福林里,0661,56,427,583,1066,7,1073,0,1073,332,1405,76.3701
第15任總統副總統,在桃園市各投開票所,桃園市,　桃園區,豐林里,0662,61,498,616,1175,9,1184,0,1184,409,1593,74.3252
第15任總統副總統,在桃園市各投開票所,桃園市,　桃園區,豐林里,0663,49,447,675,1171,8,1179,0,1179,372,1551,76.0155
第15任總統副總統,在桃園市各投開票所,桃園市,　桃園區,豐林里,0664,47,389,678,1114,9,1123,0,1123,330,1453,77.2884
第15任總統副總統,在桃園市各投開票所,桃園市,　桃園區,豐林里,0665,57,405,673,1135,13,1148,0,1148,322,1470,78.0952
第15任總統副總統,在桃園市各投開票所,桃園市,　桃園區,中和里,0666,52,310,627,989,10,999,0,999,341,1340,74.5522
第15任總統副總統,在桃園市各投開票所,桃園市,　桃園區,中興里,0667,43,343,600,986,12,998,0,998,304,1302,76.6513
第15任總統副總統,在桃園市各投開票所,桃園市,　桃園區,中興里,0668,36,287,670,993,13,1006,0,1006,295,1301,77.3251
第15任總統副總統,在桃園市各投開票所,桃園市,　桃園區,中興里,0669,54,336,671,1061,9,1070,0,1070,289,1359,78.7344
第15任總統副總統,在桃園市各投開票所,桃園市,　桃園區,中興里,0670,33,405,520,958,10,968,0,968,349,1317,73.5004
第15任總統副總統,在桃園市各投開票所,桃園市,　桃園區,文化里,0671,38,222,327,587,6,593,0,593,215,808,73.3911
第15任總統副總統,在桃園市各投開票所,桃園市,　桃園區,文昌里,0672,22,178,377,577,4,581,0,581,193,774,75.0646
第15任總統副總統,在桃園市各投開票所,桃園市,　桃園區,文明里,0673,48,381,576,1005,10,1015,0,1015,296,1311,77.4218
第15任總統副總統,在桃園市各投開票所,桃園市,　桃園區,北門里,0674,44,464,764,1272,6,1278,0,1278,400,1678,76.1621
第15任總統副總統,在桃園市各投開票所,桃園市,　桃園區,民生里,0675,52,366,625,1043,10,1053,0,1053,359,1412,74.5751
第15任總統副總統,在桃園市各投開票所,桃園市,　桃園區,永興里,0676,66,406,828,1300,10,1310,0,1310,465,1775,73.8028
第15任總統副總統,在桃園市各投開票所,桃園市,　桃園區,光興里,0677,58,388,749,1195,11,1206,0,1206,362,1568,76.9133
第15任總統副總統,在桃園市各投開票所,桃園市,　桃園區,光興里,0678,45,400,718,1163,7,1170,0,1170,286,1456,80.3571
第15任總統副總統,在桃園市各投開票所,桃園市,　桃園區,光興里,0679,31,467,679,1177,11,1188,0,1188,326,1514,78.4676
第15任總統副總統,在桃園市各投開票所,桃園市,　桃園區,西門里,0680,62,435,583,1080,14,1094,0,1094,432,1526,71.6907
第15任總統副總統,在桃園市各投開票所,桃園市,　桃園區,西湖里,0681,53,430,618,1101,14,1115,0,1115,302,1417,78.6874
第15任總統副總統,在桃園市各投開票所,桃園市,　桃園區,武陵里,0682,46,406,653,1105,14,1119,0,1119,459,1578,70.9125
第15任總統副總統,在桃園市各投開票所,桃園市,　桃園區,長美里,0683,16,225,476,717,9,726,0,726,251,977,74.3091
第15任總統副總統,在桃園市各投開票所,桃園市,　桃園區,南門里,0684,67,514,813,1394,17,1411,0,1411,477,1888,74.7352
第15任總統副總統,在桃園市各投開票所,桃園市,　桃園區,南門里,0685,31,292,414,737,16,753,0,753,226,979,76.9152
第15任總統副總統,在桃園市各投開票所,桃園市,　桃園區,南門里,0686,30,279,469,778,8,786,0,786,283,1069,73.5267
第15任總統副總統,在桃園市各投開票所,桃園市,　桃園區,南門里,0687,69,528,714,1311,16,1327,0,1327,433,1760,75.3977
第15任總統副總統,在桃園市各投開票所,桃園市,　桃園區,南華里,0688,48,347,624,1019,9,1028,0,1028,350,1378,74.6009
第15任總統副總統,在桃園市各投開票所,桃園市,　桃園區,中山里,0689,57,395,661,1113,11,1124,0,1124,330,1454,77.3040
第15任總統副總統,在桃園市各投開票所,桃園市,　桃園區,中山里,0690,68,532,768,1368,12,1380,0,1380,380,1760,78.4091
第15任總統副總統,在桃園市各投開票所,桃園市,　桃園區,中山里,0691,68,440,620,1128,13,1141,0,1141,405,1546,73.8034
第15任總統副總統,在桃園市各投開票所,桃園市,　桃園區,中山里,0692,79,535,689,1303,10,1313,0,1313,394,1707,76.9186
第15任總統副總統,在桃園市各投開票所,桃園市,　桃園區,中平里,0693,61,536,641,1238,14,1252,0,1252,434,1686,74.2586
第15任總統副總統,在桃園市各投開票所,桃園市,　桃園區,中平里,0694,60,470,642,1172,17,1189,0,1189,411,1600,74.3125
第15任總統副總統,在桃園市各投開票所,桃園市,　桃園區,中平里,0695,46,365,544,955,12,967,0,967,263,1230,78.6179
第15任總統副總統,在桃園市各投開票所,桃園市,　桃園區,中正里,0696,46,550,624,1220,11,1231,0,1231,324,1555,79.1640
第15任總統副總統,在桃園市各投開票所,桃園市,　桃園區,中正里,0697,32,394,538,964,10,974,0,974,359,1333,73.0683
第15任總統副總統,在桃園市各投開票所,桃園市,　桃園區,中正里,0698,59,414,639,1112,11,1123,0,1123,331,1454,77.2352
第15任總統副總統,在桃園市各投開票所,桃園市,　桃園區,中正里,0699,58,391,524,973,17,990,0,990,284,1274,77.7080
第15任總統副總統,在桃園市各投開票所,桃園市,　桃園區,中成里,0700,20,255,597,872,13,885,0,885,210,1095,80.8219
第15任總統副總統,在桃園市各投開票所,桃園市,　桃園區,中成里,0701,53,675,702,1430,13,1443,0,1443,503,1946,74.1521
第15任總統副總統,在桃園市各投開票所,桃園市,　桃園區,中成里,0702,50,395,753,1198,7,1205,0,1205,327,1532,78.6554
第15任總統副總統,在桃園市各投開票所,桃園市,　桃園區,中信里,0703,50,428,561,1039,10,1049,0,1049,321,1370,76.5693
第15任總統副總統,在桃園市各投開票所,桃園市,　桃園區,中信里,0704,34,406,580,1020,15,1035,0,1035,400,1435,72.1254
第15任總統副總統,在桃園市各投開票所,桃園市,　桃園區,中信里,0705,37,406,561,1004,14,1018,0,1018,369,1387,73.3958
第15任總統副總統,在桃園市各投開票所,桃園市,　桃園區,中信里,0706,54,398,511,963,5,968,0,968,368,1336,72.4551
第15任總統副總統,在桃園市各投開票所,桃園市,　桃園區,中原里,0707,69,479,656,1204,12,1216,0,1216,389,1605,75.7632
第15任總統副總統,在桃園市各投開票所,桃園市,　桃園區,中原里,0708,42,526,610,1178,15,1193,0,1193,341,1534,77.7705
第15任總統副總統,在桃園市各投開票所,桃園市,　桃園區,中原里,0709,73,410,543,1026,8,1034,0,1034,270,1304,79.2945
第15任總統副總統,在桃園市各投開票所,桃園市,　桃園區,中泰里,0710,51,508,573,1132,17,1149,0,1149,278,1427,80.5186
第15任總統副總統,在桃園市各投開票所,桃園市,　桃園區,中泰里,0711,63,408,486,957,14,971,0,971,281,1252,77.5559
第15任總統副總統,在桃園市各投開票所,桃園市,　桃園區,中泰里,0712,46,419,493,958,16,974,0,974,269,1243,78.3588
第15任總統副總統,在桃園市各投開票所,桃園市,　桃園區,中聖里,0713,42,468,384,894,9,903,0,903,420,1323,68.2540
第15任總統副總統,在桃園市各投開票所,桃園市,　桃園區,中聖里,0714,50,418,438,906,4,910,0,910,316,1226,74.2251
第15任總統副總統,在桃園市各投開票所,桃園市,　桃園區,中聖里,0715,54,413,530,997,10,1007,0,1007,374,1381,72.9182
第15任總統副總統,在桃園市各投開票所,桃園市,　桃園區,中聖里,0716,68,468,507,1043,16,1059,0,1059,274,1333,79.4449
第15任總統副總統,在桃園市各投開票所,桃園市,　桃園區,中路里,0717,75,561,821,1457,19,1476,0,1476,436,1912,77.1967
第15任總統副總統,在桃園市各投開票所,桃園市,　桃園區,中路里,0718,55,613,737,1405,14,1419,0,1419,503,1922,73.8293
第15任總統副總統,在桃園市各投開票所,桃園市,　桃園區,中德里,0719,57,462,629,1148,11,1159,0,1159,340,1499,77.3182
第15任總統副總統,在桃園市各投開票所,桃園市,　桃園區,中德里,0720,58,397,981,1436,15,1451,0,1451,397,1848,78.5173
第15任總統副總統,在桃園市各投開票所,桃園市,　桃園區,中德里,0721,53,437,582,1072,13,1085,0,1085,315,1400,77.5000
第15任總統副總統,在桃園市各投開票所,桃園市,　桃園區,中德里,0722,59,546,543,1148,8,1156,0,1156,404,1560,74.1026
第15任總統副總統,在桃園市各投開票所,桃園市,　桃園區,文中里,0723,70,347,681,1098,13,1111,0,1111,307,1418,78.3498
第15任總統副總統,在桃園市各投開票所,桃園市,　桃園區,文中里,0724,41,454,562,1057,13,1070,0,1070,351,1421,75.2991
第15任總統副總統,在桃園市各投開票所,桃園市,　桃園區,玉山里,0725,55,376,696,1127,10,1137,0,1137,267,1404,80.9829
第15任總統副總統,在桃園市各投開票所,桃園市,　桃園區,玉山里,0726,25,320,485,830,10,840,0,840,328,1168,71.9178
第15任總統副總統,在桃園市各投開票所,桃園市,　桃園區,玉山里,0727,30,339,491,860,13,873,0,873,242,1115,78.2960
第15任總統副總統,在桃園市各投開票所,桃園市,　桃園區,玉山里,0728,36,309,470,815,3,818,0,818,298,1116,73.2975
第15任總統副總統,在桃園市各投開票所,桃園市,　桃園區,泰山里,0729,74,539,794,1407,23,1430,0,1430,410,1840,77.7174
第15任總統副總統,在桃園市各投開票所,桃園市,　桃園區,泰山里,0730,68,513,768,1349,18,1367,0,1367,409,1776,76.9707
第15任總統副總統,在桃園市各投開票所,桃園市,　桃園區,龍山里,0731,28,300,454,782,13,795,0,795,322,1117,71.1728
第15任總統副總統,在桃園市各投開票所,桃園市,　桃園區,龍山里,0732,45,395,398,838,7,845,0,845,313,1158,72.9706
第15任總統副總統,在桃園市各投開票所,桃園市,　桃園區,龍山里,0733,28,350,421,799,9,808,0,808,358,1166,69.2967
第15任總統副總統,在桃園市各投開票所,桃園市,　桃園區,龍安里,0734,38,324,558,920,13,933,0,933,296,1229,75.9154
第15任總統副總統,在桃園市各投開票所,桃園市,　桃園區,龍安里,0735,52,389,624,1065,14,1079,0,1079,303,1382,78.0753
第15任總統副總統,在桃園市各投開票所,桃園市,　桃園區,龍安里,0736,53,377,461,891,9,900,0,900,318,1218,73.8916
第15任總統副總統,在桃園市各投開票所,桃園市,　桃園區,龍安里,0737,53,395,480,928,11,939,0,939,335,1274,73.7049
第15任總統副總統,在桃園市各投開票所,桃園市,　桃園區,龍岡里,0738,47,442,526,1015,10,1025,0,1025,344,1369,74.8722
第15任總統副總統,在桃園市各投開票所,桃園市,　桃園區,龍岡里,0739,61,436,581,1078,8,1086,0,1086,389,1475,73.6271
第15任總統副總統,在桃園市各投開票所,桃園市,　桃園區,龍岡里,0740,44,508,540,1092,14,1106,0,1106,346,1452,76.1708
第15任總統副總統,在桃園市各投開票所,桃園市,　桃園區,龍岡里,0741,47,439,502,988,8,996,0,996,295,1291,77.1495
第15任總統副總統,在桃園市各投開票所,桃園市,　桃園區,龍祥里,0742,54,480,545,1079,14,1093,0,1093,423,1516,72.0976
第15任總統副總統,在桃園市各投開票所,桃園市,　桃園區,龍祥里,0743,50,499,566,1115,6,1121,0,1121,429,1550,72.3226
第15任總統副總統,在桃園市各投開票所,桃園市,　桃園區,龍祥里,0744,91,549,613,1253,12,1265,0,1265,433,1698,74.4994
第15任總統副總統,在桃園市各投開票所,桃園市,　桃園區,龍壽里,0745,46,484,646,1176,9,1185,0,1185,380,1565,75.7188
第15任總統副總統,在桃園市各投開票所,桃園市,　桃園區,龍壽里,0746,44,399,580,1023,8,1031,0,1031,421,1452,71.0055
第15任總統副總統,在桃園市各投開票所,桃園市,　桃園區,龍壽里,0747,80,457,789,1326,19,1345,0,1345,454,1799,74.7638
第15任總統副總統,在桃園市各投開票所,桃園市,　桃園區,龍壽里,0748,53,316,495,864,9,873,0,873,251,1124,77.6690
第15任總統副總統,在桃園市各投開票所,桃園市,　桃園區,龍鳳里,0749,64,455,595,1114,11,1125,0,1125,359,1484,75.8086
第15任總統副總統,在桃園市各投開票所,桃園市,　桃園區,龍鳳里,0750,33,360,509,902,9,911,0,911,2417,3328,27.3738
第15任總統副總統,在桃園市各投開票所,桃園市,　桃園區,龍鳳里,0751,65,496,587,1148,10,1158,0,1158,410,1568,73.8520
第15任總統副總統,在桃園市各投開票所,桃園市,　桃園區,龍鳳里,0752,57,420,552,1029,16,1045,0,1045,400,1445,72.3183
第15任總統副總統,在桃園市各投開票所,桃園市,　桃園區,龍鳳里,0753,56,487,549,1092,15,1107,0,1107,351,1458,75.9259
第15任總統副總統,在桃園市各投開票所,桃園市,　桃園區,中埔里,0754,41,294,580,915,13,928,0,928,269,1197,77.5272
第15任總統副總統,在桃園市各投開票所,桃園市,　桃園區,中埔里,0755,35,208,556,799,8,807,0,807,213,1020,79.1176
第15任總統副總統,在桃園市各投開票所,桃園市,　桃園區,中寧里,0756,46,390,601,1037,9,1046,0,1046,368,1414,73.9745
第15任總統副總統,在桃園市各投開票所,桃園市,　桃園區,中寧里,0757,43,414,575,1032,8,1040,0,1040,349,1389,74.8740
第15任總統副總統,在桃園市各投開票所,桃園市,　桃園區,中寧里,0758,58,507,521,1086,14,1100,0,1100,472,1572,69.9746
第15任總統副總統,在桃園市各投開票所,桃園市,　桃園區,中寧里,0759,59,460,563,1082,10,1092,0,1092,335,1427,76.5242
第15任總統副總統,在桃園市各投開票所,桃園市,　桃園區,北埔里,0760,46,407,644,1097,14,1111,0,1111,375,1486,74.7645
第15任總統副總統,在桃園市各投開票所,桃園市,　桃園區,北埔里,0761,51,450,559,1060,10,1070,0,1070,381,1451,73.7422
第15任總統副總統,在桃園市各投開票所,桃園市,　桃園區,北埔里,0762,66,423,604,1093,7,1100,0,1100,382,1482,74.2240
第15任總統副總統,在桃園市各投開票所,桃園市,　桃園區,永安里,0763,42,314,589,945,11,956,0,956,332,1288,74.2236
第15任總統副總統,在桃園市各投開票所,桃園市,　桃園區,永安里,0764,50,352,720,1122,13,1135,0,1135,392,1527,74.3287
第15任總統副總統,在桃園市各投開票所,桃園市,　桃園區,永安里,0765,55,345,806,1206,18,1224,0,1224,346,1570,77.9618
第15任總統副總統,在桃園市各投開票所,桃園市,　桃園區,同安里,0766,76,542,690,1308,14,1322,0,1322,391,1713,77.1745
第15任總統副總統,在桃園市各投開票所,桃園市,　桃園區,同安里,0767,65,457,772,1294,12,1306,0,1306,482,1788,73.0425
第15任總統副總統,在桃園市各投開票所,桃園市,　桃園區,同安里,0768,66,538,679,1283,13,1296,0,1296,419,1715,75.5685
第15任總統副總統,在桃園市各投開票所,桃園市,　桃園區,同安里,0769,43,500,731,1274,10,1284,0,1284,459,1743,73.6661
第15任總統副總統,在桃園市各投開票所,桃園市,　桃園區,同安里,0770,63,419,642,1124,13,1137,0,1137,438,1575,72.1905
第15任總統副總統,在桃園市各投開票所,桃園市,　桃園區,同德里,0771,48,503,535,1086,14,1100,0,1100,356,1456,75.5495
第15任總統副總統,在桃園市各投開票所,桃園市,　桃園區,同德里,0772,70,424,624,1118,16,1134,0,1134,329,1463,77.5120
第15任總統副總統,在桃園市各投開票所,桃園市,　桃園區,同德里,0773,49,455,573,1077,14,1091,0,1091,333,1424,76.6152
第15任總統副總統,在桃園市各投開票所,桃園市,　桃園區,同德里,0774,55,454,510,1019,17,1036,0,1036,352,1388,74.6398
第15任總統副總統,在桃園市各投開票所,桃園市,　桃園區,自強里,0775,67,523,653,1243,12,1255,0,1255,426,1681,74.6579
第15任總統副總統,在桃園市各投開票所,桃園市,　桃園區,自強里,0776,78,598,717,1393,16,1409,0,1409,460,1869,75.3879
第15任總統副總統,在桃園市各投開票所,桃園市,　桃園區,自強里,0777,87,509,711,1307,16,1323,0,1323,429,1752,75.5137
第15任總統副總統,在桃園市各投開票所,桃園市,　桃園區,自強里,0778,63,541,810,1414,15,1429,0,1429,443,1872,76.3355
第15任總統副總統,在桃園市各投開票所,桃園市,　桃園區,西埔里,0779,53,422,971,1446,14,1460,0,1460,495,1955,74.6803
第15任總統副總統,在桃園市各投開票所,桃園市,　桃園區,西埔里,0780,35,238,544,817,11,828,0,828,230,1058,78.2609
第15任總統副總統,在桃園市各投開票所,桃園市,　桃園區,明德里,0781,48,419,542,1009,18,1027,0,1027,364,1391,73.8318
第15任總統副總統,在桃園市各投開票所,桃園市,　桃園區,明德里,0782,59,558,638,1255,17,1272,0,1272,418,1690,75.2663
第15任總統副總統,在桃園市各投開票所,桃園市,　桃園區,東埔里,0783,36,389,761,1186,23,1209,0,1209,419,1628,74.2629
第15任總統副總統,在桃園市各投開票所,桃園市,　桃園區,東埔里,0784,35,374,670,1079,7,1086,0,1086,411,1497,72.5451
第15任總統副總統,在桃園市各投開票所,桃園市,　桃園區,東埔里,0785,38,373,645,1056,16,1072,0,1072,322,1394,76.9010
第15任總統副總統,在桃園市各投開票所,桃園市,　桃園區,長安里,0786,51,395,864,1310,12,1322,0,1322,399,1721,76.8158
第15任總統副總統,在桃園市各投開票所,桃園市,　桃園區,長安里,0787,57,508,784,1349,12,1361,0,1361,389,1750,77.7714
第15任總統副總統,在桃園市各投開票所,桃園市,　桃園區,長德里,0788,56,470,703,1229,19,1248,0,1248,377,1625,76.8000
第15任總統副總統,在桃園市各投開票所,桃園市,　桃園區,長德里,0789,53,345,624,1022,13,1035,0,1035,307,1342,77.1237
第15任總統副總統,在桃園市各投開票所,桃園市,　桃園區,長德里,0790,81,499,777,1357,2,1359,0,1359,437,1796,75.6682
第15任總統副總統,在桃園市各投開票所,桃園市,　桃園區,信光里,0791,44,316,618,978,12,990,0,990,323,1313,75.3998
第15任總統副總統,在桃園市各投開票所,桃園市,　桃園區,信光里,0792,33,363,513,909,12,921,0,921,385,1306,70.5207
第15任總統副總統,在桃園市各投開票所,桃園市,　桃園區,信光里,0793,41,320,603,964,13,977,0,977,350,1327,73.6247
第15任總統副總統,在桃園市各投開票所,桃園市,　桃園區,信光里,0794,50,367,598,1015,8,1023,0,1023,374,1397,73.2283
第15任總統副總統,在桃園市各投開票所,桃園市,　桃園區,信光里,0795,36,397,565,998,9,1007,0,1007,326,1333,75.5439
第15任總統副總統,在桃園市各投開票所,桃園市,　桃園區,南埔里,0796,46,422,682,1150,13,1163,0,1163,381,1544,75.3238
第15任總統副總統,在桃園市各投開票所,桃園市,　桃園區,南埔里,0797,69,426,657,1152,15,1167,0,1167,349,1516,76.9789
第15任總統副總統,在桃園市各投開票所,桃園市,　桃園區,南埔里,0798,58,465,667,1190,21,1211,0,1211,354,1565,77.3802
第15任總統副總統,在桃園市各投開票所,桃園市,　桃園區,莊敬里,0799,62,554,663,1279,10,1289,0,1289,464,1753,73.5311
第15任總統副總統,在桃園市各投開票所,桃園市,　桃園區,莊敬里,0800,55,506,650,1211,9,1220,0,1220,374,1594,76.5370
第15任總統副總統,在桃園市各投開票所,桃園市,　桃園區,莊敬里,0801,55,474,687,1216,16,1232,0,1232,443,1675,73.5522
第15任總統副總統,在桃園市各投開票所,桃園市,　桃園區,莊敬里,0802,74,549,580,1203,13,1216,0,1216,409,1625,74.8308
第15任總統副總統,在桃園市各投開票所,桃園市,　桃園區,莊敬里,0803,53,595,576,1224,9,1233,0,1233,398,1631,75.5978
第15任總統副總統,在桃園市各投開票所,桃園市,　桃園區,慈文里,0804,33,390,641,1064,13,1077,0,1077,492,1569,68.6424
第15任總統副總統,在桃園市各投開票所,桃園市,　桃園區,慈文里,0805,64,426,538,1028,15,1043,0,1043,398,1441,72.3803
第15任總統副總統,在桃園市各投開票所,桃園市,　桃園區,慈文里,0806,46,396,679,1121,11,1132,0,1132,326,1458,77.6406
第15任總統副總統,在桃園市各投開票所,桃園市,　桃園區,慈文里,0807,63,435,650,1148,13,1161,0,1161,340,1501,77.3484
第15任總統副總統,在桃園市各投開票所,桃園市,　桃園區,新埔里,0808,43,573,696,1312,11,1323,0,1323,459,1782,74.2424
第15任總統副總統,在桃園市各投開票所,桃園市,　桃園區,新埔里,0809,83,587,736,1406,19,1425,0,1425,473,1898,75.0790
第15任總統副總統,在桃園市各投開票所,桃園市,　桃園區,新埔里,0810,52,493,640,1185,16,1201,0,1201,326,1527,78.6509
第15任總統副總統,在桃園市各投開票所,桃園市,　桃園區,新埔里,0811,57,620,848,1525,9,1534,0,1534,497,2031,75.5293
第15任總統副總統,在桃園市各投開票所,桃園市,　桃園區,新埔里,0812,69,576,705,1350,7,1357,0,1357,481,1838,73.8303
第15任總統副總統,在桃園市各投開票所,桃園市,　桃園區,瑞慶里,0813,50,409,578,1037,10,1047,0,1047,465,1512,69.2460
第15任總統副總統,在桃園市各投開票所,桃園市,　桃園區,瑞慶里,0814,61,451,558,1070,8,1078,0,1078,346,1424,75.7022
第15任總統副總統,在桃園市各投開票所,桃園市,　桃園區,瑞慶里,0815,54,404,576,1034,10,1044,0,1044,385,1429,73.0581
第15任總統副總統,在桃園市各投開票所,桃園市,　桃園區,瑞慶里,0816,62,361,521,944,13,957,0,957,367,1324,72.2810
第15任總統副總統,在桃園市各投開票所,桃園市,　桃園區,寶安里,0817,68,461,566,1095,8,1103,0,1103,349,1452,75.9642
第15任總統副總統,在桃園市各投開票所,桃園市,　桃園區,寶安里,0818,51,446,591,1088,13,1101,0,1101,422,1523,72.2915
第15任總統副總統,在桃園市各投開票所,桃園市,　桃園區,寶安里,0819,66,441,604,1111,6,1117,0,1117,392,1509,74.0225
第15任總統副總統,在桃園市各投開票所,桃園市,　桃園區,寶安里,0820,69,487,594,1150,18,1168,0,1168,404,1572,74.3003
第15任總統副總統,在桃園市各投開票所,桃園市,　桃園區,寶安里,0821,64,496,622,1182,11,1193,0,1193,504,1697,70.3005
第15任總統副總統,在桃園市各投開票所,桃園市,　桃園區,寶慶里,0822,52,444,570,1066,11,1077,0,1077,342,1419,75.8985
第15任總統副總統,在桃園市各投開票所,桃園市,　桃園區,寶慶里,0823,65,475,599,1139,12,1151,0,1151,349,1500,76.7333
第15任總統副總統,在桃園市各投開票所,桃園市,　桃園區,寶慶里,0824,56,469,629,1154,10,1164,0,1164,396,1560,74.6154
第15任總統副總統,在桃園市各投開票所,桃園市,　桃園區,寶慶里,0825,56,374,550,980,10,990,0,990,328,1318,75.1138
第15任總統副總統,在桃園市各投開票所,桃園市,　桃園區,朝陽里,0826,34,261,458,753,12,765,0,765,242,1007,75.9682
第15任總統副總統,在桃園市各投開票所,桃園市,　桃園區,朝陽里,0827,23,228,402,653,4,657,0,657,258,915,71.8033
第15任總統副總統,在桃園市各投開票所,桃園市,　桃園區,成功里,0828,39,346,463,848,6,854,0,854,253,1107,77.1454
第15任總統副總統,在桃園市各投開票所,桃園市,　桃園區,成功里,0829,48,408,566,1022,8,1030,0,1030,318,1348,76.4095
第15任總統副總統,在桃園市各投開票所,桃園市,　桃園區,成功里,0830,51,410,576,1037,11,1048,0,1048,296,1344,77.9762
第15任總統副總統,在桃園市各投開票所,桃園市,　桃園區,東門里,0831,42,438,559,1039,7,1046,0,1046,366,1412,74.0793
第15任總統副總統,在桃園市各投開票所,桃園市,　桃園區,東門里,0832,38,422,627,1087,17,1104,0,1104,365,1469,75.1532
第15任總統副總統,在桃園市各投開票所,桃園市,　桃園區,東山里,0833,75,517,763,1355,21,1376,0,1376,504,1880,73.1915
第15任總統副總統,在桃園市各投開票所,桃園市,　中壢區,後寮里,0434,65,508,567,1140,8,1148,0,1148,373,1521,75.4767
第15任總統副總統,在桃園市各投開票所,桃園市,　中壢區,後寮里,0435,47,463,600,1110,14,1124,0,1124,432,1556,72.2365
第15任總統副總統,在桃園市各投開票所,桃園市,　中壢區,後寮里,0436,58,499,575,1132,11,1143,0,1143,478,1621,70.5120
第15任總統副總統,在桃園市各投開票所,桃園市,　中壢區,明德里,0437,75,514,650,1239,13,1252,0,1252,374,1626,76.9988
第15任總統副總統,在桃園市各投開票所,桃園市,　中壢區,明德里,0438,45,445,588,1078,15,1093,0,1093,362,1455,75.1203
第15任總統副總統,在桃園市各投開票所,桃園市,　中壢區,明德里,0439,61,439,665,1165,10,1175,0,1175,321,1496,78.5428
第15任總統副總統,在桃園市各投開票所,桃園市,　中壢區,至善里,0440,46,629,482,1157,14,1171,0,1171,392,1563,74.9200
第15任總統副總統,在桃園市各投開票所,桃園市,　中壢區,至善里,0441,67,716,582,1365,9,1374,0,1374,557,1931,71.1548
第15任總統副總統,在桃園市各投開票所,桃園市,　中壢區,龍慈里,0442,63,343,452,858,14,872,0,872,243,1115,78.2063
第15任總統副總統,在桃園市各投開票所,桃園市,　中壢區,龍慈里,0443,61,672,555,1288,14,1302,0,1302,491,1793,72.6157
第15任總統副總統,在桃園市各投開票所,桃園市,　中壢區,龍慈里,0444,67,669,517,1253,10,1263,0,1263,450,1713,73.7303
第15任總統副總統,在桃園市各投開票所,桃園市,　中壢區,龍興里,0445,52,436,483,971,8,979,0,979,251,1230,79.5935
第15任總統副總統,在桃園市各投開票所,桃園市,　中壢區,龍興里,0446,60,480,559,1099,12,1111,0,1111,299,1410,78.7943
第15任總統副總統,在桃園市各投開票所,桃園市,　中壢區,龍興里,0447,50,456,608,1114,11,1125,0,1125,420,1545,72.8155
第15任總統副總統,在桃園市各投開票所,桃園市,　中壢區,龍德里,0448,50,446,494,990,6,996,1,997,265,1262,78.9223
第15任總統副總統,在桃園市各投開票所,桃園市,　中壢區,龍德里,0449,40,465,512,1017,8,1025,0,1025,258,1283,79.8909
第15任總統副總統,在桃園市各投開票所,桃園市,　中壢區,龍德里,0450,58,526,504,1088,8,1096,0,1096,332,1428,76.7507
第15任總統副總統,在桃園市各投開票所,桃園市,　中壢區,龍岡里,0451,64,616,526,1206,6,1212,0,1212,382,1594,76.0351
第15任總統副總統,在桃園市各投開票所,桃園市,　中壢區,龍岡里,0452,41,603,499,1143,9,1152,0,1152,357,1509,76.3419
第15任總統副總統,在桃園市各投開票所,桃園市,　中壢區,龍岡里,0453,52,639,461,1152,15,1167,0,1167,312,1479,78.9047
第15任總統副總統,在桃園市各投開票所,桃園市,　中壢區,龍東里,0454,46,670,421,1137,13,1150,0,1150,420,1570,73.2484
第15任總統副總統,在桃園市各投開票所,桃園市,　中壢區,龍東里,0455,56,758,357,1171,13,1184,0,1184,352,1536,77.0833
第15任總統副總統,在桃園市各投開票所,桃園市,　中壢區,龍東里,0456,71,788,422,1281,13,1294,0,1294,394,1688,76.6588
第15任總統副總統,在桃園市各投開票所,桃園市,　中壢區,龍昌里,0457,66,692,620,1378,16,1394,0,1394,348,1742,80.0230
第15任總統副總統,在桃園市各投開票所,桃園市,　中壢區,龍昌里,0458,42,733,630,1405,9,1414,1,1415,566,1981,71.3781
第15任總統副總統,在桃園市各投開票所,桃園市,　中壢區,龍昌里,0459,54,582,509,1145,14,1159,0,1159,378,1537,75.4066
第15任總統副總統,在桃園市各投開票所,桃園市,　中壢區,龍平里,0460,40,726,255,1021,16,1037,0,1037,273,1310,79.1603
第15任總統副總統,在桃園市各投開票所,桃園市,　中壢區,龍平里,0461,41,703,377,1121,11,1132,0,1132,412,1544,73.3161
第15任總統副總統,在桃園市各投開票所,桃園市,　中壢區,仁美里,0462,48,679,600,1327,14,1341,0,1341,417,1758,76.2799
第15任總統副總統,在桃園市各投開票所,桃園市,　中壢區,仁美里,0463,57,401,382,840,10,850,0,850,323,1173,72.4638
第15任總統副總統,在桃園市各投開票所,桃園市,　中壢區,仁美里,0464,41,390,380,811,8,819,0,819,250,1069,76.6137
第15任總統副總統,在桃園市各投開票所,桃園市,　中壢區,仁美里,0465,51,449,517,1017,6,1023,0,1023,337,1360,75.2206
第15任總統副總統,在桃園市各投開票所,桃園市,　中壢區,仁福里,0466,58,587,556,1201,15,1216,0,1216,391,1607,75.6689
第15任總統副總統,在桃園市各投開票所,桃園市,　中壢區,仁福里,0467,53,588,443,1084,5,1089,0,1089,460,1549,70.3034
第15任總統副總統,在桃園市各投開票所,桃園市,　中壢區,仁福里,0468,37,517,502,1056,8,1064,0,1064,424,1488,71.5054
第15任總統副總統,在桃園市各投開票所,桃園市,　中壢區,華愛里,0469,44,411,381,836,11,847,0,847,311,1158,73.1434
第15任總統副總統,在桃園市各投開票所,桃園市,　中壢區,華愛里,0470,32,418,361,811,14,825,0,825,269,1094,75.4113
第15任總統副總統,在桃園市各投開票所,桃園市,　中壢區,華愛里,0471,49,410,399,858,6,864,0,864,294,1158,74.6114
第15任總統副總統,在桃園市各投開票所,桃園市,　中壢區,普仁里,0472,46,439,491,976,7,983,0,983,365,1348,72.9228
第15任總統副總統,在桃園市各投開票所,桃園市,　中壢區,普仁里,0473,50,397,550,997,12,1009,0,1009,371,1380,73.1159
第15任總統副總統,在桃園市各投開票所,桃園市,　中壢區,普仁里,0474,42,428,436,906,10,916,0,916,453,1369,66.9102
第15任總統副總統,在桃園市各投開票所,桃園市,　中壢區,普忠里,0475,71,516,677,1264,11,1275,0,1275,412,1687,75.5779
第15任總統副總統,在桃園市各投開票所,桃園市,　中壢區,普忠里,0476,43,526,554,1123,17,1140,0,1140,424,1564,72.8900
第15任總統副總統,在桃園市各投開票所,桃園市,　中壢區,普強里,0477,46,460,480,986,19,1005,0,1005,284,1289,77.9674
第15任總統副總統,在桃園市各投開票所,桃園市,　中壢區,普強里,0478,55,348,408,811,9,820,0,820,262,1082,75.7856
第15任總統副總統,在桃園市各投開票所,桃園市,　中壢區,普強里,0479,50,448,464,962,11,973,0,973,261,1234,78.8493
第15任總統副總統,在桃園市各投開票所,桃園市,　中壢區,普慶里,0480,44,444,462,950,8,958,3,961,268,1229,77.9496
第15任總統副總統,在桃園市各投開票所,桃園市,　中壢區,普慶里,0481,44,427,499,970,9,979,0,979,291,1270,77.0866
第15任總統副總統,在桃園市各投開票所,桃園市,　中壢區,信義里,0482,63,425,538,1026,16,1042,0,1042,277,1319,78.9992
第15任總統副總統,在桃園市各投開票所,桃園市,　中壢區,信義里,0483,53,471,569,1093,13,1106,0,1106,265,1371,80.6710
第15任總統副總統,在桃園市各投開票所,桃園市,　中壢區,信義里,0484,66,485,580,1131,8,1139,0,1139,371,1510,75.4305
第15任總統副總統,在桃園市各投開票所,桃園市,　中壢區,正義里,0485,50,414,552,1016,10,1026,0,1026,353,1379,74.4017
第15任總統副總統,在桃園市各投開票所,桃園市,　中壢區,正義里,0486,53,393,606,1052,15,1067,0,1067,317,1384,77.0954
第15任總統副總統,在桃園市各投開票所,桃園市,　中壢區,正義里,0487,42,465,595,1102,10,1112,0,1112,321,1433,77.5994
第15任總統副總統,在桃園市各投開票所,桃園市,　中壢區,普義里,0488,42,417,441,900,12,912,0,912,242,1154,79.0295
第15任總統副總統,在桃園市各投開票所,桃園市,　中壢區,普義里,0489,45,394,469,908,6,914,0,914,270,1184,77.1959
第15任總統副總統,在桃園市各投開票所,桃園市,　中壢區,普義里,0490,48,528,498,1074,14,1088,0,1088,2031,3119,34.8830
第15任總統副總統,在桃園市各投開票所,桃園市,　中壢區,德義里,0491,36,344,458,838,7,845,0,845,281,1126,75.0444
第15任總統副總統,在桃園市各投開票所,桃園市,　中壢區,德義里,0492,54,458,536,1048,19,1067,0,1067,289,1356,78.6873
第15任總統副總統,在桃園市各投開票所,桃園市,　中壢區,仁義里,0493,46,364,433,843,6,849,0,849,312,1161,73.1266
第15任總統副總統,在桃園市各投開票所,桃園市,　中壢區,仁義里,0494,46,362,590,998,13,1011,0,1011,295,1306,77.4119
第15任總統副總統,在桃園市各投開票所,桃園市,　中壢區,仁義里,0495,50,354,521,925,13,938,0,938,345,1283,73.1099
第15任總統副總統,在桃園市各投開票所,桃園市,　中壢區,忠義里,0496,58,537,712,1307,8,1315,0,1315,529,1844,71.3124
第15任總統副總統,在桃園市各投開票所,桃園市,　中壢區,忠義里,0497,43,570,698,1311,16,1327,0,1327,470,1797,73.8453
第15任總統副總統,在桃園市各投開票所,桃園市,　中壢區,中興里,0498,54,578,545,1177,10,1187,1,1188,489,1677,70.7812
第15任總統副總統,在桃園市各投開票所,桃園市,　中壢區,中興里,0499,62,524,529,1115,11,1126,0,1126,358,1484,75.8760
第15任總統副總統,在桃園市各投開票所,桃園市,　中壢區,自立里,0500,42,690,182,914,8,922,0,922,276,1198,76.9616
第15任總統副總統,在桃園市各投開票所,桃園市,　中壢區,自立里,0501,52,692,195,939,10,949,0,949,278,1227,77.3431
第15任總統副總統,在桃園市各投開票所,桃園市,　中壢區,自立里,0502,62,692,244,998,7,1005,0,1005,326,1331,75.5071
第15任總統副總統,在桃園市各投開票所,桃園市,　中壢區,自立里,0503,41,615,305,961,7,968,0,968,341,1309,73.9496
第15任總統副總統,在桃園市各投開票所,桃園市,　中壢區,自信里,0504,61,491,416,968,10,978,0,978,339,1317,74.2597
第15任總統副總統,在桃園市各投開票所,桃園市,　中壢區,自信里,0505,56,481,466,1003,8,1011,0,1011,328,1339,75.5041
第15任總統副總統,在桃園市各投開票所,桃園市,　中壢區,自信里,0506,56,489,457,1002,7,1009,0,1009,341,1350,74.7407
第15任總統副總統,在桃園市各投開票所,桃園市,　中壢區,自信里,0507,42,446,464,952,13,965,0,965,356,1321,73.0507
第15任總統副總統,在桃園市各投開票所,桃園市,　中壢區,莊敬里,0508,45,1005,268,1318,14,1332,0,1332,392,1724,77.2622
第15任總統副總統,在桃園市各投開票所,桃園市,　中壢區,莊敬里,0509,65,636,534,1235,16,1251,0,1251,418,1669,74.9551
第15任總統副總統,在桃園市各投開票所,桃園市,　中壢區,自治里,0510,69,761,416,1246,15,1261,0,1261,400,1661,75.9181
第15任總統副總統,在桃園市各投開票所,桃園市,　中壢區,自治里,0511,68,822,444,1334,15,1349,0,1349,369,1718,78.5215
第15任總統副總統,在桃園市各投開票所,桃園市,　中壢區,內壢里,0512,38,393,327,758,6,764,0,764,311,1075,71.0698
第15任總統副總統,在桃園市各投開票所,桃園市,　中壢區,內壢里,0513,35,406,340,781,11,792,0,792,263,1055,75.0711
第15任總統副總統,在桃園市各投開票所,桃園市,　中壢區,成功里,0514,57,487,567,1111,13,1124,0,1124,391,1515,74.1914
第15任總統副總統,在桃園市各投開票所,桃園市,　中壢區,成功里,0515,46,456,530,1032,11,1043,0,1043,397,1440,72.4306
第15任總統副總統,在桃園市各投開票所,桃園市,　中壢區,成功里,0516,32,400,452,884,12,896,0,896,302,1198,74.7913
第15任總統副總統,在桃園市各投開票所,桃園市,　中壢區,福德里,0517,59,427,533,1019,14,1033,0,1033,312,1345,76.8030
第15任總統副總統,在桃園市各投開票所,桃園市,　中壢區,福德里,0518,63,523,491,1077,18,1095,0,1095,343,1438,76.1474
第15任總統副總統,在桃園市各投開票所,桃園市,　中壢區,中原里,0519,26,327,549,902,9,911,19,930,237,1167,78.0634
第15任總統副總統,在桃園市各投開票所,桃園市,　中壢區,中原里,0520,37,408,467,912,12,924,0,924,308,1232,75.0000
第15任總統副總統,在桃園市各投開票所,桃園市,　中壢區,中原里,0521,47,431,424,902,10,912,0,912,300,1212,75.2475
第15任總統副總統,在桃園市各投開票所,桃園市,　中壢區,忠孝里,0522,71,486,656,1213,14,1227,0,1227,335,1562,78.5531
第15任總統副總統,在桃園市各投開票所,桃園市,　中壢區,忠孝里,0523,52,412,536,1000,17,1017,0,1017,367,1384,73.4827
第15任總統副總統,在桃園市各投開票所,桃園市,　中壢區,忠孝里,0524,61,518,512,1091,16,1107,0,1107,371,1478,74.8985
第15任總統副總統,在桃園市各投開票所,桃園市,　中壢區,復興里,0525,39,499,481,1019,8,1027,0,1027,407,1434,71.6179
第15任總統副總統,在桃園市各投開票所,桃園市,　中壢區,復興里,0526,50,483,517,1050,8,1058,0,1058,376,1434,73.7796
第15任總統副總統,在桃園市各投開票所,桃園市,　中壢區,復興里,0527,53,428,710,1191,13,1204,0,1204,415,1619,74.3669
第15任總統副總統,在桃園市各投開票所,桃園市,　中壢區,復興里,0528,67,384,665,1116,11,1127,0,1127,498,1625,69.3538
第15任總統副總統,在桃園市各投開票所,桃園市,　中壢區,復興里,0529,68,458,529,1055,12,1067,0,1067,405,1472,72.4864
第15任總統副總統,在桃園市各投開票所,桃園市,　中壢區,復興里,0530,60,422,547,1029,10,1039,0,1039,328,1367,76.0059
第15任總統副總統,在桃園市各投開票所,桃園市,　中壢區,復華里,0531,42,375,511,928,10,938,0,938,301,1239,75.7062
第15任總統副總統,在桃園市各投開票所,桃園市,　中壢區,復華里,0532,62,447,580,1089,13,1102,0,1102,341,1443,76.3687
第15任總統副總統,在桃園市各投開票所,桃園市,　中壢區,復華里,0533,31,368,484,883,5,888,0,888,277,1165,76.2232
第15任總統副總統,在桃園市各投開票所,桃園市,　中壢區,復華里,0534,63,488,622,1173,14,1187,0,1187,326,1513,78.4534
第15任總統副總統,在桃園市各投開票所,桃園市,　中壢區,文化里,0535,61,354,522,937,13,950,0,950,258,1208,78.6424
第15任總統副總統,在桃園市各投開票所,桃園市,　中壢區,文化里,0536,56,347,499,902,12,914,0,914,290,1204,75.9136
第15任總統副總統,在桃園市各投開票所,桃園市,　中壢區,文化里,0537,43,325,544,912,8,920,0,920,302,1222,75.2864
第15任總統副總統,在桃園市各投開票所,桃園市,　中壢區,文化里,0538,65,499,542,1106,11,1117,0,1117,360,1477,75.6263
第15任總統副總統,在桃園市各投開票所,桃園市,　中壢區,文化里,0539,56,472,747,1275,12,1287,0,1287,393,1680,76.6071
第15任總統副總統,在桃園市各投開票所,桃園市,　中壢區,文化里,0540,65,523,672,1260,10,1270,0,1270,428,1698,74.7939
第15任總統副總統,在桃園市各投開票所,桃園市,　中壢區,和平里,0541,53,384,501,938,11,949,0,949,295,1244,76.2862
第15任總統副總統,在桃園市各投開票所,桃園市,　中壢區,和平里,0542,45,440,492,977,11,988,0,988,236,1224,80.7190
第15任總統副總統,在桃園市各投開票所,桃園市,　中壢區,內定里,0543,32,310,551,893,10,903,0,903,294,1197,75.4386
第15任總統副總統,在桃園市各投開票所,桃園市,　中壢區,內定里,0544,47,295,511,853,8,861,0,861,304,1165,73.9056
第15任總統副總統,在桃園市各投開票所,桃園市,　中壢區,內定里,0545,44,398,715,1157,14,1171,0,1171,306,1477,79.2823
第15任總統副總統,在桃園市各投開票所,桃園市,　中壢區,內定里,0546,55,375,714,1144,13,1157,0,1157,353,1510,76.6225
第15任總統副總統,在桃園市各投開票所,桃園市,　中壢區,內定里,0547,44,295,599,938,9,947,0,947,265,1212,78.1353
第15任總統副總統,在桃園市各投開票所,桃園市,　中壢區,石頭里,0548,46,472,687,1205,16,1221,0,1221,438,1659,73.5986
第15任總統副總統,在桃園市各投開票所,桃園市,　中壢區,中央里,0549,53,488,535,1076,20,1096,0,1096,286,1382,79.3054
第15任總統副總統,在桃園市各投開票所,桃園市,　中壢區,中央里,0550,47,325,446,818,10,828,0,828,244,1072,77.2388
第15任總統副總統,在桃園市各投開票所,桃園市,　中壢區,中央里,0551,31,291,424,746,12,758,0,758,222,980,77.3469
第15任總統副總統,在桃園市各投開票所,桃園市,　中壢區,新興里,0552,82,592,649,1323,19,1342,0,1342,437,1779,75.4356
第15任總統副總統,在桃園市各投開票所,桃園市,　中壢區,新興里,0553,71,525,762,1358,24,1382,0,1382,411,1793,77.0775
第15任總統副總統,在桃園市各投開票所,桃園市,　中壢區,林森里,0554,38,412,527,977,9,986,0,986,291,1277,77.2122
第15任總統副總統,在桃園市各投開票所,桃園市,　中壢區,林森里,0555,40,377,486,903,12,915,0,915,285,1200,76.2500
第15任總統副總統,在桃園市各投開票所,桃園市,　中壢區,林森里,0556,48,411,497,956,5,961,0,961,259,1220,78.7705
第15任總統副總統,在桃園市各投開票所,桃園市,　中壢區,振興里,0557,46,418,467,931,9,940,0,940,280,1220,77.0492
第15任總統副總統,在桃園市各投開票所,桃園市,　中壢區,振興里,0558,43,403,506,952,7,959,0,959,308,1267,75.6906
第15任總統副總統,在桃園市各投開票所,桃園市,　中壢區,振興里,0559,41,436,419,896,5,901,0,901,298,1199,75.1460
第15任總統副總統,在桃園市各投開票所,桃園市,　中壢區,振興里,0560,36,327,429,792,9,801,0,801,240,1041,76.9452
第15任總統副總統,在桃園市各投開票所,桃園市,　中壢區,東興里,0561,54,484,628,1166,12,1178,0,1178,469,1647,71.5240
第15任總統副總統,在桃園市各投開票所,桃園市,　中壢區,東興里,0562,80,480,742,1302,10,1312,0,1312,313,1625,80.7385
第15任總統副總統,在桃園市各投開票所,桃園市,　中壢區,健行里,0563,59,455,576,1090,10,1100,0,1100,281,1381,79.6524
第15任總統副總統,在桃園市各投開票所,桃園市,　中壢區,健行里,0564,61,498,500,1059,11,1070,0,1070,354,1424,75.1404
第15任總統副總統,在桃園市各投開票所,桃園市,　中壢區,健行里,0565,56,462,625,1143,13,1156,0,1156,354,1510,76.5563
第15任總統副總統,在桃園市各投開票所,桃園市,　中壢區,水尾里,0566,65,451,856,1372,11,1383,0,1383,469,1852,74.6760
第15任總統副總統,在桃園市各投開票所,桃園市,　中壢區,水尾里,0567,56,505,662,1223,12,1235,0,1235,373,1608,76.8035
第15任總統副總統,在桃園市各投開票所,桃園市,　中壢區,金華里,0568,49,524,515,1088,17,1105,0,1105,253,1358,81.3697
第15任總統副總統,在桃園市各投開票所,桃園市,　中壢區,金華里,0569,59,510,427,996,10,1006,0,1006,277,1283,78.4100
第15任總統副總統,在桃園市各投開票所,桃園市,　中壢區,金華里,0570,50,439,470,959,13,972,0,972,282,1254,77.5120
第15任總統副總統,在桃園市各投開票所,桃園市,　中壢區,忠福里,0571,54,422,759,1235,12,1247,0,1247,346,1593,78.2800
第15任總統副總統,在桃園市各投開票所,桃園市,　中壢區,忠福里,0572,45,476,479,1000,9,1009,0,1009,252,1261,80.0159
第15任總統副總統,在桃園市各投開票所,桃園市,　中壢區,忠福里,0573,46,338,595,979,10,989,0,989,337,1326,74.5852
第15任總統副總統,在桃園市各投開票所,桃園市,　中壢區,忠福里,0574,68,583,851,1502,21,1523,0,1523,458,1981,76.8804
第15任總統副總統,在桃園市各投開票所,桃園市,　中壢區,忠福里,0575,65,388,495,948,11,959,0,959,409,1368,70.1023
第15任總統副總統,在桃園市各投開票所,桃園市,　中壢區,幸福里,0576,32,409,700,1141,9,1150,0,1150,363,1513,76.0079
第15任總統副總統,在桃園市各投開票所,桃園市,　中壢區,幸福里,0577,54,501,649,1204,13,1217,0,1217,431,1648,73.8471
第15任總統副總統,在桃園市各投開票所,桃園市,　中壢區,幸福里,0578,50,372,562,984,6,990,0,990,333,1323,74.8299
第15任總統副總統,在桃園市各投開票所,桃園市,　中壢區,幸福里,0579,59,456,527,1042,13,1055,0,1055,334,1389,75.9539
第15任總統副總統,在桃園市各投開票所,桃園市,　中壢區,永福里,0580,28,158,273,459,5,464,0,464,174,638,72.7273
第15任總統副總統,在桃園市各投開票所,桃園市,　中壢區,永福里,0581,61,423,688,1172,22,1194,0,1194,318,1512,78.9683
第15任總統副總統,在桃園市各投開票所,桃園市,　中壢區,永福里,0582,51,428,727,1206,14,1220,1,1221,353,1574,77.5095
第15任總統副總統,在桃園市各投開票所,桃園市,　中壢區,永福里,0583,66,491,698,1255,9,1264,0,1264,354,1618,78.1211
第15任總統副總統,在桃園市各投開票所,桃園市,　中壢區,青埔里,0584,92,650,948,1690,16,1706,0,1706,602,2308,73.9168
第15任總統副總統,在桃園市各投開票所,桃園市,　中壢區,青埔里,0585,71,534,776,1381,21,1402,0,1402,457,1859,75.4169
第15任總統副總統,在桃園市各投開票所,桃園市,　中壢區,新街里,0586,32,268,425,725,7,732,0,732,284,1016,72.0472
第15任總統副總統,在桃園市各投開票所,桃園市,　中壢區,新街里,0587,45,368,420,833,18,851,0,851,257,1108,76.8051
第15任總統副總統,在桃園市各投開票所,桃園市,　中壢區,興南里,0588,50,409,607,1066,15,1081,0,1081,359,1440,75.0694
第15任總統副總統,在桃園市各投開票所,桃園市,　中壢區,興南里,0589,62,539,502,1103,12,1115,0,1115,471,1586,70.3026
第15任總統副總統,在桃園市各投開票所,桃園市,　中壢區,興國里,0590,27,263,396,686,8,694,0,694,262,956,72.5941
第15任總統副總統,在桃園市各投開票所,桃園市,　中壢區,興國里,0591,34,289,406,729,9,738,0,738,213,951,77.6025
第15任總統副總統,在桃園市各投開票所,桃園市,　中壢區,興平里,0592,46,303,583,932,12,944,0,944,256,1200,78.6667
第15任總統副總統,在桃園市各投開票所,桃園市,　中壢區,興平里,0593,36,332,544,912,11,923,0,923,236,1159,79.6376
第15任總統副總統,在桃園市各投開票所,桃園市,　中壢區,興和里,0594,25,260,516,801,3,804,0,804,238,1042,77.1593
第15任總統副總統,在桃園市各投開票所,桃園市,　中壢區,興和里,0595,60,504,767,1331,12,1343,0,1343,302,1645,81.6413
第15任總統副總統,在桃園市各投開票所,桃園市,　中壢區,永興里,0596,34,278,392,704,6,710,0,710,226,936,75.8547
第15任總統副總統,在桃園市各投開票所,桃園市,　中壢區,中壢里,0597,27,198,284,509,9,518,0,518,176,694,74.6398
第15任總統副總統,在桃園市各投開票所,桃園市,　中壢區,中榮里,0598,18,244,337,599,6,605,0,605,213,818,73.9609
第15任總統副總統,在桃園市各投開票所,桃園市,　中壢區,中建里,0599,34,265,435,734,5,739,0,739,248,987,74.8734
第15任總統副總統,在桃園市各投開票所,桃園市,　中壢區,舊明里,0600,45,415,706,1166,14,1180,0,1180,291,1471,80.2175
第15任總統副總統,在桃園市各投開票所,桃園市,　中壢區,新明里,0601,52,312,557,921,7,928,0,928,340,1268,73.1861
第15任總統副總統,在桃園市各投開票所,桃園市,　中壢區,新明里,0602,39,312,535,886,2,888,0,888,258,1146,77.4869
第15任總統副總統,在桃園市各投開票所,桃園市,　中壢區,新明里,0603,36,412,488,936,9,945,0,945,325,1270,74.4094
第15任總統副總統,在桃園市各投開票所,桃園市,　中壢區,光明里,0604,60,464,551,1075,19,1094,0,1094,347,1441,75.9195
第15任總統副總統,在桃園市各投開票所,桃園市,　中壢區,光明里,0605,41,314,409,764,8,772,0,772,261,1033,74.7338
第15任總統副總統,在桃園市各投開票所,桃園市,　中壢區,光明里,0606,31,492,531,1054,21,1075,0,1075,333,1408,76.3494
第15任總統副總統,在桃園市各投開票所,桃園市,　中壢區,光明里,0607,50,480,546,1076,12,1088,0,1088,325,1413,76.9993
第15任總統副總統,在桃園市各投開票所,桃園市,　中壢區,永光里,0608,49,338,609,996,11,1007,0,1007,304,1311,76.8116
第15任總統副總統,在桃園市各投開票所,桃園市,　中壢區,永光里,0609,53,497,595,1145,18,1163,0,1163,281,1444,80.5402
第15任總統副總統,在桃園市各投開票所,桃園市,　中壢區,永光里,0610,39,338,549,926,9,935,3,938,307,1245,75.1004
第15任總統副總統,在桃園市各投開票所,桃園市,　中壢區,永光里,0611,46,343,491,880,8,888,0,888,440,1328,66.8675
第15任總統副總統,在桃園市各投開票所,桃園市,　中壢區,三民里,0612,38,386,760,1184,13,1197,0,1197,357,1554,77.0270
第15任總統副總統,在桃園市各投開票所,桃園市,　中壢區,三民里,0613,53,383,703,1139,19,1158,0,1158,364,1522,76.0841
第15任總統副總統,在桃園市各投開票所,桃園市,　中壢區,五權里,0614,44,373,605,1022,12,1034,0,1034,340,1374,75.2547
第15任總統副總統,在桃園市各投開票所,桃園市,　中壢區,五權里,0615,47,380,742,1169,9,1178,0,1178,399,1577,74.6988
第15任總統副總統,在桃園市各投開票所,桃園市,　中壢區,五權里,0616,51,395,582,1028,14,1042,0,1042,362,1404,74.2165
第15任總統副總統,在桃園市各投開票所,桃園市,　中壢區,五權里,0617,52,408,651,1111,15,1126,0,1126,368,1494,75.3681
第15任總統副總統,在桃園市各投開票所,桃園市,　中壢區,五福里,0618,27,280,517,824,11,835,0,835,231,1066,78.3302
第15任總統副總統,在桃園市各投開票所,桃園市,　中壢區,五福里,0619,27,304,515,846,9,855,0,855,254,1109,77.0965
第15任總統副總統,在桃園市各投開票所,桃園市,　中壢區,五福里,0620,52,429,563,1044,10,1054,0,1054,290,1344,78.4226
第15任總統副總統,在桃園市各投開票所,桃園市,　中壢區,芝芭里,0621,61,332,850,1243,12,1255,0,1255,399,1654,75.8767
第15任總統副總統,在桃園市各投開票所,桃園市,　中壢區,芝芭里,0622,53,461,844,1358,20,1378,0,1378,453,1831,75.2594
第15任總統副總統,在桃園市各投開票所,桃園市,　中壢區,洽溪里,0623,74,372,864,1310,14,1324,0,1324,505,1829,72.3893
第15任總統副總統,在桃園市各投開票所,桃園市,　中壢區,洽溪里,0624,69,515,813,1397,11,1408,0,1408,413,1821,77.3202
第15任總統副總統,在桃園市各投開票所,桃園市,　中壢區,洽溪里,0625,73,555,773,1401,14,1415,0,1415,456,1871,75.6280
第15任總統副總統,在桃園市各投開票所,桃園市,　中壢區,內厝里,0626,57,350,787,1194,13,1207,0,1207,380,1587,76.0555
第15任總統副總統,在桃園市各投開票所,桃園市,　中壢區,內厝里,0627,45,309,730,1084,9,1093,0,1093,336,1429,76.4871
第15任總統副總統,在桃園市各投開票所,桃園市,　中壢區,內厝里,0628,58,386,765,1209,11,1220,0,1220,349,1569,77.7565
第15任總統副總統,在桃園市各投開票所,桃園市,　中壢區,月眉里,0629,53,336,846,1235,3,1238,0,1238,482,1720,71.9767
第15任總統副總統,在桃園市各投開票所,桃園市,　中壢區,月眉里,0630,48,360,755,1163,11,1174,0,1174,372,1546,75.9379
第15任總統副總統,在桃園市各投開票所,桃園市,　中壢區,月眉里,0631,62,312,1147,1521,15,1536,0,1536,465,2001,76.7616
第15任總統副總統,在桃園市各投開票所,桃園市,　中壢區,山東里,0632,39,254,611,904,5,909,1,910,306,1216,74.7533
第15任總統副總統,在桃園市各投開票所,桃園市,　中壢區,山東里,0633,29,223,695,947,5,952,0,952,243,1195,79.6653
第15任總統副總統,在桃園市各投開票所,桃園市,　中壢區,山東里,0634,36,211,653,900,11,911,0,911,299,1210,75.2893
第15任總統副總統,在桃園市各投開票所,桃園市,　中壢區,過嶺里,0635,60,416,787,1263,14,1277,0,1277,356,1633,78.1996
第15任總統副總統,在桃園市各投開票所,桃園市,　中壢區,過嶺里,0636,57,375,763,1195,11,1206,0,1206,457,1663,72.5195
第15任總統副總統,在桃園市各投開票所,桃園市,　中壢區,過嶺里,0637,56,455,695,1206,14,1220,0,1220,364,1584,77.0202
第15任總統副總統,在桃園市各投開票所,桃園市,　中壢區,過嶺里,0638,81,446,794,1321,14,1335,0,1335,464,1799,74.2079
第15任總統副總統,在桃園市各投開票所,桃園市,　中壢區,龍安里,1215,33,485,233,751,11,762,0,762,202,964,79.0456
第15任總統副總統,在桃園市各投開票所,桃園市,　中壢區,龍安里,1216,27,517,318,862,13,875,0,875,210,1085,80.6452
第15任總統副總統,在桃園市各投開票所,桃園市,　中壢區,仁愛里,1217,63,500,569,1132,12,1144,0,1144,342,1486,76.9852
第15任總統副總統,在桃園市各投開票所,桃園市,　中壢區,仁愛里,1218,56,450,590,1096,15,1111,0,1111,323,1434,77.4756
第15任總統副總統,在桃園市各投開票所,桃園市,　中壢區,仁德里,1219,74,549,518,1141,19,1160,0,1160,369,1529,75.8666
第15任總統副總統,在桃園市各投開票所,桃園市,　中壢區,仁德里,1220,56,599,425,1080,11,1091,0,1091,340,1431,76.2404
第15任總統副總統,在桃園市各投開票所,桃園市,　中壢區,仁和里,1221,64,617,547,1228,7,1235,0,1235,461,1696,72.8184
第15任總統副總統,在桃園市各投開票所,桃園市,　中壢區,仁和里,1222,63,624,592,1279,6,1285,1,1286,493,1779,72.2316
第15任總統副總統,在桃園市各投開票所,桃園市,　中壢區,仁祥里,1223,48,539,485,1072,9,1081,0,1081,400,1481,72.9912
第15任總統副總統,在桃園市各投開票所,桃園市,　中壢區,仁祥里,1224,41,548,342,931,6,937,0,937,317,1254,74.7209
第15任總統副總統,在桃園市各投開票所,桃園市,　中壢區,華勛里,1225,26,500,261,787,8,795,0,795,226,1021,77.8648
第15任總統副總統,在桃園市各投開票所,桃園市,　中壢區,華勛里,1226,30,456,333,819,11,830,0,830,349,1179,70.3986
第15任總統副總統,在桃園市各投開票所,桃園市,　中壢區,華勛里,1227,47,516,407,970,6,976,0,976,389,1365,71.5018
第15任總統副總統,在桃園市各投開票所,桃園市,　中壢區,中堅里,1228,55,543,429,1027,13,1040,0,1040,384,1424,73.0337
第15任總統副總統,在桃園市各投開票所,桃園市,　中壢區,中堅里,1229,36,324,252,612,1,613,0,613,196,809,75.7726
第15任總統副總統,在桃園市各投開票所,桃園市,　中壢區,中堅里,1230,57,574,423,1054,9,1063,0,1063,357,1420,74.8592
第15任總統副總統,在桃園市各投開票所,桃園市,　中壢區,興仁里,1231,48,561,602,1211,11,1222,0,1222,467,1689,72.3505
第15任總統副總統,在桃園市各投開票所,桃園市,　中壢區,興仁里,1232,69,550,545,1164,13,1177,0,1177,451,1628,72.2973
第15任總統副總統,在桃園市各投開票所,桃園市,　中壢區,中正里,1233,56,514,575,1145,4,1149,0,1149,480,1629,70.5341
第15任總統副總統,在桃園市各投開票所,桃園市,　中壢區,中正里,1234,45,651,553,1249,16,1265,0,1265,414,1679,75.3425
第15任總統副總統,在桃園市各投開票所,桃園市,　中壢區,中正里,1235,63,609,599,1271,3,1274,0,1274,432,1706,74.6776
第15任總統副總統,在桃園市各投開票所,桃園市,　中壢區,中山里,1236,55,488,507,1050,14,1064,0,1064,433,1497,71.0755
第15任總統副總統,在桃園市各投開票所,桃園市,　中壢區,中山里,1237,69,574,538,1181,15,1196,0,1196,440,1636,73.1051
第15任總統副總統,在桃園市各投開票所,桃園市,　中壢區,中山里,1238,54,502,481,1037,11,1048,0,1048,398,1446,72.4758
第15任總統副總統,在桃園市各投開票所,桃園市,　中壢區,篤行里,1239,38,406,428,872,9,881,0,881,349,1230,71.6260
第15任總統副總統,在桃園市各投開票所,桃園市,　中壢區,篤行里,1240,52,419,448,919,8,927,0,927,315,1242,74.6377
第15任總統副總統,在桃園市各投開票所,桃園市,　中壢區,自強里,1241,69,610,548,1227,12,1239,1,1240,377,1617,76.6234
第15任總統副總統,在桃園市各投開票所,桃園市,　中壢區,自強里,1242,88,672,587,1347,5,1352,0,1352,426,1778,76.0405
第15任總統副總統,在桃園市各投開票所,桃園市,　大溪區,興和里,1141,36,326,742,1104,16,1120,0,1120,325,1445,77.5087
第15任總統副總統,在桃園市各投開票所,桃園市,　大溪區,福仁里,1142,23,203,529,755,6,761,0,761,209,970,78.4536
第15任總統副總統,在桃園市各投開票所,桃園市,　大溪區,田心里,1143,45,347,707,1099,18,1117,0,1117,369,1486,75.1682
第15任總統副總統,在桃園市各投開票所,桃園市,　大溪區,田心里,1144,33,297,741,1071,5,1076,0,1076,334,1410,76.3121
第15任總統副總統,在桃園市各投開票所,桃園市,　大溪區,田心里,1145,63,327,684,1074,8,1082,0,1082,366,1448,74.7238
第15任總統副總統,在桃園市各投開票所,桃園市,　大溪區,一心里,1146,32,233,528,793,8,801,0,801,312,1113,71.9677
第15任總統副總統,在桃園市各投開票所,桃園市,　大溪區,一心里,1147,37,307,554,898,8,906,0,906,303,1209,74.9380
第15任總統副總統,在桃園市各投開票所,桃園市,　大溪區,一心里,1148,38,295,597,930,5,935,0,935,283,1218,76.7652
第15任總統副總統,在桃園市各投開票所,桃園市,　大溪區,一心里,1149,29,194,421,644,7,651,0,651,425,1076,60.5019
第15任總統副總統,在桃園市各投開票所,桃園市,　大溪區,一德里,1150,30,280,643,953,7,960,0,960,278,1238,77.5444
第15任總統副總統,在桃園市各投開票所,桃園市,　大溪區,一德里,1151,45,352,562,959,7,966,0,966,394,1360,71.0294
第15任總統副總統,在桃園市各投開票所,桃園市,　大溪區,一德里,1152,41,237,715,993,11,1004,0,1004,380,1384,72.5434
第15任總統副總統,在桃園市各投開票所,桃園市,　大溪區,一德里,1153,40,323,611,974,10,984,0,984,429,1413,69.6391
第15任總統副總統,在桃園市各投開票所,桃園市,　大溪區,月眉里,1154,36,219,637,892,7,899,0,899,311,1210,74.2975
第15任總統副總統,在桃園市各投開票所,桃園市,　大溪區,永福里,1155,15,183,508,706,8,714,0,714,256,970,73.6082
第15任總統副總統,在桃園市各投開票所,桃園市,　大溪區,康安里,1156,29,258,689,976,10,986,0,986,309,1295,76.1390
第15任總統副總統,在桃園市各投開票所,桃園市,　大溪區,義和里,1157,23,211,598,832,5,837,0,837,275,1112,75.2698
第15任總統副總統,在桃園市各投開票所,桃園市,　大溪區,義和里,1158,24,125,327,476,2,478,0,478,179,657,72.7549
第15任總統副總統,在桃園市各投開票所,桃園市,　大溪區,美華里,1159,39,211,572,822,10,832,0,832,206,1038,80.1541
第15任總統副總統,在桃園市各投開票所,桃園市,　大溪區,美華里,1160,39,283,613,935,6,941,0,941,294,1235,76.1943
第15任總統副總統,在桃園市各投開票所,桃園市,　大溪區,美華里,1161,16,154,337,507,6,513,0,513,209,722,71.0526
第15任總統副總統,在桃園市各投開票所,桃園市,　大溪區,福安里,1162,32,265,585,882,13,895,0,895,351,1246,71.8299
第15任總統副總統,在桃園市各投開票所,桃園市,　大溪區,福安里,1163,28,134,587,749,1,750,0,750,183,933,80.3859
第15任總統副總統,在桃園市各投開票所,桃園市,　大溪區,復興里,1164,26,172,436,634,8,642,0,642,245,887,72.3788
第15任總統副總統,在桃園市各投開票所,桃園市,　大溪區,新峰里,1165,21,165,393,579,12,591,0,591,202,793,74.5271
第15任總統副總統,在桃園市各投開票所,桃園市,　大溪區,中新里,1166,15,151,480,646,7,653,0,653,159,812,80.4187
第15任總統副總統,在桃園市各投開票所,桃園市,　大溪區,中新里,1167,17,174,342,533,4,537,0,537,148,685,78.3942
第15任總統副總統,在桃園市各投開票所,桃園市,　大溪區,瑞興里,1168,30,260,745,1035,8,1043,0,1043,342,1385,75.3069
第15任總統副總統,在桃園市各投開票所,桃園市,　大溪區,瑞興里,1169,49,369,487,905,10,915,0,915,387,1302,70.2765
第15任總統副總統,在桃園市各投開票所,桃園市,　大溪區,仁善里,1170,51,306,607,964,10,974,0,974,327,1301,74.8655
第15任總統副總統,在桃園市各投開票所,桃園市,　大溪區,仁善里,1171,40,380,459,879,5,884,0,884,315,1199,73.7281
第15任總統副總統,在桃園市各投開票所,桃園市,　大溪區,仁善里,1172,55,419,525,999,10,1009,0,1009,295,1304,77.3773
第15任總統副總統,在桃園市各投開票所,桃園市,　大溪區,仁美里,1173,17,332,346,695,7,702,0,702,254,956,73.4310
第15任總統副總統,在桃園市各投開票所,桃園市,　大溪區,仁美里,1174,36,338,399,773,16,789,0,789,254,1043,75.6472
第15任總統副總統,在桃園市各投開票所,桃園市,　大溪區,仁美里,1175,47,377,465,889,8,897,0,897,292,1189,75.4415
第15任總統副總統,在桃園市各投開票所,桃園市,　大溪區,僑愛里,1176,31,729,192,952,17,969,0,969,272,1241,78.0822
第15任總統副總統,在桃園市各投開票所,桃園市,　大溪區,僑愛里,1177,38,558,307,903,12,915,0,915,331,1246,73.4350
第15任總統副總統,在桃園市各投開票所,桃園市,　大溪區,仁義里,1178,43,576,373,992,14,1006,0,1006,406,1412,71.2465
第15任總統副總統,在桃園市各投開票所,桃園市,　大溪區,仁義里,1179,43,619,264,926,17,943,0,943,423,1366,69.0337
第15任總統副總統,在桃園市各投開票所,桃園市,　大溪區,仁和里,1180,51,576,564,1191,10,1201,0,1201,371,1572,76.3995
第15任總統副總統,在桃園市各投開票所,桃園市,　大溪區,仁和里,1181,48,415,644,1107,14,1121,0,1121,373,1494,75.0335
第15任總統副總統,在桃園市各投開票所,桃園市,　大溪區,仁和里,1182,56,397,644,1097,8,1105,0,1105,389,1494,73.9625
第15任總統副總統,在桃園市各投開票所,桃園市,　大溪區,仁愛里,1183,53,369,533,955,11,966,0,966,316,1282,75.3510
第15任總統副總統,在桃園市各投開票所,桃園市,　大溪區,仁愛里,1184,39,316,476,831,10,841,0,841,224,1065,78.9671
第15任總統副總統,在桃園市各投開票所,桃園市,　大溪區,仁愛里,1185,47,337,581,965,6,971,0,971,283,1254,77.4322
第15任總統副總統,在桃園市各投開票所,桃園市,　大溪區,仁愛里,1186,44,415,493,952,12,964,0,964,375,1339,71.9940
第15任總統副總統,在桃園市各投開票所,桃園市,　大溪區,仁武里,1187,63,474,657,1194,20,1214,0,1214,389,1603,75.7330
第15任總統副總統,在桃園市各投開票所,桃園市,　大溪區,仁武里,1188,53,476,527,1056,20,1076,0,1076,412,1488,72.3118
第15任總統副總統,在桃園市各投開票所,桃園市,　大溪區,仁文里,1189,40,394,469,903,11,914,0,914,425,1339,68.2599
第15任總統副總統,在桃園市各投開票所,桃園市,　大溪區,仁文里,1190,35,332,364,731,5,736,0,736,270,1006,73.1610
第15任總統副總統,在桃園市各投開票所,桃園市,　大溪區,仁文里,1191,54,426,582,1062,10,1072,0,1072,355,1427,75.1226
第15任總統副總統,在桃園市各投開票所,桃園市,　大溪區,南興里,1192,31,235,593,859,7,866,0,866,287,1153,75.1084
第15任總統副總統,在桃園市各投開票所,桃園市,　大溪區,南興里,1193,25,261,647,933,11,944,0,944,337,1281,73.6924
第15任總統副總統,在桃園市各投開票所,桃園市,　大溪區,南興里,1194,23,256,488,767,13,780,0,780,395,1175,66.3830
第15任總統副總統,在桃園市各投開票所,桃園市,　大溪區,南興里,1195,44,374,454,872,6,878,0,878,380,1258,69.7933
第15任總統副總統,在桃園市各投開票所,桃園市,　大溪區,光明里,1196,52,403,373,828,18,846,0,846,336,1182,71.5736
第15任總統副總統,在桃園市各投開票所,桃園市,　大溪區,光明里,1197,32,452,326,810,9,819,0,819,309,1128,72.6064
第15任總統副總統,在桃園市各投開票所,桃園市,　大溪區,員林里,1198,47,437,566,1050,14,1064,0,1064,420,1484,71.6981
第15任總統副總統,在桃園市各投開票所,桃園市,　大溪區,三元里,1199,45,523,501,1069,13,1082,0,1082,344,1426,75.8766
第15任總統副總統,在桃園市各投開票所,桃園市,　大溪區,三元里,1200,61,619,386,1066,9,1075,0,1075,418,1493,72.0027
第15任總統副總統,在桃園市各投開票所,桃園市,　大溪區,瑞源里,1201,46,368,501,915,10,925,0,925,285,1210,76.4463
第15任總統副總統,在桃園市各投開票所,桃園市,　大溪區,瑞源里,1202,31,333,469,833,9,842,0,842,302,1144,73.6014
第15任總統副總統,在桃園市各投開票所,桃園市,　大溪區,瑞源里,1203,41,249,656,946,9,955,0,955,325,1280,74.6094
第15任總統副總統,在桃園市各投開票所,桃園市,　楊梅區,仁美里,0349,38,394,448,880,8,888,0,888,348,1236,71.8447
第15任總統副總統,在桃園市各投開票所,桃園市,　楊梅區,仁美里,0350,38,383,471,892,12,904,0,904,284,1188,76.0943
第15任總統副總統,在桃園市各投開票所,桃園市,　楊梅區,仁美里,0351,51,503,506,1060,10,1070,0,1070,307,1377,77.7052
第15任總統副總統,在桃園市各投開票所,桃園市,　楊梅區,埔心里,0352,47,399,649,1095,12,1107,0,1107,291,1398,79.1845
第15任總統副總統,在桃園市各投開票所,桃園市,　楊梅區,光華里,0353,44,593,488,1125,15,1140,0,1140,360,1500,76.0000
第15任總統副總統,在桃園市各投開票所,桃園市,　楊梅區,光華里,0354,55,585,554,1194,7,1201,0,1201,412,1613,74.4575
第15任總統副總統,在桃園市各投開票所,桃園市,　楊梅區,金龍里,0355,30,511,287,828,16,844,0,844,278,1122,75.2228
第15任總統副總統,在桃園市各投開票所,桃園市,　楊梅區,四維里,0356,84,481,603,1168,9,1177,0,1177,337,1514,77.7411
第15任總統副總統,在桃園市各投開票所,桃園市,　楊梅區,四維里,0357,79,524,522,1125,11,1136,0,1136,352,1488,76.3441
第15任總統副總統,在桃園市各投開票所,桃園市,　楊梅區,四維里,0358,49,395,432,876,9,885,0,885,247,1132,78.1802
第15任總統副總統,在桃園市各投開票所,桃園市,　楊梅區,永平里,0359,70,574,650,1294,20,1314,0,1314,586,1900,69.1579
第15任總統副總統,在桃園市各投開票所,桃園市,　楊梅區,瑞塘里,0360,59,492,716,1267,13,1280,0,1280,394,1674,76.4636
第15任總統副總統,在桃園市各投開票所,桃園市,　楊梅區,瑞塘里,0361,78,564,721,1363,24,1387,0,1387,567,1954,70.9826
第15任總統副總統,在桃園市各投開票所,桃園市,　楊梅區,瑞塘里,0362,56,551,679,1286,11,1297,0,1297,396,1693,76.6096
第15任總統副總統,在桃園市各投開票所,桃園市,　楊梅區,瑞坪里,0363,67,672,604,1343,7,1350,0,1350,541,1891,71.3908
第15任總統副總統,在桃園市各投開票所,桃園市,　楊梅區,瑞坪里,0364,63,651,686,1400,11,1411,0,1411,570,1981,71.2267
第15任總統副總統,在桃園市各投開票所,桃園市,　楊梅區,瑞坪里,0365,63,592,531,1186,9,1195,0,1195,451,1646,72.6002
第15任總統副總統,在桃園市各投開票所,桃園市,　楊梅區,梅溪里,0366,79,664,810,1553,15,1568,0,1568,522,2090,75.0239
第15任總統副總統,在桃園市各投開票所,桃園市,　楊梅區,梅溪里,0367,45,577,665,1287,10,1297,0,1297,543,1840,70.4891
第15任總統副總統,在桃園市各投開票所,桃園市,　楊梅區,瑞溪里,0368,59,484,664,1207,15,1222,0,1222,589,1811,67.4765
第15任總統副總統,在桃園市各投開票所,桃園市,　楊梅區,瑞溪里,0369,56,515,639,1210,6,1216,0,1216,408,1624,74.8768
第15任總統副總統,在桃園市各投開票所,桃園市,　楊梅區,金溪里,0370,59,469,618,1146,14,1160,0,1160,520,1680,69.0476
第15任總統副總統,在桃園市各投開票所,桃園市,　楊梅區,金溪里,0371,97,786,718,1601,32,1633,0,1633,428,2061,79.2334
第15任總統副總統,在桃園市各投開票所,桃園市,　楊梅區,三民里,0372,67,491,544,1102,14,1116,0,1116,354,1470,75.9184
第15任總統副總統,在桃園市各投開票所,桃園市,　楊梅區,三民里,0373,69,550,607,1226,9,1235,0,1235,498,1733,71.2637
第15任總統副總統,在桃園市各投開票所,桃園市,　楊梅區,楊明里,0374,64,581,570,1215,13,1228,0,1228,452,1680,73.0952
第15任總統副總統,在桃園市各投開票所,桃園市,　楊梅區,楊明里,0375,74,529,667,1270,11,1281,0,1281,397,1678,76.3409
第15任總統副總統,在桃園市各投開票所,桃園市,　楊梅區,楊明里,0376,71,462,533,1066,14,1080,0,1080,361,1441,74.9480
第15任總統副總統,在桃園市各投開票所,桃園市,　楊梅區,楊明里,0377,91,505,733,1329,20,1349,0,1349,562,1911,70.5913
第15任總統副總統,在桃園市各投開票所,桃園市,　楊梅區,裕成里,0378,63,569,515,1147,14,1161,0,1161,378,1539,75.4386
第15任總統副總統,在桃園市各投開票所,桃園市,　楊梅區,裕成里,0379,51,574,541,1166,12,1178,0,1178,424,1602,73.5331
第15任總統副總統,在桃園市各投開票所,桃園市,　楊梅區,裕新里,0380,77,758,675,1510,10,1520,0,1520,792,2312,65.7439
第15任總統副總統,在桃園市各投開票所,桃園市,　楊梅區,大同里,0381,45,592,628,1265,8,1273,0,1273,390,1663,76.5484
第15任總統副總統,在桃園市各投開票所,桃園市,　楊梅區,大同里,0382,54,553,543,1150,6,1156,0,1156,384,1540,75.0649
第15任總統副總統,在桃園市各投開票所,桃園市,　楊梅區,中山里,0383,56,591,635,1282,14,1296,0,1296,378,1674,77.4194
第15任總統副總統,在桃園市各投開票所,桃園市,　楊梅區,中山里,0384,43,420,495,958,6,964,0,964,288,1252,76.9968
第15任總統副總統,在桃園市各投開票所,桃園市,　楊梅區,楊梅里,0385,69,640,745,1454,18,1472,0,1472,442,1914,76.9070
第15任總統副總統,在桃園市各投開票所,桃園市,　楊梅區,楊梅里,0386,55,600,679,1334,14,1348,0,1348,363,1711,78.7843
第15任總統副總統,在桃園市各投開票所,桃園市,　楊梅區,楊江里,0387,38,369,379,786,11,797,0,797,243,1040,76.6346
第15任總統副總統,在桃園市各投開票所,桃園市,　楊梅區,梅新里,0388,81,683,697,1461,12,1473,0,1473,485,1958,75.2298
第15任總統副總統,在桃園市各投開票所,桃園市,　楊梅區,紅梅里,0389,39,409,479,927,7,934,0,934,302,1236,75.5663
第15任總統副總統,在桃園市各投開票所,桃園市,　楊梅區,紅梅里,0390,49,475,500,1024,7,1031,0,1031,272,1303,79.1251
第15任總統副總統,在桃園市各投開票所,桃園市,　楊梅區,永寧里,0391,33,374,567,974,9,983,0,983,988,1971,49.8732
第15任總統副總統,在桃園市各投開票所,桃園市,　楊梅區,永寧里,0392,56,448,688,1192,12,1204,0,1204,461,1665,72.3123
第15任總統副總統,在桃園市各投開票所,桃園市,　楊梅區,永寧里,0393,67,578,593,1238,7,1245,0,1245,399,1644,75.7299
第15任總統副總統,在桃園市各投開票所,桃園市,　楊梅區,永寧里,0394,63,546,599,1208,11,1219,0,1219,505,1724,70.7077
第15任總統副總統,在桃園市各投開票所,桃園市,　楊梅區,大平里,0395,58,509,486,1053,10,1063,1,1064,472,1536,69.2057
第15任總統副總統,在桃園市各投開票所,桃園市,　楊梅區,大平里,0396,47,510,588,1145,12,1157,0,1157,424,1581,73.1815
第15任總統副總統,在桃園市各投開票所,桃園市,　楊梅區,秀才里,0397,47,446,642,1135,16,1151,0,1151,382,1533,75.0815
第15任總統副總統,在桃園市各投開票所,桃園市,　楊梅區,秀才里,0398,63,563,655,1281,14,1295,0,1295,391,1686,76.8090
第15任總統副總統,在桃園市各投開票所,桃園市,　楊梅區,東流里,0399,39,413,721,1173,10,1183,0,1183,532,1715,68.9796
第15任總統副總統,在桃園市各投開票所,桃園市,　楊梅區,東流里,0400,51,289,418,758,11,769,0,769,358,1127,68.2343
第15任總統副總統,在桃園市各投開票所,桃園市,　楊梅區,豐野里,0401,68,575,694,1337,23,1360,0,1360,439,1799,75.5976
第15任總統副總統,在桃園市各投開票所,桃園市,　楊梅區,豐野里,0402,73,581,811,1465,18,1483,0,1483,492,1975,75.0886
第15任總統副總統,在桃園市各投開票所,桃園市,　楊梅區,富岡里,0403,60,602,694,1356,25,1381,0,1381,416,1797,76.8503
第15任總統副總統,在桃園市各投開票所,桃園市,　楊梅區,富豐里,0404,31,279,526,836,11,847,1,848,269,1117,75.8281
第15任總統副總統,在桃園市各投開票所,桃園市,　楊梅區,富豐里,0405,53,578,626,1257,14,1271,0,1271,505,1776,71.5653
第15任總統副總統,在桃園市各投開票所,桃園市,　楊梅區,員本里,0406,58,388,631,1077,13,1090,0,1090,409,1499,72.7151
第15任總統副總統,在桃園市各投開票所,桃園市,　楊梅區,員本里,0407,47,333,501,881,15,896,0,896,289,1185,75.6118
第15任總統副總統,在桃園市各投開票所,桃園市,　楊梅區,三湖里,0408,56,370,492,918,9,927,0,927,329,1256,73.8057
第15任總統副總統,在桃園市各投開票所,桃園市,　楊梅區,三湖里,0409,42,412,598,1052,7,1059,0,1059,324,1383,76.5727
第15任總統副總統,在桃園市各投開票所,桃園市,　楊梅區,頭湖里,0410,68,428,472,968,13,981,0,981,259,1240,79.1129
第15任總統副總統,在桃園市各投開票所,桃園市,　楊梅區,頭湖里,0411,58,406,527,991,11,1002,0,1002,495,1497,66.9339
第15任總統副總統,在桃園市各投開票所,桃園市,　楊梅區,上湖里,0412,53,517,719,1289,19,1308,0,1308,563,1871,69.9091
第15任總統副總統,在桃園市各投開票所,桃園市,　楊梅區,上湖里,0413,59,528,578,1165,15,1180,0,1180,512,1692,69.7400
第15任總統副總統,在桃園市各投開票所,桃園市,　楊梅區,上湖里,0414,70,589,687,1346,7,1353,0,1353,595,1948,69.4559
第15任總統副總統,在桃園市各投開票所,桃園市,　楊梅區,上田里,0415,42,300,559,901,3,904,0,904,258,1162,77.7969
第15任總統副總統,在桃園市各投開票所,桃園市,　楊梅區,上田里,0416,49,347,572,968,18,986,0,986,371,1357,72.6603
第15任總統副總統,在桃園市各投開票所,桃園市,　楊梅區,高山里,0417,58,504,563,1125,12,1137,0,1137,542,1679,67.7189
第15任總統副總統,在桃園市各投開票所,桃園市,　楊梅區,高山里,0418,63,659,648,1370,13,1383,0,1383,499,1882,73.4857
第15任總統副總統,在桃園市各投開票所,桃園市,　楊梅區,高上里,0419,38,314,507,859,12,871,0,871,323,1194,72.9481
第15任總統副總統,在桃園市各投開票所,桃園市,　楊梅區,高上里,0420,54,438,599,1091,13,1104,0,1104,346,1450,76.1379
第15任總統副總統,在桃園市各投開票所,桃園市,　楊梅區,青山里,0421,66,654,718,1438,13,1451,0,1451,804,2255,64.3459
第15任總統副總統,在桃園市各投開票所,桃園市,　楊梅區,青山里,0422,62,576,618,1256,6,1262,0,1262,567,1829,68.9995
第15任總統副總統,在桃園市各投開票所,桃園市,　楊梅區,高榮里,0423,61,414,791,1266,14,1280,0,1280,392,1672,76.5550
第15任總統副總統,在桃園市各投開票所,桃園市,　楊梅區,高榮里,0424,61,463,706,1230,18,1248,0,1248,443,1691,73.8025
第15任總統副總統,在桃園市各投開票所,桃園市,　楊梅區,雙榮里,0425,67,491,663,1221,14,1235,0,1235,346,1581,78.1151
第15任總統副總統,在桃園市各投開票所,桃園市,　楊梅區,雙榮里,0426,51,455,729,1235,12,1247,0,1247,308,1555,80.1929
第15任總統副總統,在桃園市各投開票所,桃園市,　楊梅區,新榮里,0427,56,441,711,1208,14,1222,0,1222,322,1544,79.1451
第15任總統副總統,在桃園市各投開票所,桃園市,　楊梅區,新榮里,0428,58,536,765,1359,14,1373,0,1373,441,1814,75.6891
第15任總統副總統,在桃園市各投開票所,桃園市,　楊梅區,水美里,0429,45,447,571,1063,12,1075,0,1075,326,1401,76.7309
第15任總統副總統,在桃園市各投開票所,桃園市,　楊梅區,水美里,0430,51,385,510,946,8,954,0,954,350,1304,73.1595
第15任總統副總統,在桃園市各投開票所,桃園市,　楊梅區,水美里,0431,49,387,499,935,10,945,0,945,312,1257,75.1790
第15任總統副總統,在桃園市各投開票所,桃園市,　楊梅區,瑞原里,0432,63,477,645,1185,15,1200,0,1200,421,1621,74.0284
第15任總統副總統,在桃園市各投開票所,桃園市,　楊梅區,瑞原里,0433,70,580,736,1386,13,1399,0,1399,593,1992,70.2309
第15任總統副總統,在桃園市各投開票所,桃園市,　蘆竹區,新興里,0001,50,282,764,1096,16,1112,1,1113,344,1457,76.3212
第15任總統副總統,在桃園市各投開票所,桃園市,　蘆竹區,新興里,0002,35,265,701,1001,10,1011,0,1011,338,1349,74.9444
第15任總統副總統,在桃園市各投開票所,桃園市,　蘆竹區,中福里,0003,36,257,695,988,9,997,1,998,354,1352,73.7426
第15任總統副總統,在桃園市各投開票所,桃園市,　蘆竹區,中福里,0004,36,266,665,967,8,975,0,975,291,1266,77.0142
第15任總統副總統,在桃園市各投開票所,桃園市,　蘆竹區,中福里,0005,35,254,650,939,8,947,0,947,282,1229,77.0545
第15任總統副總統,在桃園市各投開票所,桃園市,　蘆竹區,上興里,0006,54,375,707,1136,11,1147,0,1147,325,1472,77.9212
第15任總統副總統,在桃園市各投開票所,桃園市,　蘆竹區,上興里,0007,63,459,742,1264,8,1272,0,1272,391,1663,76.4883
第15任總統副總統,在桃園市各投開票所,桃園市,　蘆竹區,中興里,0008,62,384,626,1072,6,1078,0,1078,339,1417,76.0762
第15任總統副總統,在桃園市各投開票所,桃園市,　蘆竹區,中興里,0009,56,411,676,1143,12,1155,0,1155,477,1632,70.7721
第15任總統副總統,在桃園市各投開票所,桃園市,　蘆竹區,中興里,0010,67,427,692,1186,9,1195,0,1195,438,1633,73.1782
第15任總統副總統,在桃園市各投開票所,桃園市,　蘆竹區,新莊里,0011,38,298,724,1060,7,1067,0,1067,355,1422,75.0352
第15任總統副總統,在桃園市各投開票所,桃園市,　蘆竹區,新莊里,0012,43,312,827,1182,8,1190,0,1190,383,1573,75.6516
第15任總統副總統,在桃園市各投開票所,桃園市,　蘆竹區,新莊里,0013,66,438,770,1274,14,1288,0,1288,480,1768,72.8507
第15任總統副總統,在桃園市各投開票所,桃園市,　蘆竹區,上竹里,0014,59,407,769,1235,10,1245,0,1245,376,1621,76.8044
第15任總統副總統,在桃園市各投開票所,桃園市,　蘆竹區,上竹里,0015,53,468,812,1333,13,1346,0,1346,412,1758,76.5643
第15任總統副總統,在桃園市各投開票所,桃園市,　蘆竹區,宏竹里,0016,55,324,749,1128,11,1139,0,1139,341,1480,76.9595
第15任總統副總統,在桃園市各投開票所,桃園市,　蘆竹區,宏竹里,0017,54,332,688,1074,13,1087,0,1087,326,1413,76.9285
第15任總統副總統,在桃園市各投開票所,桃園市,　蘆竹區,大竹里,0018,64,437,696,1197,8,1205,0,1205,383,1588,75.8816
第15任總統副總統,在桃園市各投開票所,桃園市,　蘆竹區,大竹里,0019,70,434,692,1196,9,1205,0,1205,372,1577,76.4109
第15任總統副總統,在桃園市各投開票所,桃園市,　蘆竹區,大竹里,0020,68,418,707,1193,9,1202,0,1202,336,1538,78.1534
第15任總統副總統,在桃園市各投開票所,桃園市,　蘆竹區,富竹里,0021,51,193,734,978,9,987,0,987,285,1272,77.5943
第15任總統副總統,在桃園市各投開票所,桃園市,　蘆竹區,蘆竹里,0022,26,228,660,914,12,926,0,926,309,1235,74.9798
第15任總統副總統,在桃園市各投開票所,桃園市,　蘆竹區,蘆竹里,0023,34,262,728,1024,9,1033,0,1033,301,1334,77.4363
第15任總統副總統,在桃園市各投開票所,桃園市,　蘆竹區,蘆竹里,0024,23,299,722,1044,13,1057,0,1057,353,1410,74.9645
第15任總統副總統,在桃園市各投開票所,桃園市,　蘆竹區,南興里,0025,59,488,606,1153,11,1164,0,1164,363,1527,76.2279
第15任總統副總統,在桃園市各投開票所,桃園市,　蘆竹區,南興里,0026,59,592,694,1345,21,1366,0,1366,479,1845,74.0379
第15任總統副總統,在桃園市各投開票所,桃園市,　蘆竹區,南興里,0027,68,494,592,1154,16,1170,0,1170,404,1574,74.3329
第15任總統副總統,在桃園市各投開票所,桃園市,　蘆竹區,福昌里,0028,67,507,691,1265,13,1278,0,1278,438,1716,74.4755
第15任總統副總統,在桃園市各投開票所,桃園市,　蘆竹區,福昌里,0029,56,445,608,1109,10,1119,0,1119,445,1564,71.5473
第15任總統副總統,在桃園市各投開票所,桃園市,　蘆竹區,福昌里,0030,52,490,645,1187,13,1200,0,1200,365,1565,76.6773
第15任總統副總統,在桃園市各投開票所,桃園市,　蘆竹區,福興里,0031,64,439,640,1143,9,1152,0,1152,467,1619,71.1550
第15任總統副總統,在桃園市各投開票所,桃園市,　蘆竹區,福興里,0032,66,478,686,1230,16,1246,0,1246,468,1714,72.6954
第15任總統副總統,在桃園市各投開票所,桃園市,　蘆竹區,正興里,0033,50,356,589,995,13,1008,0,1008,402,1410,71.4894
第15任總統副總統,在桃園市各投開票所,桃園市,　蘆竹區,正興里,0034,42,386,601,1029,12,1041,0,1041,423,1464,71.1066
第15任總統副總統,在桃園市各投開票所,桃園市,　蘆竹區,正興里,0035,54,334,503,891,7,898,0,898,377,1275,70.4314
第15任總統副總統,在桃園市各投開票所,桃園市,　蘆竹區,順興里,0036,44,356,550,950,9,959,0,959,340,1299,73.8260
第15任總統副總統,在桃園市各投開票所,桃園市,　蘆竹區,順興里,0037,43,263,456,762,7,769,0,769,310,1079,71.2697
第15任總統副總統,在桃園市各投開票所,桃園市,　蘆竹區,順興里,0038,45,367,451,863,12,875,0,875,328,1203,72.7348
第15任總統副總統,在桃園市各投開票所,桃園市,　蘆竹區,蘆興里,0039,51,393,757,1201,13,1214,0,1214,361,1575,77.0794
第15任總統副總統,在桃園市各投開票所,桃園市,　蘆竹區,南榮里,0040,58,419,703,1180,24,1204,0,1204,423,1627,74.0012
第15任總統副總統,在桃園市各投開票所,桃園市,　蘆竹區,南榮里,0041,64,453,641,1158,7,1165,0,1165,390,1555,74.9196
第15任總統副總統,在桃園市各投開票所,桃園市,　蘆竹區,南崁里,0042,69,434,778,1281,15,1296,0,1296,408,1704,76.0563
第15任總統副總統,在桃園市各投開票所,桃園市,　蘆竹區,南崁里,0043,67,538,777,1382,15,1397,0,1397,477,1874,74.5464
第15任總統副總統,在桃園市各投開票所,桃園市,　蘆竹區,錦興里,0044,44,343,607,994,10,1004,0,1004,308,1312,76.5244
第15任總統副總統,在桃園市各投開票所,桃園市,　蘆竹區,錦興里,0045,43,313,526,882,7,889,0,889,286,1175,75.6596
第15任總統副總統,在桃園市各投開票所,桃園市,　蘆竹區,錦興里,0046,41,328,629,998,11,1009,0,1009,296,1305,77.3180
第15任總統副總統,在桃園市各投開票所,桃園市,　蘆竹區,錦中里,0047,39,318,717,1074,20,1094,0,1094,374,1468,74.5232
第15任總統副總統,在桃園市各投開票所,桃園市,　蘆竹區,興榮里,0048,54,438,564,1056,6,1062,0,1062,301,1363,77.9164
第15任總統副總統,在桃園市各投開票所,桃園市,　蘆竹區,興榮里,0049,52,420,522,994,11,1005,0,1005,302,1307,76.8936
第15任總統副總統,在桃園市各投開票所,桃園市,　蘆竹區,錦中里,0050,57,515,612,1184,19,1203,0,1203,413,1616,74.4431
第15任總統副總統,在桃園市各投開票所,桃園市,　蘆竹區,長興里,0051,40,268,539,847,8,855,0,855,262,1117,76.5443
第15任總統副總統,在桃園市各投開票所,桃園市,　蘆竹區,長興里,0052,45,342,507,894,11,905,0,905,503,1408,64.2756
第15任總統副總統,在桃園市各投開票所,桃園市,　蘆竹區,五福里,0053,47,341,507,895,10,905,0,905,238,1143,79.1776
第15任總統副總統,在桃園市各投開票所,桃園市,　蘆竹區,五福里,0054,39,334,480,853,10,863,0,863,296,1159,74.4607
第15任總統副總統,在桃園市各投開票所,桃園市,　蘆竹區,中山里,0055,65,479,651,1195,9,1204,0,1204,428,1632,73.7745
第15任總統副總統,在桃園市各投開票所,桃園市,　蘆竹區,中山里,0056,48,397,560,1005,9,1014,0,1014,412,1426,71.1080
第15任總統副總統,在桃園市各投開票所,桃園市,　蘆竹區,福祿里,0057,65,354,682,1101,14,1115,0,1115,361,1476,75.5420
第15任總統副總統,在桃園市各投開票所,桃園市,　蘆竹區,福祿里,0058,64,443,633,1140,18,1158,0,1158,422,1580,73.2911
第15任總統副總統,在桃園市各投開票所,桃園市,　蘆竹區,羊稠里,0059,58,435,646,1139,15,1154,0,1154,413,1567,73.6439
第15任總統副總統,在桃園市各投開票所,桃園市,　蘆竹區,羊稠里,0060,55,409,520,984,10,994,0,994,334,1328,74.8494
第15任總統副總統,在桃園市各投開票所,桃園市,　蘆竹區,羊稠里,0061,54,382,529,965,8,973,0,973,314,1287,75.6022
第15任總統副總統,在桃園市各投開票所,桃園市,　蘆竹區,吉祥里,0062,39,363,419,821,11,832,0,832,281,1113,74.7529
第15任總統副總統,在桃園市各投開票所,桃園市,　蘆竹區,吉祥里,0063,44,456,426,926,11,937,0,937,243,1180,79.4068
第15任總統副總統,在桃園市各投開票所,桃園市,　蘆竹區,吉祥里,0064,42,331,471,844,4,848,0,848,316,1164,72.8522
第15任總統副總統,在桃園市各投開票所,桃園市,　蘆竹區,長壽里,0065,58,408,593,1059,13,1072,0,1072,384,1456,73.6264
第15任總統副總統,在桃園市各投開票所,桃園市,　蘆竹區,長壽里,0066,53,401,456,910,10,920,0,920,333,1253,73.4238
第15任總統副總統,在桃園市各投開票所,桃園市,　蘆竹區,長壽里,0067,57,389,524,970,2,972,0,972,291,1263,76.9596
第15任總統副總統,在桃園市各投開票所,桃園市,　蘆竹區,長壽里,0068,61,421,478,960,10,970,0,970,292,1262,76.8621
第15任總統副總統,在桃園市各投開票所,桃園市,　蘆竹區,營盤里,0069,48,425,602,1075,11,1086,0,1086,391,1477,73.5274
第15任總統副總統,在桃園市各投開票所,桃園市,　蘆竹區,營盤里,0070,70,522,569,1161,16,1177,0,1177,412,1589,74.0717
第15任總統副總統,在桃園市各投開票所,桃園市,　蘆竹區,營盤里,0071,72,395,618,1085,19,1104,0,1104,417,1521,72.5838
第15任總統副總統,在桃園市各投開票所,桃園市,　蘆竹區,營福里,0072,62,379,664,1105,16,1121,0,1121,437,1558,71.9512
第15任總統副總統,在桃園市各投開票所,桃園市,　蘆竹區,營福里,0073,63,480,642,1185,16,1201,0,1201,403,1604,74.8753
第15任總統副總統,在桃園市各投開票所,桃園市,　蘆竹區,瓦窯里,0074,68,414,611,1093,10,1103,0,1103,425,1528,72.1859
第15任總統副總統,在桃園市各投開票所,桃園市,　蘆竹區,瓦窯里,0075,55,561,466,1082,21,1103,0,1103,547,1650,66.8485
第15任總統副總統,在桃園市各投開票所,桃園市,　蘆竹區,內厝里,0076,34,185,420,639,3,642,0,642,611,1253,51.2370
第15任總統副總統,在桃園市各投開票所,桃園市,　蘆竹區,內厝里,0077,35,288,612,935,14,949,0,949,266,1215,78.1070
第15任總統副總統,在桃園市各投開票所,桃園市,　蘆竹區,山鼻里,0078,76,434,763,1273,13,1286,0,1286,428,1714,75.0292
第15任總統副總統,在桃園市各投開票所,桃園市,　蘆竹區,山腳里,0079,37,221,583,841,6,847,0,847,304,1151,73.5882
第15任總統副總統,在桃園市各投開票所,桃園市,　蘆竹區,山腳里,0080,48,244,627,919,8,927,0,927,290,1217,76.1709
第15任總統副總統,在桃園市各投開票所,桃園市,　蘆竹區,山腳里,0081,39,216,585,840,11,851,0,851,264,1115,76.3229
第15任總統副總統,在桃園市各投開票所,桃園市,　蘆竹區,外社里,0082,50,230,848,1128,16,1144,0,1144,315,1459,78.4099
第15任總統副總統,在桃園市各投開票所,桃園市,　蘆竹區,坑子里,0083,49,255,932,1236,7,1243,0,1243,370,1613,77.0614
第15任總統副總統,在桃園市各投開票所,桃園市,　蘆竹區,坑口里,0084,35,250,673,958,7,965,0,965,328,1293,74.6326
第15任總統副總統,在桃園市各投開票所,桃園市,　蘆竹區,坑口里,0085,34,240,586,860,12,872,0,872,284,1156,75.4325
第15任總統副總統,在桃園市各投開票所,桃園市,　蘆竹區,海湖里,0086,57,372,598,1027,7,1034,0,1034,400,1434,72.1060
第15任總統副總統,在桃園市各投開票所,桃園市,　蘆竹區,海湖里,0087,56,414,596,1066,16,1082,0,1082,344,1426,75.8766
第15任總統副總統,在桃園市各投開票所,桃園市,　蘆竹區,濱海里,0088,35,326,465,826,9,835,0,835,348,1183,70.5833
第15任總統副總統,在桃園市各投開票所,桃園市,　蘆竹區,濱海里,0089,30,286,545,861,11,872,0,872,389,1261,69.1515
第15任總統副總統,在桃園市各投開票所,桃園市,　大園區,大園里,0217,49,403,662,1114,8,1122,0,1122,354,1476,76.0163
第15任總統副總統,在桃園市各投開票所,桃園市,　大園區,大園里,0218,49,375,580,1004,11,1015,0,1015,574,1589,63.8767
第15任總統副總統,在桃園市各投開票所,桃園市,　大園區,大園里,0219,48,322,663,1033,9,1042,0,1042,346,1388,75.0720
第15任總統副總統,在桃園市各投開票所,桃園市,　大園區,大園里,0220,64,366,733,1163,9,1172,0,1172,315,1487,78.8164
第15任總統副總統,在桃園市各投開票所,桃園市,　大園區,田心里,0221,46,239,621,906,8,914,0,914,254,1168,78.2534
第15任總統副總統,在桃園市各投開票所,桃園市,　大園區,田心里,0222,57,343,657,1057,12,1069,0,1069,387,1456,73.4203
第15任總統副總統,在桃園市各投開票所,桃園市,　大園區,田心里,0223,36,304,577,917,9,926,0,926,314,1240,74.6774
第15任總統副總統,在桃園市各投開票所,桃園市,　大園區,田心里,0224,58,341,542,941,10,951,0,951,328,1279,74.3550
第15任總統副總統,在桃園市各投開票所,桃園市,　大園區,田心里,0225,58,286,701,1045,13,1058,0,1058,331,1389,76.1699
第15任總統副總統,在桃園市各投開票所,桃園市,　大園區,溪海里,0226,48,407,699,1154,12,1166,0,1166,421,1587,73.4720
第15任總統副總統,在桃園市各投開票所,桃園市,　大園區,溪海里,0227,40,301,641,982,22,1004,0,1004,388,1392,72.1264
第15任總統副總統,在桃園市各投開票所,桃園市,　大園區,溪海里,0228,43,320,708,1071,14,1085,0,1085,486,1571,69.0643
第15任總統副總統,在桃園市各投開票所,桃園市,　大園區,和平里,0229,56,291,826,1173,12,1185,0,1185,377,1562,75.8643
第15任總統副總統,在桃園市各投開票所,桃園市,　大園區,橫峰里,0230,60,306,619,985,6,991,0,991,402,1393,71.1414
第15任總統副總統,在桃園市各投開票所,桃園市,　大園區,橫峰里,0231,52,316,556,924,16,940,0,940,378,1318,71.3202
第15任總統副總統,在桃園市各投開票所,桃園市,　大園區,橫峰里,0232,56,399,635,1090,6,1096,0,1096,339,1435,76.3763
第15任總統副總統,在桃園市各投開票所,桃園市,　大園區,橫峰里,0233,48,369,804,1221,15,1236,0,1236,316,1552,79.6392
第15任總統副總統,在桃園市各投開票所,桃園市,　大園區,橫峰里,0234,59,392,592,1043,14,1057,0,1057,275,1332,79.3544
第15任總統副總統,在桃園市各投開票所,桃園市,　大園區,橫峰里,0235,52,516,615,1183,9,1192,0,1192,473,1665,71.5916
第15任總統副總統,在桃園市各投開票所,桃園市,　大園區,橫峰里,0236,85,561,766,1412,12,1424,0,1424,510,1934,73.6298
第15任總統副總統,在桃園市各投開票所,桃園市,　大園區,五權里,0237,20,244,641,905,4,909,0,909,270,1179,77.0992
第15任總統副總統,在桃園市各投開票所,桃園市,　大園區,五權里,0238,40,239,734,1013,14,1027,0,1027,276,1303,78.8181
第15任總統副總統,在桃園市各投開票所,桃園市,　大園區,五權里,0239,36,245,596,877,9,886,0,886,321,1207,73.4051
第15任總統副總統,在桃園市各投開票所,桃園市,　大園區,五權里,0240,38,303,518,859,7,866,0,866,312,1178,73.5144
第15任總統副總統,在桃園市各投開票所,桃園市,　大園區,埔心里,0241,48,358,685,1091,11,1102,0,1102,372,1474,74.7626
第15任總統副總統,在桃園市各投開票所,桃園市,　大園區,埔心里,0242,41,387,615,1043,10,1053,0,1053,383,1436,73.3287
第15任總統副總統,在桃園市各投開票所,桃園市,　大園區,埔心里,0243,49,378,658,1085,9,1094,0,1094,411,1505,72.6910
第15任總統副總統,在桃園市各投開票所,桃園市,　大園區,埔心里,0244,37,276,750,1063,8,1071,0,1071,311,1382,77.4964
第15任總統副總統,在桃園市各投開票所,桃園市,　大園區,大海里,0245,61,518,605,1184,15,1199,0,1199,401,1600,74.9375
第15任總統副總統,在桃園市各投開票所,桃園市,　大園區,三石里,0246,56,286,730,1072,9,1081,0,1081,358,1439,75.1216
第15任總統副總統,在桃園市各投開票所,桃園市,　大園區,三石里,0247,47,379,662,1088,18,1106,0,1106,273,1379,80.2030
第15任總統副總統,在桃園市各投開票所,桃園市,　大園區,菓林里,0248,51,337,652,1040,16,1056,0,1056,335,1391,75.9166
第15任總統副總統,在桃園市各投開票所,桃園市,　大園區,菓林里,0249,41,333,608,982,20,1002,0,1002,347,1349,74.2772
第15任總統副總統,在桃園市各投開票所,桃園市,　大園區,菓林里,0250,40,429,585,1054,12,1066,1,1067,454,1521,70.0855
第15任總統副總統,在桃園市各投開票所,桃園市,　大園區,菓林里,0251,43,355,602,1000,10,1010,1,1011,393,1404,71.9373
第15任總統副總統,在桃園市各投開票所,桃園市,　大園區,菓林里,0252,43,240,564,847,4,851,0,851,334,1185,71.8143
第15任總統副總統,在桃園市各投開票所,桃園市,　大園區,竹圍里,0253,59,413,722,1194,19,1213,0,1213,423,1636,74.1443
第15任總統副總統,在桃園市各投開票所,桃園市,　大園區,竹圍里,0254,45,407,695,1147,16,1163,0,1163,384,1547,75.1778
第15任總統副總統,在桃園市各投開票所,桃園市,　大園區,海口里,0255,69,494,743,1306,20,1326,0,1326,476,1802,73.5849
第15任總統副總統,在桃園市各投開票所,桃園市,　大園區,沙崙里,0256,31,323,501,855,10,865,0,865,390,1255,68.9243
第15任總統副總統,在桃園市各投開票所,桃園市,　大園區,沙崙里,0257,50,362,618,1030,13,1043,0,1043,355,1398,74.6066
第15任總統副總統,在桃園市各投開票所,桃園市,　大園區,後厝里,0258,73,293,592,958,11,969,0,969,292,1261,76.8438
第15任總統副總統,在桃園市各投開票所,桃園市,　大園區,後厝里,0259,37,321,547,905,8,913,0,913,315,1228,74.3485
第15任總統副總統,在桃園市各投開票所,桃園市,　大園區,圳頭里,0260,45,324,555,924,11,935,0,935,269,1204,77.6578
第15任總統副總統,在桃園市各投開票所,桃園市,　大園區,圳頭里,0261,38,269,646,953,15,968,0,968,349,1317,73.5004
第15任總統副總統,在桃園市各投開票所,桃園市,　大園區,內海里,0262,38,263,513,814,8,822,0,822,245,1067,77.0384
第15任總統副總統,在桃園市各投開票所,桃園市,　大園區,內海里,0263,39,266,482,787,7,794,0,794,252,1046,75.9082
第15任總統副總統,在桃園市各投開票所,桃園市,　大園區,北港里,0264,56,233,666,955,9,964,0,964,338,1302,74.0399
第15任總統副總統,在桃園市各投開票所,桃園市,　大園區,北港里,0265,47,333,597,977,6,983,0,983,462,1445,68.0277
第15任總統副總統,在桃園市各投開票所,桃園市,　大園區,南港里,0266,52,370,588,1010,16,1026,0,1026,467,1493,68.7207
第15任總統副總統,在桃園市各投開票所,桃園市,　大園區,南港里,0267,71,361,588,1020,6,1026,0,1026,456,1482,69.2308
第15任總統副總統,在桃園市各投開票所,桃園市,　大園區,南港里,0268,40,232,403,675,9,684,0,684,285,969,70.5882
第15任總統副總統,在桃園市各投開票所,桃園市,　大園區,南港里,0269,49,368,517,934,5,939,0,939,372,1311,71.6247
第15任總統副總統,在桃園市各投開票所,桃園市,　龜山區,大同里,0090,61,434,793,1288,18,1306,1,1307,510,1817,71.8767
第15任總統副總統,在桃園市各投開票所,桃園市,　龜山區,大同里,0091,42,412,576,1030,10,1040,0,1040,393,1433,72.5750
第15任總統副總統,在桃園市各投開票所,桃園市,　龜山區,大同里,0092,47,335,523,905,13,918,0,918,296,1214,75.6178
第15任總統副總統,在桃園市各投開票所,桃園市,　龜山區,大同里,0093,45,349,457,851,13,864,0,864,297,1161,74.4186
第15任總統副總統,在桃園市各投開票所,桃園市,　龜山區,大坑里,0094,72,425,893,1390,23,1413,0,1413,470,1883,75.0398
第15任總統副總統,在桃園市各投開票所,桃園市,　龜山區,大崗里,0095,35,335,583,953,12,965,0,965,367,1332,72.4474
第15任總統副總統,在桃園市各投開票所,桃園市,　龜山區,大崗里,0096,52,349,623,1024,13,1037,0,1037,381,1418,73.1312
第15任總統副總統,在桃園市各投開票所,桃園市,　龜山區,大崗里,0097,35,354,476,865,22,887,0,887,363,1250,70.9600
第15任總統副總統,在桃園市各投開票所,桃園市,　龜山區,大湖里,0098,75,432,684,1191,11,1202,0,1202,388,1590,75.5975
第15任總統副總統,在桃園市各投開票所,桃園市,　龜山區,大湖里,0099,63,475,716,1254,8,1262,0,1262,527,1789,70.5422
第15任總統副總統,在桃園市各投開票所,桃園市,　龜山區,大湖里,0100,66,500,706,1272,16,1288,0,1288,495,1783,72.2378
第15任總統副總統,在桃園市各投開票所,桃園市,　龜山區,大華里,0101,81,547,836,1464,24,1488,0,1488,518,2006,74.1775
第15任總統副總統,在桃園市各投開票所,桃園市,　龜山區,大華里,0102,71,446,781,1298,7,1305,0,1305,431,1736,75.1728
第15任總統副總統,在桃園市各投開票所,桃園市,　龜山區,大華里,0103,71,418,730,1219,12,1231,0,1231,393,1624,75.8005
第15任總統副總統,在桃園市各投開票所,桃園市,　龜山區,大華里,0104,61,407,784,1252,19,1271,0,1271,447,1718,73.9814
第15任總統副總統,在桃園市各投開票所,桃園市,　龜山區,大華里,0105,51,409,632,1092,11,1103,0,1103,397,1500,73.5333
第15任總統副總統,在桃園市各投開票所,桃園市,　龜山區,山頂里,0106,61,449,703,1213,12,1225,0,1225,463,1688,72.5711
第15任總統副總統,在桃園市各投開票所,桃園市,　龜山區,山頂里,0107,52,478,635,1165,16,1181,0,1181,710,1891,62.4537
第15任總統副總統,在桃園市各投開票所,桃園市,　龜山區,山頂里,0108,64,511,693,1268,9,1277,0,1277,451,1728,73.9005
第15任總統副總統,在桃園市各投開票所,桃園市,　龜山區,山福里,0109,76,464,819,1359,10,1369,0,1369,463,1832,74.7271
第15任總統副總統,在桃園市各投開票所,桃園市,　龜山區,山福里,0110,51,388,579,1018,9,1027,0,1027,391,1418,72.4260
第15任總統副總統,在桃園市各投開票所,桃園市,　龜山區,山德里,0111,66,408,713,1187,12,1199,0,1199,427,1626,73.7392
第15任總統副總統,在桃園市各投開票所,桃園市,　龜山區,山德里,0112,62,359,688,1109,13,1122,0,1122,377,1499,74.8499
第15任總統副總統,在桃園市各投開票所,桃園市,　龜山區,山德里,0113,58,473,702,1233,7,1240,0,1240,425,1665,74.4745
第15任總統副總統,在桃園市各投開票所,桃園市,　龜山區,中興里,0114,47,474,517,1038,14,1052,0,1052,477,1529,68.8031
第15任總統副總統,在桃園市各投開票所,桃園市,　龜山區,中興里,0115,69,439,704,1212,13,1225,10,1235,394,1629,75.1995
第15任總統副總統,在桃園市各投開票所,桃園市,　龜山區,中興里,0116,47,374,620,1041,13,1054,0,1054,373,1427,73.8612
第15任總統副總統,在桃園市各投開票所,桃園市,　龜山區,公西里,0117,34,342,511,887,6,893,0,893,251,1144,78.0594
第15任總統副總統,在桃園市各投開票所,桃園市,　龜山區,文化里,0118,60,419,751,1230,20,1250,0,1250,400,1650,75.7576
第15任總統副總統,在桃園市各投開票所,桃園市,　龜山區,文化里,0119,67,436,687,1190,13,1203,0,1203,419,1622,74.1677
第15任總統副總統,在桃園市各投開票所,桃園市,　龜山區,文化里,0120,74,468,689,1231,10,1241,0,1241,396,1637,75.8094
第15任總統副總統,在桃園市各投開票所,桃園市,　龜山區,文化里,0121,41,351,621,1013,14,1027,0,1027,383,1410,72.8369
第15任總統副總統,在桃園市各投開票所,桃園市,　龜山區,文青里,0122,79,511,709,1299,14,1313,0,1313,395,1708,76.8735
第15任總統副總統,在桃園市各投開票所,桃園市,　龜山區,文青里,0123,80,517,694,1291,13,1304,0,1304,488,1792,72.7679
第15任總統副總統,在桃園市各投開票所,桃園市,　龜山區,文青里,0124,83,529,722,1334,22,1356,0,1356,520,1876,72.2814
第15任總統副總統,在桃園市各投開票所,桃園市,　龜山區,文青里,0125,65,431,655,1151,15,1166,0,1166,374,1540,75.7143
第15任總統副總統,在桃園市各投開票所,桃園市,　龜山區,兔坑里,0126,23,195,374,592,6,598,0,598,207,805,74.2857
第15任總統副總統,在桃園市各投開票所,桃園市,　龜山區,兔坑里,0127,47,351,445,843,8,851,0,851,378,1229,69.2433
第15任總統副總統,在桃園市各投開票所,桃園市,　龜山區,兔坑里,0128,40,259,461,760,5,765,0,765,368,1133,67.5199
第15任總統副總統,在桃園市各投開票所,桃園市,　龜山區,兔坑里,0129,38,271,484,793,11,804,0,804,323,1127,71.3398
第15任總統副總統,在桃園市各投開票所,桃園市,　龜山區,幸福里,0130,59,485,603,1147,17,1164,0,1164,529,1693,68.7537
第15任總統副總統,在桃園市各投開票所,桃園市,　龜山區,幸福里,0131,63,410,611,1084,8,1092,0,1092,544,1636,66.7482
第15任總統副總統,在桃園市各投開票所,桃園市,　龜山區,幸福里,0132,75,448,643,1166,16,1182,0,1182,605,1787,66.1444
第15任總統副總統,在桃園市各投開票所,桃園市,　龜山區,長庚里,0133,95,382,985,1462,12,1474,0,1474,439,1913,77.0518
第15任總統副總統,在桃園市各投開票所,桃園市,　龜山區,長庚里,0134,83,370,912,1365,16,1381,0,1381,307,1688,81.8128
第15任總統副總統,在桃園市各投開票所,桃園市,　龜山區,南上里,0135,76,432,883,1391,20,1411,0,1411,416,1827,77.2304
第15任總統副總統,在桃園市各投開票所,桃園市,　龜山區,南美里,0136,87,592,972,1651,29,1680,0,1680,551,2231,75.3026
第15任總統副總統,在桃園市各投開票所,桃園市,　龜山區,迴龍里,0137,72,456,882,1410,10,1420,0,1420,485,1905,74.5407
第15任總統副總統,在桃園市各投開票所,桃園市,　龜山區,迴龍里,0138,45,346,540,931,8,939,0,939,360,1299,72.2864
第15任總統副總統,在桃園市各投開票所,桃園市,　龜山區,迴龍里,0139,40,357,554,951,9,960,0,960,380,1340,71.6418
第15任總統副總統,在桃園市各投開票所,桃園市,　龜山區,迴龍里,0140,56,338,522,916,9,925,0,925,349,1274,72.6060
第15任總統副總統,在桃園市各投開票所,桃園市,　龜山區,陸光里,0141,43,1031,224,1298,10,1308,0,1308,397,1705,76.7155
第15任總統副總統,在桃園市各投開票所,桃園市,　龜山區,陸光里,0142,48,1053,300,1401,17,1418,0,1418,391,1809,78.3858
第15任總統副總統,在桃園市各投開票所,桃園市,　龜山區,新路里,0143,49,440,602,1091,17,1108,0,1108,339,1447,76.5722
第15任總統副總統,在桃園市各投開票所,桃園市,　龜山區,新路里,0144,45,285,466,796,7,803,0,803,209,1012,79.3478
第15任總統副總統,在桃園市各投開票所,桃園市,　龜山區,新路里,0145,43,361,572,976,8,984,0,984,368,1352,72.7811
第15任總統副總統,在桃園市各投開票所,桃園市,　龜山區,新路里,0146,44,401,655,1100,11,1111,0,1111,311,1422,78.1294
第15任總統副總統,在桃園市各投開票所,桃園市,　龜山區,新興里,0147,55,662,420,1137,10,1147,0,1147,341,1488,77.0833
第15任總統副總統,在桃園市各投開票所,桃園市,　龜山區,新興里,0148,24,155,282,461,8,469,0,469,944,1413,33.1918
第15任總統副總統,在桃園市各投開票所,桃園市,　龜山區,新嶺里,0149,69,572,805,1446,16,1462,0,1462,676,2138,68.3817
第15任總統副總統,在桃園市各投開票所,桃園市,　龜山區,新嶺里,0150,66,397,776,1239,5,1244,0,1244,448,1692,73.5225
第15任總統副總統,在桃園市各投開票所,桃園市,　龜山區,楓福里,0151,67,446,684,1197,12,1209,0,1209,326,1535,78.7622
第15任總統副總統,在桃園市各投開票所,桃園市,　龜山區,楓福里,0152,53,404,612,1069,11,1080,0,1080,326,1406,76.8137
第15任總統副總統,在桃園市各投開票所,桃園市,　龜山區,楓樹里,0153,69,462,785,1316,15,1331,0,1331,428,1759,75.6680
第15任總統副總統,在桃園市各投開票所,桃園市,　龜山區,楓樹里,0154,66,449,905,1420,12,1432,0,1432,430,1862,76.9066
第15任總統副總統,在桃園市各投開票所,桃園市,　龜山區,福源里,0155,42,477,557,1076,6,1082,0,1082,390,1472,73.5054
第15任總統副總統,在桃園市各投開票所,桃園市,　龜山區,福源里,0156,16,129,196,341,2,343,0,343,155,498,68.8755
第15任總統副總統,在桃園市各投開票所,桃園市,　龜山區,精忠里,0157,68,878,293,1239,12,1251,0,1251,345,1596,78.3835
第15任總統副總統,在桃園市各投開票所,桃園市,　龜山區,精忠里,0158,48,590,569,1207,13,1220,0,1220,427,1647,74.0741
第15任總統副總統,在桃園市各投開票所,桃園市,　龜山區,精忠里,0159,91,408,818,1317,17,1334,0,1334,446,1780,74.9438
第15任總統副總統,在桃園市各投開票所,桃園市,　龜山區,樂善里,0160,74,355,780,1209,18,1227,0,1227,455,1682,72.9489
第15任總統副總統,在桃園市各投開票所,桃園市,　龜山區,樂善里,0161,60,484,810,1354,11,1365,0,1365,511,1876,72.7612
第15任總統副總統,在桃園市各投開票所,桃園市,　龜山區,龍華里,0162,71,429,855,1355,17,1372,0,1372,464,1836,74.7277
第15任總統副總統,在桃園市各投開票所,桃園市,　龜山區,龍華里,0163,49,386,631,1066,12,1078,0,1078,402,1480,72.8378
第15任總統副總統,在桃園市各投開票所,桃園市,　龜山區,龍壽里,0164,48,322,874,1244,15,1259,0,1259,461,1720,73.1977
第15任總統副總統,在桃園市各投開票所,桃園市,　龜山區,龜山里,0165,40,360,440,840,15,855,0,855,284,1139,75.0658
第15任總統副總統,在桃園市各投開票所,桃園市,　龜山區,龜山里,0166,40,318,553,911,11,922,0,922,334,1256,73.4076
第15任總統副總統,在桃園市各投開票所,桃園市,　龜山區,龜山里,0167,49,354,696,1099,11,1110,0,1110,352,1462,75.9234
第15任總統副總統,在桃園市各投開票所,桃園市,　龜山區,龜山里,0168,64,350,527,941,17,958,0,958,377,1335,71.7603
第15任總統副總統,在桃園市各投開票所,桃園市,　龜山區,龜山里,0169,55,307,537,899,10,909,0,909,414,1323,68.7075
第15任總統副總統,在桃園市各投開票所,桃園市,　龜山區,嶺頂里,0170,33,250,550,833,11,844,0,844,344,1188,71.0438
第15任總統副總統,在桃園市各投開票所,桃園市,　龜山區,嶺頂里,0171,49,352,592,993,7,1000,0,1000,397,1397,71.5820
第15任總統副總統,在桃園市各投開票所,桃園市,　龜山區,嶺頂里,0172,34,302,531,867,12,879,0,879,392,1271,69.1581
第15任總統副總統,在桃園市各投開票所,桃園市,　龜山區,舊路里,0173,44,467,582,1093,8,1101,0,1101,369,1470,74.8980
第15任總統副總統,在桃園市各投開票所,桃園市,　龜山區,舊路里,0174,31,192,575,798,7,805,0,805,237,1042,77.2553
第15任總統副總統,在桃園市各投開票所,桃園市,　八德區,興仁里,1032,52,399,585,1036,10,1046,0,1046,412,1458,71.7421
第15任總統副總統,在桃園市各投開票所,桃園市,　八德區,興仁里,1033,64,465,632,1161,13,1174,0,1174,421,1595,73.6050
第15任總統副總統,在桃園市各投開票所,桃園市,　八德區,興仁里,1034,35,474,578,1087,9,1096,0,1096,448,1544,70.9845
第15任總統副總統,在桃園市各投開票所,桃園市,　八德區,興仁里,1035,54,373,552,979,15,994,0,994,439,1433,69.3650
第15任總統副總統,在桃園市各投開票所,桃園市,　八德區,興仁里,1036,29,298,366,693,9,702,0,702,1001,1703,41.2214
第15任總統副總統,在桃園市各投開票所,桃園市,　八德區,福興里,1037,71,437,700,1208,10,1218,0,1218,492,1710,71.2281
第15任總統副總統,在桃園市各投開票所,桃園市,　八德區,福興里,1038,86,537,759,1382,19,1401,0,1401,573,1974,70.9726
第15任總統副總統,在桃園市各投開票所,桃園市,　八德區,福興里,1039,72,477,769,1318,16,1334,0,1334,588,1922,69.4069
第15任總統副總統,在桃園市各投開票所,桃園市,　八德區,福興里,1040,46,454,675,1175,9,1184,0,1184,508,1692,69.9764
第15任總統副總統,在桃園市各投開票所,桃園市,　八德區,福興里,1041,58,554,658,1270,23,1293,0,1293,472,1765,73.2578
第15任總統副總統,在桃園市各投開票所,桃園市,　八德區,瑞豐里,1042,68,654,765,1487,14,1501,0,1501,550,2051,73.1838
第15任總統副總統,在桃園市各投開票所,桃園市,　八德區,瑞豐里,1043,74,523,805,1402,15,1417,0,1417,607,2024,70.0099
第15任總統副總統,在桃園市各投開票所,桃園市,　八德區,瑞興里,1044,43,361,628,1032,16,1048,0,1048,377,1425,73.5439
第15任總統副總統,在桃園市各投開票所,桃園市,　八德區,瑞興里,1045,45,376,524,945,8,953,0,953,269,1222,77.9869
第15任總統副總統,在桃園市各投開票所,桃園市,　八德區,瑞泰里,1046,57,416,647,1120,10,1130,0,1130,408,1538,73.4720
第15任總統副總統,在桃園市各投開票所,桃園市,　八德區,瑞泰里,1047,37,327,557,921,10,931,0,931,307,1238,75.2019
第15任總統副總統,在桃園市各投開票所,桃園市,　八德區,瑞泰里,1048,47,421,444,912,10,922,0,922,369,1291,71.4175
第15任總統副總統,在桃園市各投開票所,桃園市,　八德區,瑞發里,1049,62,521,609,1192,12,1204,0,1204,367,1571,76.6391
第15任總統副總統,在桃園市各投開票所,桃園市,　八德區,瑞發里,1050,72,591,515,1178,12,1190,0,1190,331,1521,78.2380
第15任總統副總統,在桃園市各投開票所,桃園市,　八德區,瑞德里,1051,58,593,564,1215,14,1229,0,1229,431,1660,74.0361
第15任總統副總統,在桃園市各投開票所,桃園市,　八德區,瑞德里,1052,47,687,511,1245,21,1266,0,1266,565,1831,69.1425
第15任總統副總統,在桃園市各投開票所,桃園市,　八德區,瑞祥里,1053,47,649,467,1163,12,1175,0,1175,410,1585,74.1325
第15任總統副總統,在桃園市各投開票所,桃園市,　八德區,瑞祥里,1054,53,642,507,1202,12,1214,0,1214,395,1609,75.4506
第15任總統副總統,在桃園市各投開票所,桃園市,　八德區,廣德里,1055,44,319,575,938,9,947,0,947,340,1287,73.5820
第15任總統副總統,在桃園市各投開票所,桃園市,　八德區,廣德里,1056,45,432,585,1062,6,1068,0,1068,299,1367,78.1273
第15任總統副總統,在桃園市各投開票所,桃園市,　八德區,廣興里,1057,56,444,689,1189,13,1202,0,1202,472,1674,71.8041
第15任總統副總統,在桃園市各投開票所,桃園市,　八德區,廣興里,1058,51,403,675,1129,8,1137,0,1137,395,1532,74.2167
第15任總統副總統,在桃園市各投開票所,桃園市,　八德區,廣隆里,1059,38,599,634,1271,13,1284,0,1284,378,1662,77.2563
第15任總統副總統,在桃園市各投開票所,桃園市,　八德區,廣隆里,1060,59,519,687,1265,15,1280,0,1280,439,1719,74.4619
第15任總統副總統,在桃園市各投開票所,桃園市,　八德區,廣隆里,1061,40,314,422,776,6,782,0,782,214,996,78.5141
第15任總統副總統,在桃園市各投開票所,桃園市,　八德區,竹園里,1062,43,452,640,1135,15,1150,0,1150,467,1617,71.1194
第15任總統副總統,在桃園市各投開票所,桃園市,　八德區,竹園里,1063,49,511,723,1283,11,1294,0,1294,425,1719,75.2763
第15任總統副總統,在桃園市各投開票所,桃園市,　八德區,霄裡里,1064,39,324,409,772,11,783,0,783,278,1061,73.7983
第15任總統副總統,在桃園市各投開票所,桃園市,　八德區,霄裡里,1065,25,269,499,793,7,800,0,800,285,1085,73.7327
第15任總統副總統,在桃園市各投開票所,桃園市,　八德區,龍友里,1066,24,558,250,832,11,843,0,843,287,1130,74.6018
第15任總統副總統,在桃園市各投開票所,桃園市,　八德區,龍友里,1067,40,505,243,788,8,796,0,796,198,994,80.0805
第15任總統副總統,在桃園市各投開票所,桃園市,　八德區,茄明里,1068,61,507,666,1234,7,1241,0,1241,556,1797,69.0595
第15任總統副總統,在桃園市各投開票所,桃園市,　八德區,茄明里,1069,63,394,559,1016,12,1028,0,1028,322,1350,76.1481
第15任總統副總統,在桃園市各投開票所,桃園市,　八德區,茄明里,1070,52,388,536,976,8,984,0,984,393,1377,71.4597
第15任總統副總統,在桃園市各投開票所,桃園市,　八德區,茄苳里,1071,62,319,607,988,9,997,0,997,311,1308,76.2232
第15任總統副總統,在桃園市各投開票所,桃園市,　八德區,茄苳里,1072,40,267,546,853,3,856,0,856,299,1155,74.1126
第15任總統副總統,在桃園市各投開票所,桃園市,　八德區,永豐里,1073,47,378,572,997,5,1002,0,1002,321,1323,75.7370
第15任總統副總統,在桃園市各投開票所,桃園市,　八德區,永豐里,1074,36,394,622,1052,15,1067,0,1067,342,1409,75.7275
第15任總統副總統,在桃園市各投開票所,桃園市,　八德區,高明里,1075,54,346,588,988,17,1005,0,1005,345,1350,74.4444
第15任總統副總統,在桃園市各投開票所,桃園市,　八德區,高明里,1076,43,313,420,776,16,792,0,792,376,1168,67.8082
第15任總統副總統,在桃園市各投開票所,桃園市,　八德區,高明里,1077,39,349,523,911,13,924,0,924,347,1271,72.6987
第15任總統副總統,在桃園市各投開票所,桃園市,　八德區,高城里,1078,61,457,606,1124,14,1138,0,1138,339,1477,77.0481
第15任總統副總統,在桃園市各投開票所,桃園市,　八德區,高城里,1079,53,433,623,1109,11,1120,0,1120,402,1522,73.5874
第15任總統副總統,在桃園市各投開票所,桃園市,　八德區,白鷺里,1080,61,478,835,1374,14,1388,0,1388,480,1868,74.3041
第15任總統副總統,在桃園市各投開票所,桃園市,　八德區,白鷺里,1081,33,353,477,863,12,875,0,875,296,1171,74.7225
第15任總統副總統,在桃園市各投開票所,桃園市,　八德區,大湳里,1082,50,377,636,1063,8,1071,0,1071,297,1368,78.2895
第15任總統副總統,在桃園市各投開票所,桃園市,　八德區,大湳里,1083,29,314,560,903,15,918,0,918,310,1228,74.7557
第15任總統副總統,在桃園市各投開票所,桃園市,　八德區,大湳里,1084,33,277,488,798,12,810,0,810,391,1201,67.4438
第15任總統副總統,在桃園市各投開票所,桃園市,　八德區,大發里,1085,48,503,888,1439,7,1446,0,1446,492,1938,74.6130
第15任總統副總統,在桃園市各投開票所,桃園市,　八德區,大仁里,1086,64,497,952,1513,13,1526,0,1526,460,1986,76.8379
第15任總統副總統,在桃園市各投開票所,桃園市,　八德區,大仁里,1087,64,558,913,1535,17,1552,0,1552,524,2076,74.7592
第15任總統副總統,在桃園市各投開票所,桃園市,　八德區,大明里,1088,51,445,820,1316,23,1339,0,1339,500,1839,72.8113
第15任總統副總統,在桃園市各投開票所,桃園市,　八德區,大明里,1089,83,437,745,1265,5,1270,0,1270,399,1669,76.0935
第15任總統副總統,在桃園市各投開票所,桃園市,　八德區,大安里,1090,52,280,632,964,18,982,0,982,327,1309,75.0191
第15任總統副總統,在桃園市各投開票所,桃園市,　八德區,大安里,1091,75,541,911,1527,14,1541,0,1541,486,2027,76.0237
第15任總統副總統,在桃園市各投開票所,桃園市,　八德區,大竹里,1092,35,405,703,1143,10,1153,0,1153,316,1469,78.4888
第15任總統副總統,在桃園市各投開票所,桃園市,　八德區,大興里,1093,59,537,735,1331,8,1339,0,1339,431,1770,75.6497
第15任總統副總統,在桃園市各投開票所,桃園市,　八德區,大興里,1094,67,492,767,1326,8,1334,0,1334,408,1742,76.5786
第15任總統副總統,在桃園市各投開票所,桃園市,　八德區,大愛里,1095,48,376,454,878,13,891,0,891,282,1173,75.9591
第15任總統副總統,在桃園市各投開票所,桃園市,　八德區,大愛里,1096,72,415,520,1007,23,1030,0,1030,277,1307,78.8064
第15任總統副總統,在桃園市各投開票所,桃園市,　八德區,大華里,1097,42,356,498,896,4,900,0,900,267,1167,77.1208
第15任總統副總統,在桃園市各投開票所,桃園市,　八德區,大華里,1098,45,455,462,962,10,972,0,972,305,1277,76.1159
第15任總統副總統,在桃園市各投開票所,桃園市,　八德區,大順里,1099,44,382,407,833,13,846,0,846,291,1137,74.4063
第15任總統副總統,在桃園市各投開票所,桃園市,　八德區,大順里,1100,53,350,590,993,7,1000,0,1000,372,1372,72.8863
第15任總統副總統,在桃園市各投開票所,桃園市,　八德區,大和里,1101,65,731,497,1293,19,1312,0,1312,589,1901,69.0163
第15任總統副總統,在桃園市各投開票所,桃園市,　八德區,大和里,1102,53,598,697,1348,17,1365,0,1365,441,1806,75.5814
第15任總統副總統,在桃園市各投開票所,桃園市,　八德區,大和里,1103,63,549,550,1162,9,1171,0,1171,435,1606,72.9141
第15任總統副總統,在桃園市各投開票所,桃園市,　八德區,大和里,1104,57,539,628,1224,16,1240,0,1240,434,1674,74.0741
第15任總統副總統,在桃園市各投開票所,桃園市,　八德區,大昌里,1105,39,425,565,1029,11,1040,0,1040,301,1341,77.5541
第15任總統副總統,在桃園市各投開票所,桃園市,　八德區,大昌里,1106,53,491,560,1104,12,1116,0,1116,355,1471,75.8668
第15任總統副總統,在桃園市各投開票所,桃園市,　八德區,大信里,1107,44,407,585,1036,8,1044,0,1044,501,1545,67.5728
第15任總統副總統,在桃園市各投開票所,桃園市,　八德區,大信里,1108,15,218,48,281,5,286,0,286,163,449,63.6971
第15任總統副總統,在桃園市各投開票所,桃園市,　八德區,大信里,1109,42,552,499,1093,20,1113,0,1113,420,1533,72.6027
第15任總統副總統,在桃園市各投開票所,桃園市,　八德區,陸光里,1110,59,690,315,1064,18,1082,0,1082,377,1459,74.1604
第15任總統副總統,在桃園市各投開票所,桃園市,　八德區,陸光里,1111,48,809,238,1095,18,1113,0,1113,395,1508,73.8064
第15任總統副總統,在桃園市各投開票所,桃園市,　八德區,陸光里,1112,30,550,272,852,17,869,0,869,377,1246,69.7432
第15任總統副總統,在桃園市各投開票所,桃園市,　八德區,大同里,1113,34,416,634,1084,6,1090,0,1090,364,1454,74.9656
第15任總統副總統,在桃園市各投開票所,桃園市,　八德區,大慶里,1114,53,384,575,1012,10,1022,0,1022,357,1379,74.1117
第15任總統副總統,在桃園市各投開票所,桃園市,　八德區,大成里,1115,48,395,767,1210,9,1219,0,1219,339,1558,78.2413
第15任總統副總統,在桃園市各投開票所,桃園市,　八德區,大成里,1116,51,571,609,1231,15,1246,0,1246,380,1626,76.6298
第15任總統副總統,在桃園市各投開票所,桃園市,　八德區,大義里,1117,43,441,355,839,11,850,0,850,349,1199,70.8924
第15任總統副總統,在桃園市各投開票所,桃園市,　八德區,大義里,1118,43,358,511,912,10,922,0,922,288,1210,76.1983
第15任總統副總統,在桃園市各投開票所,桃園市,　八德區,大義里,1119,45,397,413,855,9,864,0,864,310,1174,73.5945
第15任總統副總統,在桃園市各投開票所,桃園市,　八德區,大忠里,1120,54,577,634,1265,14,1279,0,1279,463,1742,73.4214
第15任總統副總統,在桃園市各投開票所,桃園市,　八德區,大智里,1121,70,688,600,1358,15,1373,0,1373,470,1843,74.4981
第15任總統副總統,在桃園市各投開票所,桃園市,　八德區,大智里,1122,70,724,817,1611,20,1631,0,1631,533,2164,75.3697
第15任總統副總統,在桃園市各投開票所,桃園市,　八德區,大宏里,1123,61,620,829,1510,15,1525,0,1525,463,1988,76.7103
第15任總統副總統,在桃園市各投開票所,桃園市,　八德區,大宏里,1124,71,648,733,1452,11,1463,0,1463,464,1927,75.9211
第15任總統副總統,在桃園市各投開票所,桃園市,　八德區,大正里,1125,34,347,531,912,10,922,0,922,265,1187,77.6748
第15任總統副總統,在桃園市各投開票所,桃園市,　八德區,大正里,1126,40,371,476,887,7,894,0,894,318,1212,73.7624
第15任總統副總統,在桃園市各投開票所,桃園市,　八德區,大正里,1127,73,389,572,1034,10,1044,0,1044,375,1419,73.5729
第15任總統副總統,在桃園市各投開票所,桃園市,　八德區,大福里,1128,47,617,656,1320,11,1331,0,1331,328,1659,80.2291
第15任總統副總統,在桃園市各投開票所,桃園市,　八德區,大福里,1129,71,472,757,1300,11,1311,0,1311,398,1709,76.7115
第15任總統副總統,在桃園市各投開票所,桃園市,　八德區,大福里,1130,71,440,744,1255,11,1266,0,1266,338,1604,78.9277
第15任總統副總統,在桃園市各投開票所,桃園市,　八德區,大強里,1131,45,339,711,1095,14,1109,0,1109,333,1442,76.9071
第15任總統副總統,在桃園市各投開票所,桃園市,　八德區,大強里,1132,69,419,714,1202,12,1214,0,1214,350,1564,77.6215
第15任總統副總統,在桃園市各投開票所,桃園市,　八德區,大勇里,1133,43,311,590,944,13,957,0,957,323,1280,74.7656
第15任總統副總統,在桃園市各投開票所,桃園市,　八德區,大勇里,1134,43,421,557,1021,6,1027,0,1027,310,1337,76.8138
第15任總統副總統,在桃園市各投開票所,桃園市,　八德區,大勇里,1135,33,402,538,973,14,987,0,987,272,1259,78.3956
第15任總統副總統,在桃園市各投開票所,桃園市,　八德區,大榮里,1136,74,552,782,1408,15,1423,0,1423,501,1924,73.9605
第15任總統副總統,在桃園市各投開票所,桃園市,　八德區,大千里,1137,35,362,335,732,11,743,0,743,219,962,77.2349
第15任總統副總統,在桃園市各投開票所,桃園市,　八德區,大千里,1138,45,378,436,859,5,864,0,864,298,1162,74.3546
第15任總統副總統,在桃園市各投開票所,桃園市,　八德區,大漢里,1139,80,611,653,1344,14,1358,0,1358,487,1845,73.6043
第15任總統副總統,在桃園市各投開票所,桃園市,　八德區,大漢里,1140,67,583,754,1404,10,1414,0,1414,532,1946,72.6619
第15任總統副總統,在桃園市各投開票所,桃園市,　龍潭區,黃唐里,0963,50,462,575,1087,11,1098,0,1098,400,1498,73.2977
第15任總統副總統,在桃園市各投開票所,桃園市,　龍潭區,黃唐里,0964,54,519,531,1104,8,1112,0,1112,396,1508,73.7401
第15任總統副總統,在桃園市各投開票所,桃園市,　龍潭區,黃唐里,0965,63,445,559,1067,10,1077,0,1077,372,1449,74.3271
第15任總統副總統,在桃園市各投開票所,桃園市,　龍潭區,永興里,0966,72,455,514,1041,10,1051,0,1051,401,1452,72.3829
第15任總統副總統,在桃園市各投開票所,桃園市,　龍潭區,永興里,0967,37,406,499,942,7,949,0,949,333,1282,74.0250
第15任總統副總統,在桃園市各投開票所,桃園市,　龍潭區,中山里,0968,47,467,470,984,17,1001,0,1001,232,1233,81.1841
第15任總統副總統,在桃園市各投開票所,桃園市,　龍潭區,中山里,0969,44,311,458,813,6,819,0,819,683,1502,54.5273
第15任總統副總統,在桃園市各投開票所,桃園市,　龍潭區,中山里,0970,48,453,508,1009,11,1020,0,1020,285,1305,78.1609
第15任總統副總統,在桃園市各投開票所,桃園市,　龍潭區,中山里,0971,54,556,565,1175,15,1190,0,1190,318,1508,78.9125
第15任總統副總統,在桃園市各投開票所,桃園市,　龍潭區,烏樹林里,0972,45,336,472,853,16,869,0,869,327,1196,72.6589
第15任總統副總統,在桃園市各投開票所,桃園市,　龍潭區,烏樹林里,0973,52,362,556,970,13,983,0,983,278,1261,77.9540
第15任總統副總統,在桃園市各投開票所,桃園市,　龍潭區,烏林里,0974,49,362,489,900,7,907,0,907,375,1282,70.7488
第15任總統副總統,在桃園市各投開票所,桃園市,　龍潭區,烏林里,0975,45,471,450,966,24,990,0,990,407,1397,70.8661
第15任總統副總統,在桃園市各投開票所,桃園市,　龍潭區,烏林里,0976,35,441,444,920,10,930,0,930,380,1310,70.9924
第15任總統副總統,在桃園市各投開票所,桃園市,　龍潭區,百年里,0977,55,655,412,1122,13,1135,0,1135,337,1472,77.1060
第15任總統副總統,在桃園市各投開票所,桃園市,　龍潭區,百年里,0978,60,623,427,1110,8,1118,0,1118,352,1470,76.0544
第15任總統副總統,在桃園市各投開票所,桃園市,　龍潭區,百年里,0979,41,518,302,861,4,865,0,865,244,1109,77.9982
第15任總統副總統,在桃園市各投開票所,桃園市,　龍潭區,凌雲里,0980,47,585,644,1276,17,1293,0,1293,548,1841,70.2336
第15任總統副總統,在桃園市各投開票所,桃園市,　龍潭區,凌雲里,0981,63,548,658,1269,12,1281,0,1281,495,1776,72.1284
第15任總統副總統,在桃園市各投開票所,桃園市,　龍潭區,龍祥里,0982,46,567,591,1204,15,1219,0,1219,486,1705,71.4956
第15任總統副總統,在桃園市各投開票所,桃園市,　龍潭區,龍祥里,0983,63,597,605,1265,10,1275,0,1275,490,1765,72.2380
第15任總統副總統,在桃園市各投開票所,桃園市,　龍潭區,八德里,0984,58,406,580,1044,9,1053,0,1053,322,1375,76.5818
第15任總統副總統,在桃園市各投開票所,桃園市,　龍潭區,八德里,0985,44,406,484,934,9,943,0,943,410,1353,69.6970
第15任總統副總統,在桃園市各投開票所,桃園市,　龍潭區,八德里,0986,43,412,529,984,14,998,0,998,341,1339,74.5332
第15任總統副總統,在桃園市各投開票所,桃園市,　龍潭區,聖德里,0987,37,370,667,1074,10,1084,0,1084,406,1490,72.7517
第15任總統副總統,在桃園市各投開票所,桃園市,　龍潭區,聖德里,0988,49,430,557,1036,10,1046,0,1046,409,1455,71.8900
第15任總統副總統,在桃園市各投開票所,桃園市,　龍潭區,上林里,0989,43,366,604,1013,7,1020,0,1020,345,1365,74.7253
第15任總統副總統,在桃園市各投開票所,桃園市,　龍潭區,上林里,0990,51,420,577,1048,17,1065,0,1065,334,1399,76.1258
第15任總統副總統,在桃園市各投開票所,桃園市,　龍潭區,上林里,0991,58,476,522,1056,12,1068,0,1068,397,1465,72.9010
第15任總統副總統,在桃園市各投開票所,桃園市,　龍潭區,龍潭里,0992,56,601,784,1441,21,1462,0,1462,384,1846,79.1983
第15任總統副總統,在桃園市各投開票所,桃園市,　龍潭區,龍星里,0993,67,732,701,1500,16,1516,0,1516,449,1965,77.1501
第15任總統副總統,在桃園市各投開票所,桃園市,　龍潭區,龍星里,0994,73,649,792,1514,21,1535,1,1536,438,1974,77.7609
第15任總統副總統,在桃園市各投開票所,桃園市,　龍潭區,中正里,0995,46,471,471,988,11,999,0,999,306,1305,76.5517
第15任總統副總統,在桃園市各投開票所,桃園市,　龍潭區,中正里,0996,52,488,469,1009,10,1019,0,1019,303,1322,77.0802
第15任總統副總統,在桃園市各投開票所,桃園市,　龍潭區,中正里,0997,37,461,412,910,11,921,0,921,317,1238,74.3942
第15任總統副總統,在桃園市各投開票所,桃園市,　龍潭區,中正里,0998,58,467,472,997,13,1010,0,1010,300,1310,77.0992
第15任總統副總統,在桃園市各投開票所,桃園市,　龍潭區,上華里,0999,65,575,606,1246,5,1251,0,1251,398,1649,75.8642
第15任總統副總統,在桃園市各投開票所,桃園市,　龍潭區,上華里,1000,48,630,435,1113,7,1120,0,1120,358,1478,75.7781
第15任總統副總統,在桃園市各投開票所,桃園市,　龍潭區,九龍里,1001,63,619,600,1282,18,1300,0,1300,479,1779,73.0748
第15任總統副總統,在桃園市各投開票所,桃園市,　龍潭區,九龍里,1002,51,631,585,1267,13,1280,0,1280,487,1767,72.4392
第15任總統副總統,在桃園市各投開票所,桃園市,　龍潭區,武漢里,1003,51,547,469,1067,9,1076,0,1076,353,1429,75.2974
第15任總統副總統,在桃園市各投開票所,桃園市,　龍潭區,祥和里,1004,63,398,543,1004,9,1013,0,1013,424,1437,70.4941
第15任總統副總統,在桃園市各投開票所,桃園市,　龍潭區,東興里,1005,48,479,265,792,13,805,0,805,380,1185,67.9325
第15任總統副總統,在桃園市各投開票所,桃園市,　龍潭區,東興里,1006,42,526,360,928,13,941,0,941,377,1318,71.3961
第15任總統副總統,在桃園市各投開票所,桃園市,　龍潭區,東興里,1007,45,549,463,1057,2,1059,0,1059,310,1369,77.3557
第15任總統副總統,在桃園市各投開票所,桃園市,　龍潭區,中興里,1008,55,545,447,1047,10,1057,0,1057,404,1461,72.3477
第15任總統副總統,在桃園市各投開票所,桃園市,　龍潭區,中興里,1009,54,531,450,1035,14,1049,0,1049,351,1400,74.9286
第15任總統副總統,在桃園市各投開票所,桃園市,　龍潭區,中興里,1010,40,410,436,886,9,895,0,895,373,1268,70.5836
第15任總統副總統,在桃園市各投開票所,桃園市,　龍潭區,北興里,1011,54,409,412,875,10,885,0,885,397,1282,69.0328
第15任總統副總統,在桃園市各投開票所,桃園市,　龍潭區,北興里,1012,39,408,242,689,7,696,0,696,309,1005,69.2537
第15任總統副總統,在桃園市各投開票所,桃園市,　龍潭區,佳安里,1013,48,610,604,1262,11,1273,0,1273,386,1659,76.7330
第15任總統副總統,在桃園市各投開票所,桃園市,　龍潭區,佳安里,1014,69,758,481,1308,9,1317,0,1317,390,1707,77.1529
第15任總統副總統,在桃園市各投開票所,桃園市,　龍潭區,三坑里,1015,34,380,648,1062,4,1066,0,1066,399,1465,72.7645
第15任總統副總統,在桃園市各投開票所,桃園市,　龍潭區,大平里,1016,34,349,448,831,8,839,0,839,339,1178,71.2224
第15任總統副總統,在桃園市各投開票所,桃園市,　龍潭區,大平里,1017,27,340,387,754,4,758,0,758,265,1023,74.0958
第15任總統副總統,在桃園市各投開票所,桃園市,　龍潭區,三林里,1018,55,671,487,1213,12,1225,0,1225,292,1517,80.7515
第15任總統副總統,在桃園市各投開票所,桃園市,　龍潭區,三林里,1019,49,500,553,1102,12,1114,0,1114,323,1437,77.5226
第15任總統副總統,在桃園市各投開票所,桃園市,　龍潭區,建林里,1020,63,786,531,1380,12,1392,0,1392,376,1768,78.7330
第15任總統副總統,在桃園市各投開票所,桃園市,　龍潭區,建林里,1021,54,835,539,1428,13,1441,0,1441,393,1834,78.5714
第15任總統副總統,在桃園市各投開票所,桃園市,　龍潭區,富林里,1022,57,711,507,1275,12,1287,0,1287,438,1725,74.6087
第15任總統副總統,在桃園市各投開票所,桃園市,　龍潭區,富林里,1023,68,647,507,1222,16,1238,0,1238,394,1632,75.8578
第15任總統副總統,在桃園市各投開票所,桃園市,　龍潭區,高平里,1024,41,411,668,1120,16,1136,0,1136,409,1545,73.5275
第15任總統副總統,在桃園市各投開票所,桃園市,　龍潭區,高平里,1025,69,468,621,1158,10,1168,0,1168,419,1587,73.5980
第15任總統副總統,在桃園市各投開票所,桃園市,　龍潭區,高原里,1026,54,422,665,1141,11,1152,0,1152,391,1543,74.6598
第15任總統副總統,在桃園市各投開票所,桃園市,　龍潭區,高原里,1027,42,365,563,970,12,982,0,982,374,1356,72.4189
第15任總統副總統,在桃園市各投開票所,桃園市,　龍潭區,高原里,1028,53,473,471,997,5,1002,0,1002,413,1415,70.8127
第15任總統副總統,在桃園市各投開票所,桃園市,　龍潭區,三和里,1029,41,368,538,947,12,959,0,959,267,1226,78.2219
第15任總統副總統,在桃園市各投開票所,桃園市,　龍潭區,三和里,1030,34,475,375,884,13,897,0,897,240,1137,78.8918
第15任總統副總統,在桃園市各投開票所,桃園市,　龍潭區,三水里,1031,16,130,349,495,8,503,0,503,154,657,76.5601
第15任總統副總統,在桃園市各投開票所,桃園市,　平鎮區,平鎮里,0834,53,361,587,1001,8,1009,0,1009,442,1451,69.5382
第15任總統副總統,在桃園市各投開票所,桃園市,　平鎮區,平鎮里,0835,57,384,616,1057,13,1070,0,1070,385,1455,73.5395
第15任總統副總統,在桃園市各投開票所,桃園市,　平鎮區,平鎮里,0836,45,457,568,1070,10,1080,0,1080,346,1426,75.7363
第15任總統副總統,在桃園市各投開票所,桃園市,　平鎮區,鎮興里,0837,39,341,610,990,13,1003,0,1003,324,1327,75.5840
第15任總統副總統,在桃園市各投開票所,桃園市,　平鎮區,鎮興里,0838,65,425,661,1151,10,1161,0,1161,447,1608,72.2015
第15任總統副總統,在桃園市各投開票所,桃園市,　平鎮區,南勢里,0839,50,453,631,1134,9,1143,0,1143,370,1513,75.5453
第15任總統副總統,在桃園市各投開票所,桃園市,　平鎮區,南勢里,0840,43,416,560,1019,11,1030,0,1030,325,1355,76.0148
第15任總統副總統,在桃園市各投開票所,桃園市,　平鎮區,南勢里,0841,56,439,545,1040,12,1052,0,1052,330,1382,76.1216
第15任總統副總統,在桃園市各投開票所,桃園市,　平鎮區,南勢里,0842,68,399,521,988,5,993,0,993,365,1358,73.1222
第15任總統副總統,在桃園市各投開票所,桃園市,　平鎮區,金星里,0843,79,567,657,1303,13,1316,0,1316,429,1745,75.4155
第15任總統副總統,在桃園市各投開票所,桃園市,　平鎮區,金星里,0844,63,426,551,1040,16,1056,0,1056,592,1648,64.0777
第15任總統副總統,在桃園市各投開票所,桃園市,　平鎮區,金星里,0845,44,327,455,826,6,832,0,832,229,1061,78.4166
第15任總統副總統,在桃園市各投開票所,桃園市,　平鎮區,金星里,0846,61,454,761,1276,13,1289,0,1289,432,1721,74.8983
第15任總統副總統,在桃園市各投開票所,桃園市,　平鎮區,平安里,0847,60,425,780,1265,12,1277,0,1277,475,1752,72.8881
第15任總統副總統,在桃園市各投開票所,桃園市,　平鎮區,平安里,0848,59,433,570,1062,19,1081,0,1081,320,1401,77.1592
第15任總統副總統,在桃園市各投開票所,桃園市,　平鎮區,平安里,0849,63,548,690,1301,14,1315,0,1315,420,1735,75.7925
第15任總統副總統,在桃園市各投開票所,桃園市,　平鎮區,平南里,0850,70,448,638,1156,8,1164,0,1164,428,1592,73.1156
第15任總統副總統,在桃園市各投開票所,桃園市,　平鎮區,平南里,0851,74,450,632,1156,8,1164,0,1164,382,1546,75.2911
第15任總統副總統,在桃園市各投開票所,桃園市,　平鎮區,平南里,0852,64,482,601,1147,10,1157,0,1157,342,1499,77.1848
第15任總統副總統,在桃園市各投開票所,桃園市,　平鎮區,平南里,0853,54,540,623,1217,15,1232,0,1232,424,1656,74.3961
第15任總統副總統,在桃園市各投開票所,桃園市,　平鎮區,山峰里,0854,48,387,364,799,10,809,0,809,310,1119,72.2967
第15任總統副總統,在桃園市各投開票所,桃園市,　平鎮區,山峰里,0855,49,434,436,919,10,929,0,929,257,1186,78.3305
第15任總統副總統,在桃園市各投開票所,桃園市,　平鎮區,福林里,0856,57,490,729,1276,12,1288,0,1288,386,1674,76.9415
第15任總統副總統,在桃園市各投開票所,桃園市,　平鎮區,福林里,0857,58,469,615,1142,11,1153,0,1153,333,1486,77.5908
第15任總統副總統,在桃園市各投開票所,桃園市,　平鎮區,湧光里,0858,46,477,684,1207,10,1217,0,1217,371,1588,76.6373
第15任總統副總統,在桃園市各投開票所,桃園市,　平鎮區,湧光里,0859,65,582,605,1252,12,1264,0,1264,420,1684,75.0594
第15任總統副總統,在桃園市各投開票所,桃園市,　平鎮區,湧光里,0860,73,664,627,1364,17,1381,0,1381,447,1828,75.5470
第15任總統副總統,在桃園市各投開票所,桃園市,　平鎮區,莊敬里,0861,41,472,392,905,18,923,0,923,290,1213,76.0923
第15任總統副總統,在桃園市各投開票所,桃園市,　平鎮區,莊敬里,0862,35,427,374,836,12,848,0,848,264,1112,76.2590
第15任總統副總統,在桃園市各投開票所,桃園市,　平鎮區,莊敬里,0863,35,456,240,731,9,740,0,740,244,984,75.2033
第15任總統副總統,在桃園市各投開票所,桃園市,　平鎮區,莊敬里,0864,40,377,380,797,7,804,0,804,239,1043,77.0853
第15任總統副總統,在桃園市各投開票所,桃園市,　平鎮區,湧豐里,0865,51,577,664,1292,12,1304,0,1304,444,1748,74.5995
第15任總統副總統,在桃園市各投開票所,桃園市,　平鎮區,湧安里,0866,56,452,578,1086,8,1094,0,1094,410,1504,72.7394
第15任總統副總統,在桃園市各投開票所,桃園市,　平鎮區,湧安里,0867,53,440,512,1005,13,1018,0,1018,354,1372,74.1983
第15任總統副總統,在桃園市各投開票所,桃園市,　平鎮區,湧安里,0868,43,455,483,981,6,987,0,987,372,1359,72.6269
第15任總統副總統,在桃園市各投開票所,桃園市,　平鎮區,宋屋里,0869,58,398,585,1041,5,1046,0,1046,334,1380,75.7971
第15任總統副總統,在桃園市各投開票所,桃園市,　平鎮區,宋屋里,0870,61,444,620,1125,12,1137,0,1137,361,1498,75.9012
第15任總統副總統,在桃園市各投開票所,桃園市,　平鎮區,宋屋里,0871,49,348,420,817,8,825,0,825,307,1132,72.8799
第15任總統副總統,在桃園市各投開票所,桃園市,　平鎮區,平興里,0872,70,546,605,1221,9,1230,0,1230,449,1679,73.2579
第15任總統副總統,在桃園市各投開票所,桃園市,　平鎮區,平興里,0873,81,571,724,1376,15,1391,0,1391,444,1835,75.8038
第15任總統副總統,在桃園市各投開票所,桃園市,　平鎮區,平興里,0874,68,518,704,1290,14,1304,0,1304,380,1684,77.4347
第15任總統副總統,在桃園市各投開票所,桃園市,　平鎮區,廣興里,0875,39,327,603,969,9,978,0,978,291,1269,77.0686
第15任總統副總統,在桃園市各投開票所,桃園市,　平鎮區,廣興里,0876,51,480,584,1115,13,1128,0,1128,283,1411,79.9433
第15任總統副總統,在桃園市各投開票所,桃園市,　平鎮區,廣興里,0877,52,441,534,1027,9,1036,0,1036,205,1241,83.4811
第15任總統副總統,在桃園市各投開票所,桃園市,　平鎮區,廣興里,0878,39,473,570,1082,10,1092,0,1092,329,1421,76.8473
第15任總統副總統,在桃園市各投開票所,桃園市,　平鎮區,廣達里,0879,51,368,663,1082,18,1100,0,1100,344,1444,76.1773
第15任總統副總統,在桃園市各投開票所,桃園市,　平鎮區,廣達里,0880,27,337,559,923,9,932,0,932,259,1191,78.2536
第15任總統副總統,在桃園市各投開票所,桃園市,　平鎮區,廣達里,0881,25,294,467,786,10,796,0,796,272,1068,74.5318
第15任總統副總統,在桃園市各投開票所,桃園市,　平鎮區,廣仁里,0882,59,425,542,1026,10,1036,0,1036,386,1422,72.8551
第15任總統副總統,在桃園市各投開票所,桃園市,　平鎮區,廣仁里,0883,61,397,543,1001,7,1008,0,1008,367,1375,73.3091
第15任總統副總統,在桃園市各投開票所,桃園市,　平鎮區,廣仁里,0884,47,397,519,963,9,972,0,972,398,1370,70.9489
第15任總統副總統,在桃園市各投開票所,桃園市,　平鎮區,復旦里,0885,44,324,422,790,13,803,0,803,218,1021,78.6484
第15任總統副總統,在桃園市各投開票所,桃園市,　平鎮區,復旦里,0886,38,358,428,824,7,831,0,831,258,1089,76.3085
第15任總統副總統,在桃園市各投開票所,桃園市,　平鎮區,復旦里,0887,53,461,637,1151,4,1155,0,1155,330,1485,77.7778
第15任總統副總統,在桃園市各投開票所,桃園市,　平鎮區,復旦里,0888,64,482,662,1208,7,1215,0,1215,363,1578,76.9962
第15任總統副總統,在桃園市各投開票所,桃園市,　平鎮區,復興里,0889,75,455,760,1290,19,1309,0,1309,390,1699,77.0453
第15任總統副總統,在桃園市各投開票所,桃園市,　平鎮區,復興里,0890,62,399,612,1073,12,1085,0,1085,316,1401,77.4447
第15任總統副總統,在桃園市各投開票所,桃園市,　平鎮區,復興里,0891,69,520,773,1362,11,1373,4,1377,279,1656,82.9106
第15任總統副總統,在桃園市各投開票所,桃園市,　平鎮區,義民里,0892,46,426,507,979,13,992,0,992,323,1315,75.4373
第15任總統副總統,在桃園市各投開票所,桃園市,　平鎮區,義民里,0893,42,408,521,971,9,980,0,980,286,1266,77.4092
第15任總統副總統,在桃園市各投開票所,桃園市,　平鎮區,義民里,0894,55,341,474,870,11,881,0,881,333,1214,72.5700
第15任總統副總統,在桃園市各投開票所,桃園市,　平鎮區,義民里,0895,56,354,450,860,6,866,0,866,306,1172,73.8908
第15任總統副總統,在桃園市各投開票所,桃園市,　平鎮區,義興里,0896,75,481,769,1325,13,1338,0,1338,368,1706,78.4291
第15任總統副總統,在桃園市各投開票所,桃園市,　平鎮區,義興里,0897,43,441,697,1181,16,1197,0,1197,360,1557,76.8786
第15任總統副總統,在桃園市各投開票所,桃園市,　平鎮區,義興里,0898,71,484,653,1208,17,1225,0,1225,351,1576,77.7284
第15任總統副總統,在桃園市各投開票所,桃園市,　平鎮區,義興里,0899,56,504,680,1240,15,1255,0,1255,433,1688,74.3483
第15任總統副總統,在桃園市各投開票所,桃園市,　平鎮區,雙連里,0900,62,524,654,1240,15,1255,0,1255,411,1666,75.3301
第15任總統副總統,在桃園市各投開票所,桃園市,　平鎮區,雙連里,0901,52,483,589,1124,15,1139,0,1139,410,1549,73.5313
第15任總統副總統,在桃園市各投開票所,桃園市,　平鎮區,雙連里,0902,49,427,582,1058,4,1062,0,1062,354,1416,75.0000
第15任總統副總統,在桃園市各投開票所,桃園市,　平鎮區,高雙里,0903,55,430,810,1295,11,1306,0,1306,375,1681,77.6919
第15任總統副總統,在桃園市各投開票所,桃園市,　平鎮區,高雙里,0904,38,308,554,900,8,908,0,908,263,1171,77.5406
第15任總統副總統,在桃園市各投開票所,桃園市,　平鎮區,高雙里,0905,43,386,522,951,11,962,0,962,261,1223,78.6590
第15任總統副總統,在桃園市各投開票所,桃園市,　平鎮區,北勢里,0906,38,393,463,894,15,909,0,909,272,1181,76.9687
第15任總統副總統,在桃園市各投開票所,桃園市,　平鎮區,北勢里,0907,38,360,591,989,10,999,0,999,223,1222,81.7512
第15任總統副總統,在桃園市各投開票所,桃園市,　平鎮區,北華里,0908,32,438,472,942,15,957,0,957,243,1200,79.7500
第15任總統副總統,在桃園市各投開票所,桃園市,　平鎮區,北華里,0909,42,456,592,1090,13,1103,0,1103,276,1379,79.9855
第15任總統副總統,在桃園市各投開票所,桃園市,　平鎮區,北華里,0910,44,359,399,802,10,812,0,812,286,1098,73.9526
第15任總統副總統,在桃園市各投開票所,桃園市,　平鎮區,新勢里,0911,36,306,418,760,16,776,0,776,263,1039,74.6872
第15任總統副總統,在桃園市各投開票所,桃園市,　平鎮區,新勢里,0912,42,343,559,944,19,963,0,963,283,1246,77.2873
第15任總統副總統,在桃園市各投開票所,桃園市,　平鎮區,新勢里,0913,53,408,526,987,7,994,0,994,287,1281,77.5956
第15任總統副總統,在桃園市各投開票所,桃園市,　平鎮區,北安里,0914,24,223,296,543,2,545,0,545,165,710,76.7606
第15任總統副總統,在桃園市各投開票所,桃園市,　平鎮區,北安里,0915,32,211,388,631,5,636,0,636,182,818,77.7506
第15任總統副總統,在桃園市各投開票所,桃園市,　平鎮區,新榮里,0916,60,506,789,1355,10,1365,0,1365,327,1692,80.6738
第15任總統副總統,在桃園市各投開票所,桃園市,　平鎮區,新榮里,0917,80,592,738,1410,19,1429,0,1429,305,1734,82.4106
第15任總統副總統,在桃園市各投開票所,桃園市,　平鎮區,新榮里,0918,68,446,640,1154,12,1166,0,1166,429,1595,73.1034
第15任總統副總統,在桃園市各投開票所,桃園市,　平鎮區,新富里,0919,36,386,454,876,7,883,0,883,1370,2253,39.1922
第15任總統副總統,在桃園市各投開票所,桃園市,　平鎮區,新富里,0920,45,281,429,755,10,765,0,765,182,947,80.7814
第15任總統副總統,在桃園市各投開票所,桃園市,　平鎮區,新富里,0921,55,580,594,1229,17,1246,0,1246,301,1547,80.5430
第15任總統副總統,在桃園市各投開票所,桃園市,　平鎮區,新富里,0922,52,566,578,1196,18,1214,0,1214,414,1628,74.5700
第15任總統副總統,在桃園市各投開票所,桃園市,　平鎮區,新英里,0923,72,652,655,1379,19,1398,0,1398,441,1839,76.0196
第15任總統副總統,在桃園市各投開票所,桃園市,　平鎮區,新英里,0924,78,591,658,1327,17,1344,0,1344,427,1771,75.8893
第15任總統副總統,在桃園市各投開票所,桃園市,　平鎮區,新貴里,0925,48,440,677,1165,17,1182,0,1182,362,1544,76.5544
第15任總統副總統,在桃園市各投開票所,桃園市,　平鎮區,新貴里,0926,58,417,658,1133,15,1148,0,1148,317,1465,78.3618
第15任總統副總統,在桃園市各投開票所,桃園市,　平鎮區,北興里,0927,35,281,474,790,14,804,0,804,185,989,81.2942
第15任總統副總統,在桃園市各投開票所,桃園市,　平鎮區,北興里,0928,33,381,536,950,11,961,0,961,304,1265,75.9684
第15任總統副總統,在桃園市各投開票所,桃園市,　平鎮區,北興里,0929,44,468,679,1191,23,1214,0,1214,356,1570,77.3248
第15任總統副總統,在桃園市各投開票所,桃園市,　平鎮區,金陵里,0930,53,403,548,1004,17,1021,0,1021,286,1307,78.1178
第15任總統副總統,在桃園市各投開票所,桃園市,　平鎮區,金陵里,0931,63,482,587,1132,13,1145,0,1145,305,1450,78.9655
第15任總統副總統,在桃園市各投開票所,桃園市,　平鎮區,北貴里,0932,47,369,625,1041,15,1056,0,1056,376,1432,73.7430
第15任總統副總統,在桃園市各投開票所,桃園市,　平鎮區,北貴里,0933,41,376,645,1062,9,1071,0,1071,289,1360,78.7500
第15任總統副總統,在桃園市各投開票所,桃園市,　平鎮區,北貴里,0934,50,411,441,902,9,911,0,911,239,1150,79.2174
第15任總統副總統,在桃園市各投開票所,桃園市,　平鎮區,北富里,0935,45,429,563,1037,17,1054,0,1054,284,1338,78.7743
第15任總統副總統,在桃園市各投開票所,桃園市,　平鎮區,北富里,0936,47,343,523,913,10,923,0,923,261,1184,77.9561
第15任總統副總統,在桃園市各投開票所,桃園市,　平鎮區,北富里,0937,50,304,574,928,9,937,0,937,282,1219,76.8663
第15任總統副總統,在桃園市各投開票所,桃園市,　平鎮區,建安里,0938,37,311,610,958,6,964,0,964,254,1218,79.1461
第15任總統副總統,在桃園市各投開票所,桃園市,　平鎮區,建安里,0939,70,512,574,1156,9,1165,0,1165,367,1532,76.0444
第15任總統副總統,在桃園市各投開票所,桃園市,　平鎮區,建安里,0940,46,412,547,1005,8,1013,0,1013,334,1347,75.2042
第15任總統副總統,在桃園市各投開票所,桃園市,　平鎮區,華安里,0941,40,522,375,937,15,952,0,952,344,1296,73.4568
第15任總統副總統,在桃園市各投開票所,桃園市,　平鎮區,華安里,0942,60,515,412,987,14,1001,0,1001,301,1302,76.8817
第15任總統副總統,在桃園市各投開票所,桃園市,　平鎮區,華安里,0943,48,507,470,1025,9,1034,0,1034,442,1476,70.0542
第15任總統副總統,在桃園市各投開票所,桃園市,　平鎮區,東安里,0944,50,499,426,975,15,990,0,990,320,1310,75.5725
第15任總統副總統,在桃園市各投開票所,桃園市,　平鎮區,東安里,0945,47,523,455,1025,17,1042,0,1042,378,1420,73.3803
第15任總統副總統,在桃園市各投開票所,桃園市,　平鎮區,新安里,0946,50,527,494,1071,6,1077,0,1077,410,1487,72.4277
第15任總統副總統,在桃園市各投開票所,桃園市,　平鎮區,新安里,0947,56,466,528,1050,8,1058,0,1058,394,1452,72.8650
第15任總統副總統,在桃園市各投開票所,桃園市,　平鎮區,新安里,0948,56,467,489,1012,13,1025,0,1025,287,1312,78.1250
第15任總統副總統,在桃園市各投開票所,桃園市,　平鎮區,東勢里,0949,20,223,511,754,5,759,0,759,264,1023,74.1935
第15任總統副總統,在桃園市各投開票所,桃園市,　平鎮區,東勢里,0950,41,438,606,1085,14,1099,0,1099,309,1408,78.0540
第15任總統副總統,在桃園市各投開票所,桃園市,　平鎮區,東勢里,0951,40,313,596,949,10,959,0,959,347,1306,73.4303
第15任總統副總統,在桃園市各投開票所,桃園市,　平鎮區,東勢里,0952,71,534,504,1109,8,1117,0,1117,389,1506,74.1700
第15任總統副總統,在桃園市各投開票所,桃園市,　平鎮區,龍恩里,0953,54,540,408,1002,10,1012,0,1012,321,1333,75.9190
第15任總統副總統,在桃園市各投開票所,桃園市,　平鎮區,龍恩里,0954,48,518,427,993,16,1009,0,1009,374,1383,72.9573
第15任總統副總統,在桃園市各投開票所,桃園市,　平鎮區,東社里,0955,48,607,582,1237,14,1251,0,1251,379,1630,76.7485
第15任總統副總統,在桃園市各投開票所,桃園市,　平鎮區,東社里,0956,57,646,473,1176,10,1186,0,1186,417,1603,73.9863
第15任總統副總統,在桃園市各投開票所,桃園市,　平鎮區,忠貞里,0957,45,531,318,894,10,904,0,904,264,1168,77.3973
第15任總統副總統,在桃園市各投開票所,桃園市,　平鎮區,貿易里,0958,44,512,290,846,11,857,0,857,216,1073,79.8695
第15任總統副總統,在桃園市各投開票所,桃園市,　平鎮區,貿易里,0959,39,334,271,644,3,647,0,647,159,806,80.2730
第15任總統副總統,在桃園市各投開票所,桃園市,　平鎮區,龍興里,0960,40,461,331,832,9,841,0,841,273,1114,75.4937
第15任總統副總統,在桃園市各投開票所,桃園市,　平鎮區,龍興里,0961,42,649,353,1044,12,1056,0,1056,324,1380,76.5217
第15任總統副總統,在桃園市各投開票所,桃園市,　平鎮區,中正里,0962,44,738,415,1197,18,1215,0,1215,376,1591,76.3671
第15任總統副總統,在桃園市各投開票所,桃園市,　新屋區,新屋里,0315,50,417,536,1003,11,1014,0,1014,238,1252,80.9904
第15任總統副總統,在桃園市各投開票所,桃園市,　新屋區,新屋里,0316,52,417,616,1085,14,1099,0,1099,427,1526,72.0183
第15任總統副總統,在桃園市各投開票所,桃園市,　新屋區,新生里,0317,43,383,553,979,4,983,0,983,283,1266,77.6461
第15任總統副總統,在桃園市各投開票所,桃園市,　新屋區,新生里,0318,56,382,490,928,16,944,0,944,284,1228,76.8730
第15任總統副總統,在桃園市各投開票所,桃園市,　新屋區,新生里,0319,49,405,635,1089,8,1097,0,1097,241,1338,81.9880
第15任總統副總統,在桃園市各投開票所,桃園市,　新屋區,後湖里,0320,55,393,704,1152,16,1168,0,1168,330,1498,77.9706
第15任總統副總統,在桃園市各投開票所,桃園市,　新屋區,清華里,0321,44,361,580,985,10,995,0,995,307,1302,76.4209
第15任總統副總統,在桃園市各投開票所,桃園市,　新屋區,清華里,0322,50,377,510,937,6,943,0,943,281,1224,77.0425
第15任總統副總統,在桃園市各投開票所,桃園市,　新屋區,清華里,0323,34,378,581,993,14,1007,0,1007,336,1343,74.9814
第15任總統副總統,在桃園市各投開票所,桃園市,　新屋區,石磊里,0324,30,276,499,805,5,810,0,810,259,1069,75.7717
第15任總統副總統,在桃園市各投開票所,桃園市,　新屋區,石磊里,0325,30,239,434,703,9,712,0,712,208,920,77.3913
第15任總統副總統,在桃園市各投開票所,桃園市,　新屋區,東明里,0326,39,409,644,1092,17,1109,0,1109,305,1414,78.4300
第15任總統副總統,在桃園市各投開票所,桃園市,　新屋區,社子里,0327,39,306,699,1044,6,1050,0,1050,288,1338,78.4753
第15任總統副總統,在桃園市各投開票所,桃園市,　新屋區,埔頂里,0328,62,337,554,953,8,961,0,961,275,1236,77.7508
第15任總統副總統,在桃園市各投開票所,桃園市,　新屋區,埔頂里,0329,44,320,521,885,9,894,0,894,307,1201,74.4380
第15任總統副總統,在桃園市各投開票所,桃園市,　新屋區,九斗里,0330,38,333,537,908,9,917,0,917,284,1201,76.3530
第15任總統副總統,在桃園市各投開票所,桃園市,　新屋區,九斗里,0331,39,217,517,773,9,782,0,782,246,1028,76.0700
第15任總統副總統,在桃園市各投開票所,桃園市,　新屋區,頭洲里,0332,44,361,580,985,16,1001,0,1001,357,1358,73.7113
第15任總統副總統,在桃園市各投開票所,桃園市,　新屋區,頭洲里,0333,57,352,596,1005,7,1012,0,1012,317,1329,76.1475
第15任總統副總統,在桃園市各投開票所,桃園市,　新屋區,頭洲里,0334,40,363,663,1066,11,1077,0,1077,343,1420,75.8451
第15任總統副總統,在桃園市各投開票所,桃園市,　新屋區,大坡里,0335,39,290,620,949,8,957,0,957,301,1258,76.0731
第15任總統副總統,在桃園市各投開票所,桃園市,　新屋區,望間里,0336,35,299,698,1032,7,1039,0,1039,316,1355,76.6790
第15任總統副總統,在桃園市各投開票所,桃園市,　新屋區,後庄里,0337,42,347,427,816,11,827,0,827,244,1071,77.2176
第15任總統副總統,在桃園市各投開票所,桃園市,　新屋區,蚵間里,0338,38,191,428,657,6,663,0,663,226,889,74.5782
第15任總統副總統,在桃園市各投開票所,桃園市,　新屋區,深圳里,0339,20,170,283,473,6,479,0,479,156,635,75.4331
第15任總統副總統,在桃園市各投開票所,桃園市,　新屋區,槺榔里,0340,27,234,484,745,10,755,0,755,278,1033,73.0881
第15任總統副總統,在桃園市各投開票所,桃園市,　新屋區,笨港里,0341,34,293,468,795,13,808,0,808,215,1023,78.9834
第15任總統副總統,在桃園市各投開票所,桃園市,　新屋區,永安里,0342,29,203,404,636,6,642,0,642,220,862,74.4780
第15任總統副總統,在桃園市各投開票所,桃園市,　新屋區,永安里,0343,42,379,606,1027,13,1040,0,1040,299,1339,77.6699
第15任總統副總統,在桃園市各投開票所,桃園市,　新屋區,永興里,0344,40,213,480,733,7,740,0,740,251,991,74.6720
第15任總統副總統,在桃園市各投開票所,桃園市,　新屋區,下埔里,0345,22,195,344,561,6,567,0,567,136,703,80.6543
第15任總統副總統,在桃園市各投開票所,桃園市,　新屋區,石牌里,0346,32,240,427,699,19,718,0,718,184,902,79.6009
第15任總統副總統,在桃園市各投開票所,桃園市,　新屋區,下田里,0347,52,451,741,1244,12,1256,0,1256,419,1675,74.9851
第15任總統副總統,在桃園市各投開票所,桃園市,　新屋區,赤欄里,0348,45,360,578,983,10,993,0,993,305,1298,76.5023
第15任總統副總統,在桃園市各投開票所,桃園市,　觀音區,觀音里,0270,43,343,593,979,7,986,0,986,319,1305,75.5556
第15任總統副總統,在桃園市各投開票所,桃園市,　觀音區,觀音里,0271,39,299,513,851,13,864,0,864,455,1319,65.5042
第15任總統副總統,在桃園市各投開票所,桃園市,　觀音區,白玉里,0272,40,275,384,699,9,708,0,708,201,909,77.8878
第15任總統副總統,在桃園市各投開票所,桃園市,　觀音區,廣興里,0273,43,348,564,955,10,965,0,965,334,1299,74.2879
第15任總統副總統,在桃園市各投開票所,桃園市,　觀音區,大潭里,0274,74,401,770,1245,12,1257,0,1257,468,1725,72.8696
第15任總統副總統,在桃園市各投開票所,桃園市,　觀音區,保生里,0275,34,340,539,913,7,920,0,920,365,1285,71.5953
第15任總統副總統,在桃園市各投開票所,桃園市,　觀音區,保生里,0276,23,170,407,600,6,606,0,606,185,791,76.6119
第15任總統副總統,在桃園市各投開票所,桃園市,　觀音區,武威里,0277,25,197,424,646,6,652,0,652,213,865,75.3757
第15任總統副總統,在桃園市各投開票所,桃園市,　觀音區,三和里,0278,28,183,413,624,8,632,0,632,189,821,76.9793
第15任總統副總統,在桃園市各投開票所,桃園市,　觀音區,新興里,0279,21,179,340,540,4,544,0,544,153,697,78.0488
第15任總統副總統,在桃園市各投開票所,桃園市,　觀音區,坑尾里,0280,48,376,686,1110,14,1124,0,1124,502,1626,69.1267
第15任總統副總統,在桃園市各投開票所,桃園市,　觀音區,金湖里,0281,58,296,587,941,11,952,0,952,292,1244,76.5273
第15任總統副總統,在桃園市各投開票所,桃園市,　觀音區,金湖里,0282,39,267,595,901,9,910,0,910,395,1305,69.7318
第15任總統副總統,在桃園市各投開票所,桃園市,　觀音區,藍埔里,0283,48,289,553,890,12,902,0,902,308,1210,74.5455
第15任總統副總統,在桃園市各投開票所,桃園市,　觀音區,藍埔里,0284,55,217,647,919,10,929,0,929,318,1247,74.4988
第15任總統副總統,在桃園市各投開票所,桃園市,　觀音區,大同里,0285,44,276,768,1088,7,1095,0,1095,381,1476,74.1870
第15任總統副總統,在桃園市各投開票所,桃園市,　觀音區,大同里,0286,38,329,748,1115,5,1120,0,1120,376,1496,74.8663
第15任總統副總統,在桃園市各投開票所,桃園市,　觀音區,大堀里,0287,57,271,716,1044,10,1054,0,1054,374,1428,73.8095
第15任總統副總統,在桃園市各投開票所,桃園市,　觀音區,崙坪里,0288,32,218,570,820,6,826,0,826,249,1075,76.8372
第15任總統副總統,在桃園市各投開票所,桃園市,　觀音區,崙坪里,0289,38,198,576,812,11,823,0,823,258,1081,76.1332
第15任總統副總統,在桃園市各投開票所,桃園市,　觀音區,崙坪里,0290,39,262,624,925,8,933,0,933,280,1213,76.9167
第15任總統副總統,在桃園市各投開票所,桃園市,　觀音區,崙坪里,0291,55,287,573,915,12,927,0,927,315,1242,74.6377
第15任總統副總統,在桃園市各投開票所,桃園市,　觀音區,富源里,0292,37,292,550,879,7,886,0,886,268,1154,76.7764
第15任總統副總統,在桃園市各投開票所,桃園市,　觀音區,富源里,0293,42,362,587,991,18,1009,0,1009,387,1396,72.2779
第15任總統副總統,在桃園市各投開票所,桃園市,　觀音區,富源里,0294,50,311,494,855,12,867,0,867,245,1112,77.9676
第15任總統副總統,在桃園市各投開票所,桃園市,　觀音區,上大里,0295,41,282,500,823,9,832,0,832,251,1083,76.8236
第15任總統副總統,在桃園市各投開票所,桃園市,　觀音區,上大里,0296,47,297,601,945,10,955,0,955,302,1257,75.9745
第15任總統副總統,在桃園市各投開票所,桃園市,　觀音區,新坡里,0297,47,317,703,1067,10,1077,0,1077,325,1402,76.8188
第15任總統副總統,在桃園市各投開票所,桃園市,　觀音區,新坡里,0298,44,273,764,1081,7,1088,0,1088,405,1493,72.8734
第15任總統副總統,在桃園市各投開票所,桃園市,　觀音區,廣福里,0299,55,230,625,910,6,916,0,916,310,1226,74.7145
第15任總統副總統,在桃園市各投開票所,桃園市,　觀音區,廣福里,0300,49,225,644,918,10,928,0,928,260,1188,78.1145
第15任總統副總統,在桃園市各投開票所,桃園市,　觀音區,塔腳里,0301,46,215,495,756,7,763,0,763,272,1035,73.7198
第15任總統副總統,在桃園市各投開票所,桃園市,　觀音區,保障里,0302,31,192,486,709,13,722,0,722,236,958,75.3653
第15任總統副總統,在桃園市各投開票所,桃園市,　觀音區,保障里,0303,33,169,487,689,10,699,0,699,234,933,74.9196
第15任總統副總統,在桃園市各投開票所,桃園市,　觀音區,草漯里,0304,28,204,523,755,12,767,0,767,263,1030,74.4660
第15任總統副總統,在桃園市各投開票所,桃園市,　觀音區,草漯里,0305,42,239,556,837,1,838,0,838,368,1206,69.4859
第15任總統副總統,在桃園市各投開票所,桃園市,　觀音區,草新里,0306,56,308,566,930,10,940,0,940,360,1300,72.3077
第15任總統副總統,在桃園市各投開票所,桃園市,　觀音區,草新里,0307,58,324,610,992,15,1007,0,1007,353,1360,74.0441
第15任總統副總統,在桃園市各投開票所,桃園市,　觀音區,草新里,0308,42,319,572,933,10,943,0,943,338,1281,73.6144
第15任總統副總統,在桃園市各投開票所,桃園市,　觀音區,草新里,0309,53,293,601,947,7,954,0,954,402,1356,70.3540
第15任總統副總統,在桃園市各投開票所,桃園市,　觀音區,樹林里,0310,43,274,511,828,9,837,0,837,391,1228,68.1596
第15任總統副總統,在桃園市各投開票所,桃園市,　觀音區,樹林里,0311,46,301,467,814,11,825,0,825,475,1300,63.4615
第15任總統副總統,在桃園市各投開票所,桃園市,　觀音區,樹林里,0312,38,274,534,846,20,866,0,866,525,1391,62.2574
第15任總統副總統,在桃園市各投開票所,桃園市,　觀音區,富林里,0313,23,167,445,635,4,639,0,639,227,866,73.7875
第15任總統副總統,在桃園市各投開票所,桃園市,　觀音區,富林里,0314,41,217,425,683,5,688,0,688,271,959,71.7414
第15任總統副總統,在桃園市各投開票所,桃園市,　復興區,三民里,1204,30,295,366,691,13,704,0,704,297,1001,70.3297
第15任總統副總統,在桃園市各投開票所,桃園市,　復興區,三民里,1205,23,371,280,674,7,681,0,681,301,982,69.3483
第15任總統副總統,在桃園市各投開票所,桃園市,　復興區,澤仁里,1206,39,588,286,913,9,922,0,922,446,1368,67.3977
第15任總統副總統,在桃園市各投開票所,桃園市,　復興區,霞雲里,1207,17,272,94,383,1,384,0,384,188,572,67.1329
第15任總統副總統,在桃園市各投開票所,桃園市,　復興區,義盛里,1208,14,375,88,477,4,481,0,481,222,703,68.4211
第15任總統副總統,在桃園市各投開票所,桃園市,　復興區,羅浮里,1209,29,423,221,673,5,678,0,678,318,996,68.0723
第15任總統副總統,在桃園市各投開票所,桃園市,　復興區,長興里,1210,11,256,126,393,4,397,0,397,259,656,60.5183
第15任總統副總統,在桃園市各投開票所,桃園市,　復興區,奎輝里,1211,14,377,104,495,5,500,0,500,238,738,67.7507
第15任總統副總統,在桃園市各投開票所,桃園市,　復興區,高義里,1212,18,292,115,425,2,427,0,427,278,705,60.5674
第15任總統副總統,在桃園市各投開票所,桃園市,　復興區,三光里,1213,16,333,95,444,3,447,0,447,229,676,66.1243
第15任總統副總統,在桃園市各投開票所,桃園市,　復興區,華陵里,1214,22,461,263,746,1,747,0,747,450,1197,62.4060
第15任總統副總統,在花蓮縣各投開票所,花蓮縣,　花蓮市,民德里,0001,21,315,203,539,9,548,0,548,166,714,76.7507
第15任總統副總統,在花蓮縣各投開票所,花蓮縣,　花蓮市,民德里,0002,25,316,243,584,4,588,0,588,176,764,76.9634
第15任總統副總統,在花蓮縣各投開票所,花蓮縣,　花蓮市,民勤里,0003,31,457,241,729,10,739,0,739,227,966,76.5010
第15任總統副總統,在花蓮縣各投開票所,花蓮縣,　花蓮市,民勤里,0004,29,452,219,700,3,703,0,703,261,964,72.9253
第15任總統副總統,在花蓮縣各投開票所,花蓮縣,　花蓮市,民勤里,0005,34,491,319,844,8,852,0,852,241,1093,77.9506
第15任總統副總統,在花蓮縣各投開票所,花蓮縣,　花蓮市,民意里,0006,8,225,77,310,4,314,0,314,148,462,67.9654
第15任總統副總統,在花蓮縣各投開票所,花蓮縣,　花蓮市,民意里,0007,23,371,191,585,5,590,0,590,219,809,72.9295
第15任總統副總統,在花蓮縣各投開票所,花蓮縣,　花蓮市,民意里,0008,22,379,70,471,7,478,0,478,212,690,69.2754
第15任總統副總統,在花蓮縣各投開票所,花蓮縣,　花蓮市,民心里,0009,25,376,252,653,5,658,0,658,238,896,73.4375
第15任總統副總統,在花蓮縣各投開票所,花蓮縣,　花蓮市,民享里,0010,32,438,219,689,4,693,0,693,281,974,71.1499
第15任總統副總統,在花蓮縣各投開票所,花蓮縣,　花蓮市,民享里,0011,27,440,214,681,4,685,0,685,247,932,73.4979
第15任總統副總統,在花蓮縣各投開票所,花蓮縣,　花蓮市,民享里,0012,31,458,257,746,6,752,0,752,236,988,76.1134
第15任總統副總統,在花蓮縣各投開票所,花蓮縣,　花蓮市,民孝里,0013,51,428,266,745,8,753,0,753,294,1047,71.9198
第15任總統副總統,在花蓮縣各投開票所,花蓮縣,　花蓮市,民孝里,0014,45,523,251,819,12,831,0,831,293,1124,73.9324
第15任總統副總統,在花蓮縣各投開票所,花蓮縣,　花蓮市,民孝里,0015,43,664,235,942,7,949,1,950,289,1239,76.5940
第15任總統副總統,在花蓮縣各投開票所,花蓮縣,　花蓮市,民運里,0016,30,427,297,754,11,765,0,765,294,1059,72.2380
第15任總統副總統,在花蓮縣各投開票所,花蓮縣,　花蓮市,民運里,0017,32,372,240,644,4,648,0,648,249,897,72.2408
第15任總統副總統,在花蓮縣各投開票所,花蓮縣,　花蓮市,民政里,0018,30,503,312,845,10,855,0,855,275,1130,75.6637
第15任總統副總統,在花蓮縣各投開票所,花蓮縣,　花蓮市,民政里,0019,26,482,298,806,9,815,0,815,284,1099,74.1583
第15任總統副總統,在花蓮縣各投開票所,花蓮縣,　花蓮市,民政里,0020,29,599,345,973,4,977,0,977,296,1273,76.7478
第15任總統副總統,在花蓮縣各投開票所,花蓮縣,　花蓮市,民立里,0021,22,329,209,560,1,561,0,561,182,743,75.5047
第15任總統副總統,在花蓮縣各投開票所,花蓮縣,　花蓮市,民立里,0022,31,251,208,490,13,503,0,503,254,757,66.4465
第15任總統副總統,在花蓮縣各投開票所,花蓮縣,　花蓮市,民樂里,0023,16,247,173,436,3,439,0,439,155,594,73.9057
第15任總統副總統,在花蓮縣各投開票所,花蓮縣,　花蓮市,民有里,0024,18,220,198,436,5,441,0,441,158,599,73.6227
第15任總統副總統,在花蓮縣各投開票所,花蓮縣,　花蓮市,民主里,0025,16,241,145,402,3,405,0,405,157,562,72.0641
第15任總統副總統,在花蓮縣各投開票所,花蓮縣,　花蓮市,民族里,0026,12,181,137,330,1,331,0,331,112,443,74.7178
第15任總統副總統,在花蓮縣各投開票所,花蓮縣,　花蓮市,民生里,0027,29,393,353,775,8,783,0,783,298,1081,72.4329
第15任總統副總統,在花蓮縣各投開票所,花蓮縣,　花蓮市,民權里,0028,10,169,103,282,3,285,0,285,109,394,72.3350
第15任總統副總統,在花蓮縣各投開票所,花蓮縣,　花蓮市,主商里,0029,17,203,205,425,5,430,0,430,130,560,76.7857
第15任總統副總統,在花蓮縣各投開票所,花蓮縣,　花蓮市,主勤里,0030,25,287,266,578,5,583,0,583,212,795,73.3333
第15任總統副總統,在花蓮縣各投開票所,花蓮縣,　花蓮市,主工里,0031,18,204,172,394,8,402,0,402,115,517,77.7563
第15任總統副總統,在花蓮縣各投開票所,花蓮縣,　花蓮市,主信里,0032,17,213,193,423,9,432,0,432,153,585,73.8462
第15任總統副總統,在花蓮縣各投開票所,花蓮縣,　花蓮市,主義里,0033,15,191,137,343,4,347,0,347,96,443,78.3296
第15任總統副總統,在花蓮縣各投開票所,花蓮縣,　花蓮市,主睦里,0034,19,195,175,389,1,390,0,390,149,539,72.3562
第15任總統副總統,在花蓮縣各投開票所,花蓮縣,　花蓮市,主計里,0035,17,291,222,530,10,540,0,540,234,774,69.7674
第15任總統副總統,在花蓮縣各投開票所,花蓮縣,　花蓮市,主和里,0036,25,346,269,640,9,649,0,649,219,868,74.7696
第15任總統副總統,在花蓮縣各投開票所,花蓮縣,　花蓮市,主和里,0037,35,386,286,707,5,712,0,712,292,1004,70.9163
第15任總統副總統,在花蓮縣各投開票所,花蓮縣,　花蓮市,主和里,0038,31,389,349,769,8,777,2,779,230,1009,77.0069
第15任總統副總統,在花蓮縣各投開票所,花蓮縣,　花蓮市,主學里,0039,30,341,246,617,5,622,0,622,201,823,75.5772
第15任總統副總統,在花蓮縣各投開票所,花蓮縣,　花蓮市,主學里,0040,26,352,310,688,5,693,0,693,272,965,71.8135
第15任總統副總統,在花蓮縣各投開票所,花蓮縣,　花蓮市,主農里,0041,49,508,400,957,11,968,0,968,334,1302,74.3472
第15任總統副總統,在花蓮縣各投開票所,花蓮縣,　花蓮市,主農里,0042,28,496,342,866,12,878,0,878,285,1163,75.4944
第15任總統副總統,在花蓮縣各投開票所,花蓮縣,　花蓮市,主農里,0043,26,370,293,689,7,696,0,696,234,930,74.8387
第15任總統副總統,在花蓮縣各投開票所,花蓮縣,　花蓮市,主安里,0044,30,489,347,866,7,873,1,874,322,1196,72.9933
第15任總統副總統,在花蓮縣各投開票所,花蓮縣,　花蓮市,主安里,0045,50,477,312,839,8,847,0,847,337,1184,71.5372
第15任總統副總統,在花蓮縣各投開票所,花蓮縣,　花蓮市,主權里,0046,31,346,286,663,8,671,0,671,229,900,74.5556
第15任總統副總統,在花蓮縣各投開票所,花蓮縣,　花蓮市,主權里,0047,25,404,211,640,3,643,0,643,262,905,71.0497
第15任總統副總統,在花蓮縣各投開票所,花蓮縣,　花蓮市,主權里,0048,28,452,324,804,9,813,0,813,345,1158,70.2073
第15任總統副總統,在花蓮縣各投開票所,花蓮縣,　花蓮市,主權里,0049,32,446,334,812,6,818,0,818,311,1129,72.4535
第15任總統副總統,在花蓮縣各投開票所,花蓮縣,　花蓮市,主權里,0050,43,422,290,755,8,763,0,763,206,969,78.7410
第15任總統副總統,在花蓮縣各投開票所,花蓮縣,　花蓮市,主力里,0051,22,313,274,609,9,618,0,618,186,804,76.8657
第15任總統副總統,在花蓮縣各投開票所,花蓮縣,　花蓮市,主力里,0052,30,322,275,627,6,633,0,633,249,882,71.7687
第15任總統副總統,在花蓮縣各投開票所,花蓮縣,　花蓮市,主力里,0053,36,356,283,675,6,681,0,681,244,925,73.6216
第15任總統副總統,在花蓮縣各投開票所,花蓮縣,　花蓮市,國風里,0054,30,422,326,778,4,782,0,782,216,998,78.3567
第15任總統副總統,在花蓮縣各投開票所,花蓮縣,　花蓮市,國風里,0055,33,446,315,794,12,806,0,806,282,1088,74.0809
第15任總統副總統,在花蓮縣各投開票所,花蓮縣,　花蓮市,國風里,0056,32,414,307,753,8,761,0,761,285,1046,72.7533
第15任總統副總統,在花蓮縣各投開票所,花蓮縣,　花蓮市,國威里,0057,9,213,197,419,7,426,0,426,489,915,46.5574
第15任總統副總統,在花蓮縣各投開票所,花蓮縣,　花蓮市,國威里,0058,26,317,268,611,8,619,0,619,208,827,74.8489
第15任總統副總統,在花蓮縣各投開票所,花蓮縣,　花蓮市,國治里,0059,20,348,246,614,8,622,0,622,219,841,73.9596
第15任總統副總統,在花蓮縣各投開票所,花蓮縣,　花蓮市,國安里,0060,24,243,169,436,2,438,0,438,107,545,80.3670
第15任總統副總統,在花蓮縣各投開票所,花蓮縣,　花蓮市,國光里,0061,32,451,347,830,11,841,0,841,341,1182,71.1506
第15任總統副總統,在花蓮縣各投開票所,花蓮縣,　花蓮市,國防里,0062,23,312,238,573,8,581,0,581,217,798,72.8070
第15任總統副總統,在花蓮縣各投開票所,花蓮縣,　花蓮市,國華里,0063,29,442,345,816,13,829,0,829,238,1067,77.6945
第15任總統副總統,在花蓮縣各投開票所,花蓮縣,　花蓮市,國華里,0064,29,433,352,814,10,824,0,824,247,1071,76.9374
第15任總統副總統,在花蓮縣各投開票所,花蓮縣,　花蓮市,國魂里,0065,28,357,290,675,10,685,0,685,253,938,73.0277
第15任總統副總統,在花蓮縣各投開票所,花蓮縣,　花蓮市,國魂里,0066,19,354,291,664,10,674,0,674,242,916,73.5808
第15任總統副總統,在花蓮縣各投開票所,花蓮縣,　花蓮市,國聯里,0067,12,291,220,523,4,527,0,527,239,766,68.7990
第15任總統副總統,在花蓮縣各投開票所,花蓮縣,　花蓮市,國聯里,0068,20,387,314,721,2,723,0,723,258,981,73.7003
第15任總統副總統,在花蓮縣各投開票所,花蓮縣,　花蓮市,國聯里,0069,21,351,300,672,11,683,0,683,266,949,71.9705
第15任總統副總統,在花蓮縣各投開票所,花蓮縣,　花蓮市,國盛里,0070,21,330,222,573,2,575,0,575,296,871,66.0161
第15任總統副總統,在花蓮縣各投開票所,花蓮縣,　花蓮市,國盛里,0071,22,341,226,589,9,598,0,598,282,880,67.9545
第15任總統副總統,在花蓮縣各投開票所,花蓮縣,　花蓮市,國盛里,0072,21,342,268,631,7,638,0,638,268,906,70.4194
第15任總統副總統,在花蓮縣各投開票所,花蓮縣,　花蓮市,國盛里,0073,28,381,241,650,11,661,0,661,303,964,68.5685
第15任總統副總統,在花蓮縣各投開票所,花蓮縣,　花蓮市,國強里,0074,21,310,212,543,5,548,0,548,175,723,75.7953
第15任總統副總統,在花蓮縣各投開票所,花蓮縣,　花蓮市,國強里,0075,24,396,259,679,13,692,0,692,262,954,72.5367
第15任總統副總統,在花蓮縣各投開票所,花蓮縣,　花蓮市,國富里,0076,28,369,301,698,6,704,0,704,280,984,71.5447
第15任總統副總統,在花蓮縣各投開票所,花蓮縣,　花蓮市,國富里,0077,28,390,254,672,10,682,0,682,266,948,71.9409
第15任總統副總統,在花蓮縣各投開票所,花蓮縣,　花蓮市,國富里,0078,24,391,262,677,3,680,0,680,262,942,72.1868
第15任總統副總統,在花蓮縣各投開票所,花蓮縣,　花蓮市,國富里,0079,23,376,297,696,6,702,0,702,249,951,73.8170
第15任總統副總統,在花蓮縣各投開票所,花蓮縣,　花蓮市,國富里,0080,37,430,322,789,7,796,0,796,280,1076,73.9777
第15任總統副總統,在花蓮縣各投開票所,花蓮縣,　花蓮市,國裕里,0081,24,407,320,751,12,763,0,763,301,1064,71.7105
第15任總統副總統,在花蓮縣各投開票所,花蓮縣,　花蓮市,國裕里,0082,28,416,262,706,15,721,0,721,267,988,72.9757
第15任總統副總統,在花蓮縣各投開票所,花蓮縣,　花蓮市,國裕里,0083,20,443,299,762,8,770,0,770,283,1053,73.1244
第15任總統副總統,在花蓮縣各投開票所,花蓮縣,　花蓮市,國裕里,0084,27,455,242,724,11,735,0,735,250,985,74.6193
第15任總統副總統,在花蓮縣各投開票所,花蓮縣,　花蓮市,國慶里,0085,26,410,359,795,9,804,0,804,244,1048,76.7176
第15任總統副總統,在花蓮縣各投開票所,花蓮縣,　花蓮市,國興里,0086,32,417,275,724,5,729,0,729,218,947,76.9799
第15任總統副總統,在花蓮縣各投開票所,花蓮縣,　花蓮市,國興里,0087,32,438,273,743,7,750,0,750,277,1027,73.0282
第15任總統副總統,在花蓮縣各投開票所,花蓮縣,　花蓮市,國興里,0088,33,455,273,761,10,771,0,771,307,1078,71.5213
第15任總統副總統,在花蓮縣各投開票所,花蓮縣,　花蓮市,國興里,0089,19,396,260,675,3,678,0,678,252,930,72.9032
第15任總統副總統,在花蓮縣各投開票所,花蓮縣,　花蓮市,國福里,0090,27,270,176,473,3,476,0,476,234,710,67.0423
第15任總統副總統,在花蓮縣各投開票所,花蓮縣,　花蓮市,國福里,0091,18,306,168,492,4,496,0,496,245,741,66.9366
第15任總統副總統,在花蓮縣各投開票所,花蓮縣,　鳳林鎮,鳳仁里,0218,31,492,292,815,9,824,0,824,318,1142,72.1541
第15任總統副總統,在花蓮縣各投開票所,花蓮縣,　鳳林鎮,鳳義里,0219,15,295,124,434,6,440,0,440,179,619,71.0824
第15任總統副總統,在花蓮縣各投開票所,花蓮縣,　鳳林鎮,鳳禮里,0220,6,264,164,434,6,440,0,440,144,584,75.3425
第15任總統副總統,在花蓮縣各投開票所,花蓮縣,　鳳林鎮,鳳智里,0221,24,501,259,784,12,796,0,796,294,1090,73.0275
第15任總統副總統,在花蓮縣各投開票所,花蓮縣,　鳳林鎮,鳳信里,0222,16,340,132,488,2,490,0,490,247,737,66.4858
第15任總統副總統,在花蓮縣各投開票所,花蓮縣,　鳳林鎮,鳳信里,0223,15,257,131,403,4,407,0,407,159,566,71.9081
第15任總統副總統,在花蓮縣各投開票所,花蓮縣,　鳳林鎮,山興里,0224,6,138,58,202,2,204,0,204,97,301,67.7741
第15任總統副總統,在花蓮縣各投開票所,花蓮縣,　鳳林鎮,山興里,0225,9,100,37,146,1,147,0,147,76,223,65.9193
第15任總統副總統,在花蓮縣各投開票所,花蓮縣,　鳳林鎮,大榮里,0226,18,254,204,476,5,481,0,481,222,703,68.4211
第15任總統副總統,在花蓮縣各投開票所,花蓮縣,　鳳林鎮,大榮里,0227,11,215,126,352,4,356,0,356,153,509,69.9411
第15任總統副總統,在花蓮縣各投開票所,花蓮縣,　鳳林鎮,北林里,0228,11,198,176,385,4,389,0,389,132,521,74.6641
第15任總統副總統,在花蓮縣各投開票所,花蓮縣,　鳳林鎮,南平里,0229,12,203,149,364,2,366,0,366,160,526,69.5817
第15任總統副總統,在花蓮縣各投開票所,花蓮縣,　鳳林鎮,林榮里,0230,22,363,183,568,12,580,0,580,205,785,73.8854
第15任總統副總統,在花蓮縣各投開票所,花蓮縣,　鳳林鎮,長橋里,0231,24,367,234,625,4,629,0,629,320,949,66.2803
第15任總統副總統,在花蓮縣各投開票所,花蓮縣,　鳳林鎮,森榮里,0232,1,57,11,69,0,69,0,69,26,95,72.6316
第15任總統副總統,在花蓮縣各投開票所,花蓮縣,　玉里鎮,中城里,0277,18,375,232,625,9,634,0,634,323,957,66.2487
第15任總統副總統,在花蓮縣各投開票所,花蓮縣,　玉里鎮,中城里,0278,14,363,214,591,6,597,0,597,257,854,69.9063
第15任總統副總統,在花蓮縣各投開票所,花蓮縣,　玉里鎮,中城里,0279,12,216,174,402,3,405,0,405,179,584,69.3493
第15任總統副總統,在花蓮縣各投開票所,花蓮縣,　玉里鎮,中城里,0280,18,301,211,530,8,538,0,538,295,833,64.5858
第15任總統副總統,在花蓮縣各投開票所,花蓮縣,　玉里鎮,中城里,0281,22,303,202,527,4,531,0,531,252,783,67.8161
第15任總統副總統,在花蓮縣各投開票所,花蓮縣,　玉里鎮,中城里,0282,15,370,257,642,7,649,0,649,290,939,69.1161
第15任總統副總統,在花蓮縣各投開票所,花蓮縣,　玉里鎮,國武里,0283,24,455,322,801,9,810,0,810,354,1164,69.5876
第15任總統副總統,在花蓮縣各投開票所,花蓮縣,　玉里鎮,啟模里,0284,11,321,176,508,9,517,0,517,288,805,64.2236
第15任總統副總統,在花蓮縣各投開票所,花蓮縣,　玉里鎮,啟模里,0285,26,267,171,464,2,466,0,466,285,751,62.0506
第15任總統副總統,在花蓮縣各投開票所,花蓮縣,　玉里鎮,泰昌里,0286,11,191,128,330,2,332,0,332,197,529,62.7599
第15任總統副總統,在花蓮縣各投開票所,花蓮縣,　玉里鎮,泰昌里,0287,14,228,64,306,1,307,0,307,469,776,39.5619
第15任總統副總統,在花蓮縣各投開票所,花蓮縣,　玉里鎮,永昌里,0288,15,207,81,303,8,311,0,311,206,517,60.1547
第15任總統副總統,在花蓮縣各投開票所,花蓮縣,　玉里鎮,永昌里,0289,16,243,130,389,4,393,0,393,313,706,55.6657
第15任總統副總統,在花蓮縣各投開票所,花蓮縣,　玉里鎮,源城里,0290,27,444,271,742,7,749,0,749,448,1197,62.5731
第15任總統副總統,在花蓮縣各投開票所,花蓮縣,　玉里鎮,長良里,0291,23,226,101,350,4,354,0,354,267,621,57.0048
第15任總統副總統,在花蓮縣各投開票所,花蓮縣,　玉里鎮,樂合里,0292,21,406,100,527,7,534,0,534,433,967,55.2223
第15任總統副總統,在花蓮縣各投開票所,花蓮縣,　玉里鎮,東豐里,0293,11,209,79,299,3,302,0,302,199,501,60.2794
第15任總統副總統,在花蓮縣各投開票所,花蓮縣,　玉里鎮,觀音里,0294,14,344,162,520,7,527,0,527,409,936,56.3034
第15任總統副總統,在花蓮縣各投開票所,花蓮縣,　玉里鎮,觀音里,0295,8,218,74,300,2,302,0,302,238,540,55.9259
第15任總統副總統,在花蓮縣各投開票所,花蓮縣,　玉里鎮,松浦里,0296,6,165,40,211,0,211,0,211,205,416,50.7212
第15任總統副總統,在花蓮縣各投開票所,花蓮縣,　玉里鎮,松浦里,0297,27,340,135,502,9,511,0,511,514,1025,49.8537
第15任總統副總統,在花蓮縣各投開票所,花蓮縣,　玉里鎮,春日里,0298,12,334,139,485,9,494,0,494,342,836,59.0909
第15任總統副總統,在花蓮縣各投開票所,花蓮縣,　玉里鎮,德武里,0299,9,350,59,418,8,426,0,426,317,743,57.3351
第15任總統副總統,在花蓮縣各投開票所,花蓮縣,　玉里鎮,三民里,0300,19,274,217,510,6,516,0,516,315,831,62.0939
第15任總統副總統,在花蓮縣各投開票所,花蓮縣,　玉里鎮,大禹里,0301,17,400,197,614,4,618,0,618,415,1033,59.8258
第15任總統副總統,在花蓮縣各投開票所,花蓮縣,　新城鄉,新城村,0092,9,135,113,257,4,261,0,261,85,346,75.4335
第15任總統副總統,在花蓮縣各投開票所,花蓮縣,　新城鄉,新城村,0093,25,379,264,668,8,676,0,676,227,903,74.8616
第15任總統副總統,在花蓮縣各投開票所,花蓮縣,　新城鄉,順安村,0094,10,162,222,394,3,397,0,397,187,584,67.9795
第15任總統副總統,在花蓮縣各投開票所,花蓮縣,　新城鄉,順安村,0095,10,88,131,229,2,231,0,231,79,310,74.5161
第15任總統副總統,在花蓮縣各投開票所,花蓮縣,　新城鄉,康樂村,0096,14,536,255,805,6,811,0,811,298,1109,73.1289
第15任總統副總統,在花蓮縣各投開票所,花蓮縣,　新城鄉,康樂村,0097,36,491,341,868,8,876,0,876,358,1234,70.9887
第15任總統副總統,在花蓮縣各投開票所,花蓮縣,　新城鄉,大漢村,0098,24,506,166,696,4,700,0,700,293,993,70.4935
第15任總統副總統,在花蓮縣各投開票所,花蓮縣,　新城鄉,大漢村,0099,38,526,224,788,7,795,0,795,317,1112,71.4928
第15任總統副總統,在花蓮縣各投開票所,花蓮縣,　新城鄉,大漢村,0100,13,139,81,233,6,239,0,239,110,349,68.4814
第15任總統副總統,在花蓮縣各投開票所,花蓮縣,　新城鄉,北埔村,0101,24,353,196,573,7,580,0,580,291,871,66.5901
第15任總統副總統,在花蓮縣各投開票所,花蓮縣,　新城鄉,北埔村,0102,27,418,245,690,9,699,0,699,266,965,72.4352
第15任總統副總統,在花蓮縣各投開票所,花蓮縣,　新城鄉,北埔村,0103,31,422,244,697,6,703,0,703,277,980,71.7347
第15任總統副總統,在花蓮縣各投開票所,花蓮縣,　新城鄉,北埔村,0104,19,418,224,661,10,671,0,671,421,1092,61.4469
第15任總統副總統,在花蓮縣各投開票所,花蓮縣,　新城鄉,佳林村,0105,22,425,236,683,5,688,0,688,276,964,71.3693
第15任總統副總統,在花蓮縣各投開票所,花蓮縣,　新城鄉,嘉里村,0106,45,489,335,869,15,884,0,884,366,1250,70.7200
第15任總統副總統,在花蓮縣各投開票所,花蓮縣,　新城鄉,嘉里村,0107,31,557,292,880,14,894,0,894,365,1259,71.0087
第15任總統副總統,在花蓮縣各投開票所,花蓮縣,　新城鄉,嘉里村,0108,43,517,229,789,7,796,0,796,349,1145,69.5197
第15任總統副總統,在花蓮縣各投開票所,花蓮縣,　新城鄉,嘉新村,0109,20,414,137,571,8,579,0,579,279,858,67.4825
第15任總統副總統,在花蓮縣各投開票所,花蓮縣,　新城鄉,嘉新村,0110,10,155,69,234,4,238,0,238,104,342,69.5906
第15任總統副總統,在花蓮縣各投開票所,花蓮縣,　吉安鄉,永安村,0129,33,401,313,747,10,757,0,757,292,1049,72.1640
第15任總統副總統,在花蓮縣各投開票所,花蓮縣,　吉安鄉,永安村,0130,20,419,245,684,9,693,0,693,239,932,74.3562
第15任總統副總統,在花蓮縣各投開票所,花蓮縣,　吉安鄉,永安村,0131,21,427,302,750,6,756,0,756,255,1011,74.7774
第15任總統副總統,在花蓮縣各投開票所,花蓮縣,　吉安鄉,永安村,0132,42,416,319,777,9,786,0,786,322,1108,70.9386
第15任總統副總統,在花蓮縣各投開票所,花蓮縣,　吉安鄉,太昌村,0133,32,428,417,877,7,884,0,884,353,1237,71.4632
第15任總統副總統,在花蓮縣各投開票所,花蓮縣,　吉安鄉,太昌村,0134,26,453,357,836,10,846,0,846,417,1263,66.9834
第15任總統副總統,在花蓮縣各投開票所,花蓮縣,　吉安鄉,太昌村,0135,30,470,272,772,8,780,0,780,364,1144,68.1818
第15任總統副總統,在花蓮縣各投開票所,花蓮縣,　吉安鄉,慶豐村,0136,37,515,360,912,10,922,0,922,296,1218,75.6979
第15任總統副總統,在花蓮縣各投開票所,花蓮縣,　吉安鄉,慶豐村,0137,24,445,337,806,7,813,0,813,317,1130,71.9469
第15任總統副總統,在花蓮縣各投開票所,花蓮縣,　吉安鄉,慶豐村,0138,46,459,323,828,9,837,0,837,288,1125,74.4000
第15任總統副總統,在花蓮縣各投開票所,花蓮縣,　吉安鄉,慶豐村,0139,30,378,335,743,4,747,0,747,235,982,76.0692
第15任總統副總統,在花蓮縣各投開票所,花蓮縣,　吉安鄉,慶豐村,0140,39,533,381,953,12,965,0,965,382,1347,71.6407
第15任總統副總統,在花蓮縣各投開票所,花蓮縣,　吉安鄉,慶豐村,0141,29,355,245,629,10,639,0,639,251,890,71.7978
第15任總統副總統,在花蓮縣各投開票所,花蓮縣,　吉安鄉,吉安村,0142,52,480,353,885,7,892,0,892,319,1211,73.6581
第15任總統副總統,在花蓮縣各投開票所,花蓮縣,　吉安鄉,吉安村,0143,28,450,269,747,5,752,0,752,224,976,77.0492
第15任總統副總統,在花蓮縣各投開票所,花蓮縣,　吉安鄉,吉安村,0144,42,396,285,723,5,728,0,728,248,976,74.5902
第15任總統副總統,在花蓮縣各投開票所,花蓮縣,　吉安鄉,吉安村,0145,24,327,207,558,8,566,0,566,422,988,57.2874
第15任總統副總統,在花蓮縣各投開票所,花蓮縣,　吉安鄉,吉安村,0146,25,460,274,759,17,776,0,776,273,1049,73.9752
第15任總統副總統,在花蓮縣各投開票所,花蓮縣,　吉安鄉,福興村,0147,31,425,272,728,11,739,0,739,305,1044,70.7854
第15任總統副總統,在花蓮縣各投開票所,花蓮縣,　吉安鄉,福興村,0148,27,332,304,663,13,676,0,676,245,921,73.3985
第15任總統副總統,在花蓮縣各投開票所,花蓮縣,　吉安鄉,福興村,0149,30,329,340,699,10,709,0,709,190,899,78.8654
第15任總統副總統,在花蓮縣各投開票所,花蓮縣,　吉安鄉,南華村,0150,12,282,265,559,9,568,0,568,214,782,72.6343
第15任總統副總統,在花蓮縣各投開票所,花蓮縣,　吉安鄉,南華村,0151,23,291,207,521,8,529,0,529,214,743,71.1978
第15任總統副總統,在花蓮縣各投開票所,花蓮縣,　吉安鄉,干城村,0152,21,521,184,726,8,734,0,734,527,1261,58.2078
第15任總統副總統,在花蓮縣各投開票所,花蓮縣,　吉安鄉,永興村,0153,27,382,222,631,9,640,0,640,237,877,72.9761
第15任總統副總統,在花蓮縣各投開票所,花蓮縣,　吉安鄉,永興村,0154,30,386,201,617,4,621,0,621,282,903,68.7708
第15任總統副總統,在花蓮縣各投開票所,花蓮縣,　吉安鄉,永興村,0155,17,407,243,667,5,672,0,672,326,998,67.3347
第15任總統副總統,在花蓮縣各投開票所,花蓮縣,　吉安鄉,稻香村,0156,31,418,254,703,4,707,0,707,203,910,77.6923
第15任總統副總統,在花蓮縣各投開票所,花蓮縣,　吉安鄉,稻香村,0157,28,400,269,697,8,705,1,706,240,946,74.5243
第15任總統副總統,在花蓮縣各投開票所,花蓮縣,　吉安鄉,稻香村,0158,40,491,296,827,11,838,0,838,363,1201,69.7752
第15任總統副總統,在花蓮縣各投開票所,花蓮縣,　吉安鄉,南昌村,0159,17,495,269,781,8,789,0,789,303,1092,72.2527
第15任總統副總統,在花蓮縣各投開票所,花蓮縣,　吉安鄉,南昌村,0160,42,491,265,798,6,804,0,804,319,1123,71.5939
第15任總統副總統,在花蓮縣各投開票所,花蓮縣,　吉安鄉,南昌村,0161,16,391,235,642,6,648,0,648,304,952,68.0672
第15任總統副總統,在花蓮縣各投開票所,花蓮縣,　吉安鄉,南昌村,0162,27,330,215,572,7,579,0,579,253,832,69.5913
第15任總統副總統,在花蓮縣各投開票所,花蓮縣,　吉安鄉,宜昌村,0163,25,419,234,678,8,686,0,686,283,969,70.7946
第15任總統副總統,在花蓮縣各投開票所,花蓮縣,　吉安鄉,宜昌村,0164,24,390,291,705,8,713,0,713,287,1000,71.3000
第15任總統副總統,在花蓮縣各投開票所,花蓮縣,　吉安鄉,宜昌村,0165,26,388,274,688,2,690,0,690,225,915,75.4098
第15任總統副總統,在花蓮縣各投開票所,花蓮縣,　吉安鄉,宜昌村,0166,21,380,266,667,11,678,0,678,265,943,71.8982
第15任總統副總統,在花蓮縣各投開票所,花蓮縣,　吉安鄉,北昌村,0167,24,399,298,721,11,732,0,732,269,1001,73.1269
第15任總統副總統,在花蓮縣各投開票所,花蓮縣,　吉安鄉,北昌村,0168,30,462,281,773,9,782,0,782,245,1027,76.1441
第15任總統副總統,在花蓮縣各投開票所,花蓮縣,　吉安鄉,北昌村,0169,34,410,313,757,8,765,0,765,242,1007,75.9682
第15任總統副總統,在花蓮縣各投開票所,花蓮縣,　吉安鄉,北昌村,0170,21,338,336,695,4,699,0,699,261,960,72.8125
第15任總統副總統,在花蓮縣各投開票所,花蓮縣,　吉安鄉,北昌村,0171,19,444,284,747,11,758,0,758,249,1007,75.2731
第15任總統副總統,在花蓮縣各投開票所,花蓮縣,　吉安鄉,北昌村,0172,28,369,326,723,4,727,0,727,255,982,74.0326
第15任總統副總統,在花蓮縣各投開票所,花蓮縣,　吉安鄉,北昌村,0173,24,386,307,717,7,724,0,724,245,969,74.7162
第15任總統副總統,在花蓮縣各投開票所,花蓮縣,　吉安鄉,勝安村,0174,38,492,348,878,9,887,0,887,345,1232,71.9968
第15任總統副總統,在花蓮縣各投開票所,花蓮縣,　吉安鄉,勝安村,0175,36,503,351,890,5,895,0,895,309,1204,74.3355
第15任總統副總統,在花蓮縣各投開票所,花蓮縣,　吉安鄉,勝安村,0176,28,497,381,906,9,915,0,915,284,1199,76.3136
第15任總統副總統,在花蓮縣各投開票所,花蓮縣,　吉安鄉,勝安村,0177,26,412,427,865,9,874,0,874,271,1145,76.3319
第15任總統副總統,在花蓮縣各投開票所,花蓮縣,　吉安鄉,仁里村,0178,32,447,256,735,11,746,0,746,223,969,76.9866
第15任總統副總統,在花蓮縣各投開票所,花蓮縣,　吉安鄉,仁里村,0179,24,440,261,725,5,730,0,730,243,973,75.0257
第15任總統副總統,在花蓮縣各投開票所,花蓮縣,　吉安鄉,仁里村,0180,18,362,184,564,5,569,0,569,224,793,71.7528
第15任總統副總統,在花蓮縣各投開票所,花蓮縣,　吉安鄉,仁里村,0181,25,468,290,783,3,786,0,786,309,1095,71.7808
第15任總統副總統,在花蓮縣各投開票所,花蓮縣,　吉安鄉,仁里村,0182,28,496,274,798,7,805,0,805,298,1103,72.9828
第15任總統副總統,在花蓮縣各投開票所,花蓮縣,　吉安鄉,仁里村,0183,17,389,273,679,6,685,0,685,266,951,72.0294
第15任總統副總統,在花蓮縣各投開票所,花蓮縣,　吉安鄉,東昌村,0184,24,453,306,783,11,794,0,794,272,1066,74.4841
第15任總統副總統,在花蓮縣各投開票所,花蓮縣,　吉安鄉,東昌村,0185,26,459,202,687,9,696,0,696,279,975,71.3846
第15任總統副總統,在花蓮縣各投開票所,花蓮縣,　吉安鄉,東昌村,0186,25,476,257,758,6,764,0,764,245,1009,75.7185
第15任總統副總統,在花蓮縣各投開票所,花蓮縣,　吉安鄉,東昌村,0187,28,489,272,789,6,795,0,795,321,1116,71.2366
第15任總統副總統,在花蓮縣各投開票所,花蓮縣,　吉安鄉,東昌村,0188,27,472,323,822,7,829,0,829,319,1148,72.2125
第15任總統副總統,在花蓮縣各投開票所,花蓮縣,　吉安鄉,仁安村,0189,30,378,331,739,5,744,0,744,339,1083,68.6981
第15任總統副總統,在花蓮縣各投開票所,花蓮縣,　吉安鄉,仁安村,0190,26,499,290,815,5,820,0,820,369,1189,68.9655
第15任總統副總統,在花蓮縣各投開票所,花蓮縣,　吉安鄉,仁和村,0191,30,496,276,802,14,816,0,816,294,1110,73.5135
第15任總統副總統,在花蓮縣各投開票所,花蓮縣,　吉安鄉,仁和村,0192,33,448,283,764,7,771,0,771,391,1162,66.3511
第15任總統副總統,在花蓮縣各投開票所,花蓮縣,　吉安鄉,仁和村,0193,28,432,292,752,8,760,0,760,320,1080,70.3704
第15任總統副總統,在花蓮縣各投開票所,花蓮縣,　吉安鄉,仁和村,0194,28,390,221,639,8,647,0,647,349,996,64.9598
第15任總統副總統,在花蓮縣各投開票所,花蓮縣,　吉安鄉,光華村,0195,23,440,192,655,8,663,0,663,265,928,71.4440
第15任總統副總統,在花蓮縣各投開票所,花蓮縣,　吉安鄉,光華村,0196,25,451,183,659,7,666,0,666,290,956,69.6653
第15任總統副總統,在花蓮縣各投開票所,花蓮縣,　壽豐鄉,溪口村,0197,23,428,214,665,9,674,0,674,353,1027,65.6280
第15任總統副總統,在花蓮縣各投開票所,花蓮縣,　壽豐鄉,樹湖村,0198,11,142,90,243,5,248,0,248,101,349,71.0602
第15任總統副總統,在花蓮縣各投開票所,花蓮縣,　壽豐鄉,豐山村,0199,19,338,250,607,10,617,0,617,359,976,63.2172
第15任總統副總統,在花蓮縣各投開票所,花蓮縣,　壽豐鄉,豐山村,0200,24,350,224,598,6,604,0,604,254,858,70.3963
第15任總統副總統,在花蓮縣各投開票所,花蓮縣,　壽豐鄉,豐裡村,0201,15,262,177,454,9,463,0,463,198,661,70.0454
第15任總統副總統,在花蓮縣各投開票所,花蓮縣,　壽豐鄉,豐裡村,0202,16,288,156,460,10,470,0,470,225,695,67.6259
第15任總統副總統,在花蓮縣各投開票所,花蓮縣,　壽豐鄉,豐坪村,0203,24,362,186,572,7,579,0,579,272,851,68.0376
第15任總統副總統,在花蓮縣各投開票所,花蓮縣,　壽豐鄉,壽豐村,0204,17,253,231,501,10,511,0,511,223,734,69.6185
第15任總統副總統,在花蓮縣各投開票所,花蓮縣,　壽豐鄉,壽豐村,0205,16,367,199,582,4,586,0,586,282,868,67.5115
第15任總統副總統,在花蓮縣各投開票所,花蓮縣,　壽豐鄉,共和村,0206,15,305,199,519,6,525,0,525,178,703,74.6799
第15任總統副總統,在花蓮縣各投開票所,花蓮縣,　壽豐鄉,光榮村,0207,13,412,146,571,3,574,0,574,208,782,73.4015
第15任總統副總統,在花蓮縣各投開票所,花蓮縣,　壽豐鄉,池南村,0208,16,310,200,526,8,534,0,534,217,751,71.1052
第15任總統副總統,在花蓮縣各投開票所,花蓮縣,　壽豐鄉,平和村,0209,28,357,277,662,9,671,0,671,309,980,68.4694
第15任總統副總統,在花蓮縣各投開票所,花蓮縣,　壽豐鄉,平和村,0210,8,185,117,310,3,313,0,313,103,416,75.2404
第15任總統副總統,在花蓮縣各投開票所,花蓮縣,　壽豐鄉,志學村,0211,23,409,327,759,13,772,0,772,336,1108,69.6751
第15任總統副總統,在花蓮縣各投開票所,花蓮縣,　壽豐鄉,志學村,0212,26,330,337,693,13,706,0,706,265,971,72.7085
第15任總統副總統,在花蓮縣各投開票所,花蓮縣,　壽豐鄉,志學村,0213,4,187,99,290,7,297,0,297,114,411,72.2628
第15任總統副總統,在花蓮縣各投開票所,花蓮縣,　壽豐鄉,米棧村,0214,2,118,59,179,3,182,0,182,86,268,67.9104
第15任總統副總統,在花蓮縣各投開票所,花蓮縣,　壽豐鄉,月眉村,0215,19,390,114,523,6,529,0,529,271,800,66.1250
第15任總統副總統,在花蓮縣各投開票所,花蓮縣,　壽豐鄉,鹽寮村,0216,15,219,104,338,1,339,0,339,161,500,67.8000
第15任總統副總統,在花蓮縣各投開票所,花蓮縣,　壽豐鄉,水璉村,0217,15,321,134,470,5,475,0,475,244,719,66.0640
第15任總統副總統,在花蓮縣各投開票所,花蓮縣,　光復鄉,大華村,0233,25,482,329,836,12,848,0,848,405,1253,67.6776
第15任總統副總統,在花蓮縣各投開票所,花蓮縣,　光復鄉,大安村,0234,20,335,234,589,0,589,1,590,234,824,71.4806
第15任總統副總統,在花蓮縣各投開票所,花蓮縣,　光復鄉,大平村,0235,14,411,159,584,6,590,0,590,330,920,64.1304
第15任總統副總統,在花蓮縣各投開票所,花蓮縣,　光復鄉,大馬村,0236,28,443,125,596,10,606,0,606,360,966,62.7329
第15任總統副總統,在花蓮縣各投開票所,花蓮縣,　光復鄉,大同村,0237,16,406,224,646,8,654,0,654,345,999,65.4655
第15任總統副總統,在花蓮縣各投開票所,花蓮縣,　光復鄉,東富村,0238,16,384,90,490,4,494,0,494,298,792,62.3737
第15任總統副總統,在花蓮縣各投開票所,花蓮縣,　光復鄉,東富村,0239,0,90,12,102,2,104,0,104,80,184,56.5217
第15任總統副總統,在花蓮縣各投開票所,花蓮縣,　光復鄉,西富村,0240,6,247,63,316,2,318,0,318,169,487,65.2977
第15任總統副總統,在花蓮縣各投開票所,花蓮縣,　光復鄉,西富村,0241,8,179,84,271,3,274,0,274,171,445,61.5730
第15任總統副總統,在花蓮縣各投開票所,花蓮縣,　光復鄉,南富村,0242,16,390,128,534,1,535,0,535,297,832,64.3029
第15任總統副總統,在花蓮縣各投開票所,花蓮縣,　光復鄉,北富村,0243,11,447,114,572,3,575,0,575,317,892,64.4619
第15任總統副總統,在花蓮縣各投開票所,花蓮縣,　光復鄉,大進村,0244,8,200,101,309,2,311,0,311,143,454,68.5022
第15任總統副總統,在花蓮縣各投開票所,花蓮縣,　光復鄉,大全村,0245,14,236,146,396,4,400,0,400,219,619,64.6204
第15任總統副總統,在花蓮縣各投開票所,花蓮縣,　光復鄉,大全村,0246,4,48,19,71,0,71,0,71,55,126,56.3492
第15任總統副總統,在花蓮縣各投開票所,花蓮縣,　光復鄉,大興村,0247,8,197,62,267,2,269,0,269,189,458,58.7336
第15任總統副總統,在花蓮縣各投開票所,花蓮縣,　光復鄉,大富村,0248,10,99,79,188,0,188,0,188,121,309,60.8414
第15任總統副總統,在花蓮縣各投開票所,花蓮縣,　光復鄉,大豐村,0249,5,147,99,251,2,253,0,253,186,439,57.6310
第15任總統副總統,在花蓮縣各投開票所,花蓮縣,　豐濱鄉,靜浦村,0250,8,278,63,349,3,352,0,352,317,669,52.6158
第15任總統副總統,在花蓮縣各投開票所,花蓮縣,　豐濱鄉,港口村,0251,11,289,150,450,6,456,0,456,260,716,63.6872
第15任總統副總統,在花蓮縣各投開票所,花蓮縣,　豐濱鄉,豐濱村,0252,14,294,88,396,2,398,0,398,274,672,59.2262
第15任總統副總統,在花蓮縣各投開票所,花蓮縣,　豐濱鄉,豐濱村,0253,10,252,95,357,6,363,0,363,244,607,59.8023
第15任總統副總統,在花蓮縣各投開票所,花蓮縣,　豐濱鄉,豐濱村,0254,6,138,36,180,7,187,0,187,159,346,54.0462
第15任總統副總統,在花蓮縣各投開票所,花蓮縣,　豐濱鄉,新社村,0255,5,224,83,312,6,318,0,318,294,612,51.9608
第15任總統副總統,在花蓮縣各投開票所,花蓮縣,　豐濱鄉,磯崎村,0256,7,172,46,225,2,227,0,227,187,414,54.8309
第15任總統副總統,在花蓮縣各投開票所,花蓮縣,　瑞穗鄉,瑞穗村,0264,19,318,195,532,3,535,0,535,265,800,66.8750
第15任總統副總統,在花蓮縣各投開票所,花蓮縣,　瑞穗鄉,瑞穗村,0265,16,386,245,647,7,654,0,654,385,1039,62.9451
第15任總統副總統,在花蓮縣各投開票所,花蓮縣,　瑞穗鄉,瑞美村,0266,16,342,187,545,5,550,0,550,255,805,68.3230
第15任總統副總統,在花蓮縣各投開票所,花蓮縣,　瑞穗鄉,瑞美村,0267,22,367,231,620,6,626,0,626,313,939,66.6667
第15任總統副總統,在花蓮縣各投開票所,花蓮縣,　瑞穗鄉,瑞良村,0268,17,206,129,352,3,355,0,355,175,530,66.9811
第15任總統副總統,在花蓮縣各投開票所,花蓮縣,　瑞穗鄉,瑞祥村,0269,28,357,221,606,11,617,0,617,322,939,65.7082
第15任總統副總統,在花蓮縣各投開票所,花蓮縣,　瑞穗鄉,瑞北村,0270,8,221,99,328,3,331,0,331,235,566,58.4806
第15任總統副總統,在花蓮縣各投開票所,花蓮縣,　瑞穗鄉,舞鶴村,0271,17,380,168,565,7,572,0,572,349,921,62.1064
第15任總統副總統,在花蓮縣各投開票所,花蓮縣,　瑞穗鄉,鶴岡村,0272,24,349,109,482,6,488,0,488,360,848,57.5472
第15任總統副總統,在花蓮縣各投開票所,花蓮縣,　瑞穗鄉,奇美村,0273,3,118,31,152,2,154,0,154,174,328,46.9512
第15任總統副總統,在花蓮縣各投開票所,花蓮縣,　瑞穗鄉,富源村,0274,17,270,149,436,12,448,0,448,284,732,61.2022
第15任總統副總統,在花蓮縣各投開票所,花蓮縣,　瑞穗鄉,富民村,0275,14,345,95,454,8,462,0,462,363,825,56.0000
第15任總統副總統,在花蓮縣各投開票所,花蓮縣,　瑞穗鄉,富興村,0276,10,197,139,346,9,355,0,355,231,586,60.5802
第15任總統副總統,在花蓮縣各投開票所,花蓮縣,　富里鄉,吳江村,0302,16,165,76,257,6,263,0,263,199,462,56.9264
第15任總統副總統,在花蓮縣各投開票所,花蓮縣,　富里鄉,東里村,0303,38,277,195,510,9,519,0,519,477,996,52.1084
第15任總統副總統,在花蓮縣各投開票所,花蓮縣,　富里鄉,萬寧村,0304,15,241,83,339,5,344,0,344,282,626,54.9521
第15任總統副總統,在花蓮縣各投開票所,花蓮縣,　富里鄉,新興村,0305,10,184,97,291,7,298,0,298,277,575,51.8261
第15任總統副總統,在花蓮縣各投開票所,花蓮縣,　富里鄉,竹田村,0306,20,453,186,659,5,664,0,664,363,1027,64.6543
第15任總統副總統,在花蓮縣各投開票所,花蓮縣,　富里鄉,羅山村,0307,17,150,82,249,5,254,0,254,168,422,60.1896
第15任總統副總統,在花蓮縣各投開票所,花蓮縣,　富里鄉,石牌村,0308,26,306,202,534,5,539,0,539,321,860,62.6744
第15任總統副總統,在花蓮縣各投開票所,花蓮縣,　富里鄉,明里村,0309,10,137,67,214,3,217,0,217,127,344,63.0814
第15任總統副總統,在花蓮縣各投開票所,花蓮縣,　富里鄉,富里村,0310,32,465,306,803,7,810,0,810,492,1302,62.2120
第15任總統副總統,在花蓮縣各投開票所,花蓮縣,　富里鄉,永豐村,0311,7,151,98,256,4,260,0,260,172,432,60.1852
第15任總統副總統,在花蓮縣各投開票所,花蓮縣,　富里鄉,豐南村,0312,12,238,80,330,3,333,0,333,269,602,55.3156
第15任總統副總統,在花蓮縣各投開票所,花蓮縣,　富里鄉,富南村,0313,10,160,108,278,3,281,0,281,207,488,57.5820
第15任總統副總統,在花蓮縣各投開票所,花蓮縣,　富里鄉,學田村,0314,15,214,160,389,9,398,0,398,210,608,65.4605
第15任總統副總統,在花蓮縣各投開票所,花蓮縣,　秀林鄉,和平村,0111,24,363,188,575,5,580,0,580,255,835,69.4611
第15任總統副總統,在花蓮縣各投開票所,花蓮縣,　秀林鄉,和平村,0112,18,253,116,387,4,391,0,391,171,562,69.5730
第15任總統副總統,在花蓮縣各投開票所,花蓮縣,　秀林鄉,崇德村,0113,19,382,85,486,4,490,0,490,205,695,70.5036
第15任總統副總統,在花蓮縣各投開票所,花蓮縣,　秀林鄉,崇德村,0114,17,313,87,417,6,423,0,423,215,638,66.3009
第15任總統副總統,在花蓮縣各投開票所,花蓮縣,　秀林鄉,富世村,0115,9,410,99,518,6,524,0,524,245,769,68.1404
第15任總統副總統,在花蓮縣各投開票所,花蓮縣,　秀林鄉,富世村,0116,19,292,222,533,7,540,0,540,271,811,66.5845
第15任總統副總統,在花蓮縣各投開票所,花蓮縣,　秀林鄉,富世村,0117,7,80,28,115,0,115,0,115,49,164,70.1220
第15任總統副總統,在花蓮縣各投開票所,花蓮縣,　秀林鄉,秀林村,0118,3,159,68,230,9,239,0,239,117,356,67.1348
第15任總統副總統,在花蓮縣各投開票所,花蓮縣,　秀林鄉,秀林村,0119,14,402,170,586,3,589,0,589,257,846,69.6217
第15任總統副總統,在花蓮縣各投開票所,花蓮縣,　秀林鄉,秀林村,0120,13,218,90,321,8,329,0,329,176,505,65.1485
第15任總統副總統,在花蓮縣各投開票所,花蓮縣,　秀林鄉,景美村,0121,27,474,217,718,10,728,0,728,327,1055,69.0047
第15任總統副總統,在花蓮縣各投開票所,花蓮縣,　秀林鄉,景美村,0122,12,250,145,407,9,416,0,416,189,605,68.7603
第15任總統副總統,在花蓮縣各投開票所,花蓮縣,　秀林鄉,佳民村,0123,9,529,129,667,8,675,0,675,287,962,70.1663
第15任總統副總統,在花蓮縣各投開票所,花蓮縣,　秀林鄉,水源村,0124,23,607,175,805,10,815,0,815,296,1111,73.3573
第15任總統副總統,在花蓮縣各投開票所,花蓮縣,　秀林鄉,銅門村,0125,16,360,96,472,5,477,0,477,207,684,69.7368
第15任總統副總統,在花蓮縣各投開票所,花蓮縣,　秀林鄉,銅門村,0126,9,277,60,346,4,350,0,350,136,486,72.0165
第15任總統副總統,在花蓮縣各投開票所,花蓮縣,　秀林鄉,文蘭村,0127,12,396,120,528,7,535,0,535,192,727,73.5901
第15任總統副總統,在花蓮縣各投開票所,花蓮縣,　秀林鄉,文蘭村,0128,6,173,60,239,3,242,0,242,78,320,75.6250
第15任總統副總統,在花蓮縣各投開票所,花蓮縣,　萬榮鄉,西林村,0257,18,534,152,704,4,708,0,708,333,1041,68.0115
第15任總統副總統,在花蓮縣各投開票所,花蓮縣,　萬榮鄉,見晴村,0258,8,242,73,323,8,331,0,331,187,518,63.8996
第15任總統副總統,在花蓮縣各投開票所,花蓮縣,　萬榮鄉,萬榮村,0259,11,392,105,508,3,511,0,511,232,743,68.7752
第15任總統副總統,在花蓮縣各投開票所,花蓮縣,　萬榮鄉,明利村,0260,10,300,90,400,1,401,0,401,231,632,63.4494
第15任總統副總統,在花蓮縣各投開票所,花蓮縣,　萬榮鄉,馬遠村,0261,8,192,67,267,2,269,0,269,156,425,63.2941
第15任總統副總統,在花蓮縣各投開票所,花蓮縣,　萬榮鄉,馬遠村,0262,16,263,87,366,4,370,0,370,268,638,57.9937
第15任總統副總統,在花蓮縣各投開票所,花蓮縣,　萬榮鄉,紅葉村,0263,22,487,132,641,9,650,1,651,384,1035,62.8019
第15任總統副總統,在花蓮縣各投開票所,花蓮縣,　卓溪鄉,崙山村,0315,8,239,59,306,5,311,0,311,205,516,60.2713
第15任總統副總統,在花蓮縣各投開票所,花蓮縣,　卓溪鄉,立山村,0316,8,233,62,303,6,309,0,309,191,500,61.8000
第15任總統副總統,在花蓮縣各投開票所,花蓮縣,　卓溪鄉,立山村,0317,8,210,61,279,1,280,0,280,188,468,59.8291
第15任總統副總統,在花蓮縣各投開票所,花蓮縣,　卓溪鄉,太平村,0318,14,342,73,429,7,436,0,436,226,662,65.8610
第15任總統副總統,在花蓮縣各投開票所,花蓮縣,　卓溪鄉,卓溪村,0319,9,351,95,455,5,460,0,460,266,726,63.3609
第15任總統副總統,在花蓮縣各投開票所,花蓮縣,　卓溪鄉,卓清村,0320,11,288,60,359,3,362,0,362,245,607,59.6376
第15任總統副總統,在花蓮縣各投開票所,花蓮縣,　卓溪鄉,卓清村,0321,2,184,30,216,0,216,0,216,179,395,54.6835
第15任總統副總統,在花蓮縣各投開票所,花蓮縣,　卓溪鄉,古風村,0322,6,156,28,190,2,192,0,192,122,314,61.1465
第15任總統副總統,在花蓮縣各投開票所,花蓮縣,　卓溪鄉,古風村,0323,8,210,39,257,2,259,0,259,145,404,64.1089
第15任總統副總統,在花蓮縣各投開票所,花蓮縣,　卓溪鄉,古風村,0324,2,78,24,104,2,106,0,106,70,176,60.2273
第15任總統副總統,在金門縣各投開票所,金門縣,　金城鎮,東門里,0001,20,447,95,562,3,565,0,565,789,1354,41.7282
第15任總統副總統,在金門縣各投開票所,金門縣,　金城鎮,東門里,0002,21,583,166,770,7,777,0,777,971,1748,44.4508
第15任總統副總統,在金門縣各投開票所,金門縣,　金城鎮,東門里,0003,24,549,160,733,8,741,0,741,945,1686,43.9502
第15任總統副總統,在金門縣各投開票所,金門縣,　金城鎮,南門里,0004,30,541,156,727,6,733,0,733,1070,1803,40.6545
第15任總統副總統,在金門縣各投開票所,金門縣,　金城鎮,南門里,0005,25,467,149,641,4,645,0,645,970,1615,39.9381
第15任總統副總統,在金門縣各投開票所,金門縣,　金城鎮,南門里,0006,32,630,159,821,8,829,0,829,1020,1849,44.8350
第15任總統副總統,在金門縣各投開票所,金門縣,　金城鎮,西門里,0007,19,471,127,617,11,628,0,628,910,1538,40.8322
第15任總統副總統,在金門縣各投開票所,金門縣,　金城鎮,西門里,0008,20,506,160,686,3,689,0,689,931,1620,42.5309
第15任總統副總統,在金門縣各投開票所,金門縣,　金城鎮,西門里,0009,23,473,128,624,4,628,0,628,915,1543,40.6999
第15任總統副總統,在金門縣各投開票所,金門縣,　金城鎮,西門里,0010,25,556,136,717,4,721,0,721,923,1644,43.8564
第15任總統副總統,在金門縣各投開票所,金門縣,　金城鎮,西門里,0011,26,536,163,725,5,730,0,730,943,1673,43.6342
第15任總統副總統,在金門縣各投開票所,金門縣,　金城鎮,西門里,0012,18,494,132,644,4,648,0,648,812,1460,44.3836
第15任總統副總統,在金門縣各投開票所,金門縣,　金城鎮,北門里,0013,22,453,125,600,4,604,0,604,739,1343,44.9739
第15任總統副總統,在金門縣各投開票所,金門縣,　金城鎮,北門里,0014,13,432,95,540,9,549,0,549,819,1368,40.1316
第15任總統副總統,在金門縣各投開票所,金門縣,　金城鎮,北門里,0015,20,445,107,572,6,578,0,578,880,1458,39.6433
第15任總統副總統,在金門縣各投開票所,金門縣,　金城鎮,賢庵里,0016,19,440,119,578,4,582,0,582,928,1510,38.5430
第15任總統副總統,在金門縣各投開票所,金門縣,　金城鎮,賢庵里,0017,14,421,123,558,4,562,0,562,882,1444,38.9197
第15任總統副總統,在金門縣各投開票所,金門縣,　金城鎮,賢庵里,0018,23,489,192,704,6,710,0,710,931,1641,43.2663
第15任總統副總統,在金門縣各投開票所,金門縣,　金城鎮,金水里,0019,30,663,182,875,12,887,0,887,1271,2158,41.1029
第15任總統副總統,在金門縣各投開票所,金門縣,　金城鎮,古城里,0020,14,370,90,474,4,478,0,478,810,1288,37.1118
第15任總統副總統,在金門縣各投開票所,金門縣,　金城鎮,古城里,0021,15,337,91,443,2,445,0,445,760,1205,36.9295
第15任總統副總統,在金門縣各投開票所,金門縣,　金城鎮,古城里,0022,19,400,88,507,5,512,0,512,841,1353,37.8418
第15任總統副總統,在金門縣各投開票所,金門縣,　金城鎮,珠沙里,0023,13,406,100,519,2,521,0,521,1031,1552,33.5696
第15任總統副總統,在金門縣各投開票所,金門縣,　金城鎮,珠沙里,0024,20,383,127,530,3,533,0,533,702,1235,43.1579
第15任總統副總統,在金門縣各投開票所,金門縣,　金沙鎮,汶沙里,0069,18,318,85,421,4,425,0,425,603,1028,41.3424
第15任總統副總統,在金門縣各投開票所,金門縣,　金沙鎮,汶沙里,0070,11,298,74,383,7,390,0,390,591,981,39.7554
第15任總統副總統,在金門縣各投開票所,金門縣,　金沙鎮,汶沙里,0071,17,509,91,617,9,626,0,626,849,1475,42.4407
第15任總統副總統,在金門縣各投開票所,金門縣,　金沙鎮,汶沙里,0072,18,494,133,645,2,647,0,647,993,1640,39.4512
第15任總統副總統,在金門縣各投開票所,金門縣,　金沙鎮,何斗里,0073,11,316,47,374,3,377,0,377,591,968,38.9463
第15任總統副總統,在金門縣各投開票所,金門縣,　金沙鎮,何斗里,0074,16,303,57,376,6,382,0,382,621,1003,38.0857
第15任總統副總統,在金門縣各投開票所,金門縣,　金沙鎮,浦山里,0075,7,391,93,491,4,495,0,495,700,1195,41.4226
第15任總統副總統,在金門縣各投開票所,金門縣,　金沙鎮,浦山里,0076,10,328,71,409,6,415,0,415,693,1108,37.4549
第15任總統副總統,在金門縣各投開票所,金門縣,　金沙鎮,西園里,0077,12,441,77,530,5,535,0,535,992,1527,35.0360
第15任總統副總統,在金門縣各投開票所,金門縣,　金沙鎮,官嶼里,0078,10,369,53,432,7,439,0,439,763,1202,36.5225
第15任總統副總統,在金門縣各投開票所,金門縣,　金沙鎮,官嶼里,0079,2,289,51,342,6,348,0,348,608,956,36.4017
第15任總統副總統,在金門縣各投開票所,金門縣,　金沙鎮,三山里,0080,9,292,63,364,3,367,0,367,672,1039,35.3224
第15任總統副總統,在金門縣各投開票所,金門縣,　金沙鎮,三山里,0081,7,285,58,350,3,353,0,353,514,867,40.7151
第15任總統副總統,在金門縣各投開票所,金門縣,　金沙鎮,大洋里,0082,11,375,75,461,2,463,0,463,656,1119,41.3762
第15任總統副總統,在金門縣各投開票所,金門縣,　金沙鎮,光前里,0083,17,380,90,487,3,490,0,490,696,1186,41.3153
第15任總統副總統,在金門縣各投開票所,金門縣,　金沙鎮,光前里,0084,9,348,80,437,2,439,0,439,601,1040,42.2115
第15任總統副總統,在金門縣各投開票所,金門縣,　金湖鎮,新市里,0052,30,516,178,724,4,728,0,728,856,1584,45.9596
第15任總統副總統,在金門縣各投開票所,金門縣,　金湖鎮,新市里,0053,25,425,100,550,3,553,0,553,787,1340,41.2687
第15任總統副總統,在金門縣各投開票所,金門縣,　金湖鎮,新市里,0054,32,497,103,632,7,639,0,639,697,1336,47.8293
第15任總統副總統,在金門縣各投開票所,金門縣,　金湖鎮,山外里,0055,36,549,162,747,6,753,0,753,1007,1760,42.7841
第15任總統副總統,在金門縣各投開票所,金門縣,　金湖鎮,山外里,0056,20,458,102,580,12,592,0,592,841,1433,41.3119
第15任總統副總統,在金門縣各投開票所,金門縣,　金湖鎮,溪湖里,0057,14,425,86,525,3,528,0,528,937,1465,36.0410
第15任總統副總統,在金門縣各投開票所,金門縣,　金湖鎮,蓮庵里,0058,20,532,119,671,7,678,0,678,945,1623,41.7745
第15任總統副總統,在金門縣各投開票所,金門縣,　金湖鎮,料羅里,0059,29,612,160,801,9,810,0,810,1176,1986,40.7855
第15任總統副總統,在金門縣各投開票所,金門縣,　金湖鎮,新湖里,0060,32,547,271,850,6,856,0,856,1058,1914,44.7231
第15任總統副總統,在金門縣各投開票所,金門縣,　金湖鎮,新湖里,0061,34,488,177,699,5,704,0,704,968,1672,42.1053
第15任總統副總統,在金門縣各投開票所,金門縣,　金湖鎮,新湖里,0062,28,442,123,593,2,595,0,595,789,1384,42.9913
第15任總統副總統,在金門縣各投開票所,金門縣,　金湖鎮,新湖里,0063,23,435,141,599,3,602,0,602,754,1356,44.3953
第15任總統副總統,在金門縣各投開票所,金門縣,　金湖鎮,新湖里,0064,23,419,162,604,3,607,0,607,734,1341,45.2647
第15任總統副總統,在金門縣各投開票所,金門縣,　金湖鎮,正義里,0065,15,355,97,467,4,471,0,471,753,1224,38.4804
第15任總統副總統,在金門縣各投開票所,金門縣,　金湖鎮,正義里,0066,16,439,88,543,3,546,0,546,820,1366,39.9707
第15任總統副總統,在金門縣各投開票所,金門縣,　金湖鎮,瓊林里,0067,20,493,103,616,2,618,0,618,944,1562,39.5647
第15任總統副總統,在金門縣各投開票所,金門縣,　金湖鎮,瓊林里,0068,18,489,102,609,8,617,0,617,894,1511,40.8339
第15任總統副總統,在金門縣各投開票所,金門縣,　金寧鄉,古寧村,0025,15,497,93,605,6,611,0,611,1124,1735,35.2161
第15任總統副總統,在金門縣各投開票所,金門縣,　金寧鄉,古寧村,0026,11,394,108,513,3,516,0,516,994,1510,34.1722
第15任總統副總統,在金門縣各投開票所,金門縣,　金寧鄉,安美村,0027,33,513,220,766,12,778,0,778,1276,2054,37.8773
第15任總統副總統,在金門縣各投開票所,金門縣,　金寧鄉,安美村,0028,15,291,71,377,2,379,0,379,622,1001,37.8621
第15任總統副總統,在金門縣各投開票所,金門縣,　金寧鄉,安美村,0029,28,526,155,709,11,720,0,720,1020,1740,41.3793
第15任總統副總統,在金門縣各投開票所,金門縣,　金寧鄉,湖埔村,0030,17,469,131,617,3,620,0,620,1071,1691,36.6647
第15任總統副總統,在金門縣各投開票所,金門縣,　金寧鄉,湖埔村,0031,69,320,488,877,12,889,0,889,708,1597,55.6669
第15任總統副總統,在金門縣各投開票所,金門縣,　金寧鄉,湖埔村,0032,28,577,197,802,5,807,0,807,977,1784,45.2354
第15任總統副總統,在金門縣各投開票所,金門縣,　金寧鄉,湖埔村,0033,26,518,159,703,9,712,0,712,1039,1751,40.6625
第15任總統副總統,在金門縣各投開票所,金門縣,　金寧鄉,榜林村,0034,23,524,212,759,5,764,0,764,1042,1806,42.3034
第15任總統副總統,在金門縣各投開票所,金門縣,　金寧鄉,榜林村,0035,14,476,126,616,6,622,0,622,1170,1792,34.7098
第15任總統副總統,在金門縣各投開票所,金門縣,　金寧鄉,榜林村,0036,22,459,122,603,7,610,0,610,877,1487,41.0222
第15任總統副總統,在金門縣各投開票所,金門縣,　金寧鄉,盤山村,0037,24,452,107,583,5,588,0,588,923,1511,38.9146
第15任總統副總統,在金門縣各投開票所,金門縣,　金寧鄉,盤山村,0038,21,461,178,660,6,666,0,666,1057,1723,38.6535
第15任總統副總統,在金門縣各投開票所,金門縣,　金寧鄉,盤山村,0039,53,254,578,885,10,895,0,895,609,1504,59.5080
第15任總統副總統,在金門縣各投開票所,金門縣,　金寧鄉,盤山村,0040,25,350,125,500,6,506,0,506,750,1256,40.2866
第15任總統副總統,在金門縣各投開票所,金門縣,　金寧鄉,后盤村,0041,13,454,91,558,3,561,0,561,982,1543,36.3577
第15任總統副總統,在金門縣各投開票所,金門縣,　烈嶼鄉,林湖村,0042,17,510,102,629,3,632,0,632,995,1627,38.8445
第15任總統副總統,在金門縣各投開票所,金門縣,　烈嶼鄉,林湖村,0043,17,465,87,569,3,572,0,572,1107,1679,34.0679
第15任總統副總統,在金門縣各投開票所,金門縣,　烈嶼鄉,黃埔村,0044,6,394,93,493,2,495,0,495,1092,1587,31.1909
第15任總統副總統,在金門縣各投開票所,金門縣,　烈嶼鄉,西口村,0045,8,258,83,349,2,351,0,351,916,1267,27.7032
第15任總統副總統,在金門縣各投開票所,金門縣,　烈嶼鄉,西口村,0046,7,273,61,341,1,342,0,342,755,1097,31.1759
第15任總統副總統,在金門縣各投開票所,金門縣,　烈嶼鄉,上林村,0047,13,340,62,415,7,422,0,422,966,1388,30.4035
第15任總統副總統,在金門縣各投開票所,金門縣,　烈嶼鄉,上岐村,0048,9,366,84,459,5,464,0,464,925,1389,33.4053
第15任總統副總統,在金門縣各投開票所,金門縣,　烈嶼鄉,上岐村,0049,15,362,66,443,1,444,0,444,938,1382,32.1274
第15任總統副總統,在金門縣各投開票所,金門縣,　烏坵鄉,大坵村,0050,1,60,10,71,0,71,0,71,193,264,26.8939
第15任總統副總統,在金門縣各投開票所,金門縣,　烏坵鄉,小坵村,0051,1,36,5,42,1,43,0,43,234,277,15.5235
第15任總統副總統,在南投縣各投開票所,南投縣,　南投市,龍泉里,0001,26,241,391,658,8,666,0,666,228,894,74.4966
第15任總統副總統,在南投縣各投開票所,南投縣,　南投市,康壽里,0002,30,216,266,512,4,516,0,516,128,644,80.1242
第15任總統副總統,在南投縣各投開票所,南投縣,　南投市,康壽里,0003,25,239,306,570,8,578,0,578,154,732,78.9617
第15任總統副總統,在南投縣各投開票所,南投縣,　南投市,三民里,0004,22,276,315,613,8,621,0,621,154,775,80.1290
第15任總統副總統,在南投縣各投開票所,南投縣,　南投市,仁和里,0005,26,144,238,408,5,413,0,413,83,496,83.2661
第15任總統副總統,在南投縣各投開票所,南投縣,　南投市,南投里,0006,15,171,238,424,4,428,0,428,129,557,76.8402
第15任總統副總統,在南投縣各投開票所,南投縣,　南投市,彰仁里,0007,13,92,171,276,7,283,0,283,69,352,80.3977
第15任總統副總統,在南投縣各投開票所,南投縣,　南投市,崇文里,0008,38,283,373,694,10,704,0,704,225,929,75.7804
第15任總統副總統,在南投縣各投開票所,南投縣,　南投市,三興里,0009,36,359,482,877,9,886,0,886,304,1190,74.4538
第15任總統副總統,在南投縣各投開票所,南投縣,　南投市,三興里,0010,60,522,511,1093,26,1119,0,1119,335,1454,76.9601
第15任總統副總統,在南投縣各投開票所,南投縣,　南投市,三興里,0011,45,429,412,886,7,893,0,893,261,1154,77.3830
第15任總統副總統,在南投縣各投開票所,南投縣,　南投市,三興里,0012,30,488,510,1028,19,1047,0,1047,413,1460,71.7123
第15任總統副總統,在南投縣各投開票所,南投縣,　南投市,三和里,0013,37,337,405,779,8,787,0,787,234,1021,77.0813
第15任總統副總統,在南投縣各投開票所,南投縣,　南投市,三和里,0014,27,215,255,497,4,501,0,501,147,648,77.3148
第15任總統副總統,在南投縣各投開票所,南投縣,　南投市,三和里,0015,40,350,404,794,9,803,0,803,199,1002,80.1397
第15任總統副總統,在南投縣各投開票所,南投縣,　南投市,嘉興里,0016,36,265,492,793,11,804,0,804,293,1097,73.2908
第15任總統副總統,在南投縣各投開票所,南投縣,　南投市,嘉興里,0017,30,216,421,667,15,682,0,682,283,965,70.6736
第15任總統副總統,在南投縣各投開票所,南投縣,　南投市,嘉和里,0018,36,360,416,812,14,826,0,826,232,1058,78.0718
第15任總統副總統,在南投縣各投開票所,南投縣,　南投市,嘉和里,0019,44,278,363,685,7,692,0,692,280,972,71.1934
第15任總統副總統,在南投縣各投開票所,南投縣,　南投市,嘉和里,0020,33,274,481,788,6,794,0,794,289,1083,73.3149
第15任總統副總統,在南投縣各投開票所,南投縣,　南投市,嘉和里,0021,58,343,414,815,7,822,0,822,342,1164,70.6186
第15任總統副總統,在南投縣各投開票所,南投縣,　南投市,平和里,0022,24,253,332,609,9,618,0,618,306,924,66.8831
第15任總統副總統,在南投縣各投開票所,南投縣,　南投市,平和里,0023,27,310,270,607,7,614,0,614,242,856,71.7290
第15任總統副總統,在南投縣各投開票所,南投縣,　南投市,平和里,0024,30,299,349,678,6,684,0,684,248,932,73.3906
第15任總統副總統,在南投縣各投開票所,南投縣,　南投市,平和里,0025,34,315,444,793,6,799,0,799,257,1056,75.6629
第15任總統副總統,在南投縣各投開票所,南投縣,　南投市,平和里,0026,40,316,355,711,6,717,0,717,241,958,74.8434
第15任總統副總統,在南投縣各投開票所,南投縣,　南投市,平和里,0027,53,359,415,827,5,832,0,832,295,1127,73.8243
第15任總統副總統,在南投縣各投開票所,南投縣,　南投市,振興里,0028,17,151,242,410,4,414,0,414,158,572,72.3776
第15任總統副總統,在南投縣各投開票所,南投縣,　南投市,振興里,0029,20,176,344,540,8,548,0,548,183,731,74.9658
第15任總統副總統,在南投縣各投開票所,南投縣,　南投市,振興里,0030,21,188,322,531,7,538,0,538,171,709,75.8815
第15任總統副總統,在南投縣各投開票所,南投縣,　南投市,千秋里,0031,31,272,419,722,4,726,0,726,263,989,73.4075
第15任總統副總統,在南投縣各投開票所,南投縣,　南投市,軍功里,0032,52,391,514,957,10,967,0,967,334,1301,74.3274
第15任總統副總統,在南投縣各投開票所,南投縣,　南投市,軍功里,0033,58,392,552,1002,9,1011,0,1011,346,1357,74.5026
第15任總統副總統,在南投縣各投開票所,南投縣,　南投市,軍功里,0034,52,437,529,1018,15,1033,0,1033,392,1425,72.4912
第15任總統副總統,在南投縣各投開票所,南投縣,　南投市,軍功里,0035,7,121,142,270,4,274,0,274,82,356,76.9663
第15任總統副總統,在南投縣各投開票所,南投縣,　南投市,東山里,0036,18,109,150,277,6,283,0,283,90,373,75.8713
第15任總統副總統,在南投縣各投開票所,南投縣,　南投市,營南里,0037,59,365,418,842,7,849,0,849,244,1093,77.6761
第15任總統副總統,在南投縣各投開票所,南投縣,　南投市,營南里,0038,56,434,451,941,5,946,0,946,266,1212,78.0528
第15任總統副總統,在南投縣各投開票所,南投縣,　南投市,營北里,0039,43,311,340,694,7,701,0,701,204,905,77.4586
第15任總統副總統,在南投縣各投開票所,南投縣,　南投市,營北里,0040,40,405,282,727,7,734,0,734,153,887,82.7508
第15任總統副總統,在南投縣各投開票所,南投縣,　南投市,營北里,0041,38,499,262,799,7,806,0,806,194,1000,80.6000
第15任總統副總統,在南投縣各投開票所,南投縣,　南投市,營北里,0042,56,507,270,833,4,837,0,837,205,1042,80.3263
第15任總統副總統,在南投縣各投開票所,南投縣,　南投市,營北里,0043,42,503,284,829,13,842,0,842,198,1040,80.9615
第15任總統副總統,在南投縣各投開票所,南投縣,　南投市,營北里,0044,32,371,272,675,5,680,0,680,159,839,81.0489
第15任總統副總統,在南投縣各投開票所,南投縣,　南投市,內興里,0045,48,371,457,876,13,889,0,889,278,1167,76.1782
第15任總統副總統,在南投縣各投開票所,南投縣,　南投市,內興里,0046,49,393,389,831,6,837,0,837,246,1083,77.2853
第15任總統副總統,在南投縣各投開票所,南投縣,　南投市,內興里,0047,56,450,432,938,13,951,0,951,256,1207,78.7904
第15任總統副總統,在南投縣各投開票所,南投縣,　南投市,內興里,0048,37,435,315,787,6,793,0,793,247,1040,76.2500
第15任總統副總統,在南投縣各投開票所,南投縣,　南投市,內興里,0049,53,568,353,974,17,991,0,991,265,1256,78.9013
第15任總統副總統,在南投縣各投開票所,南投縣,　南投市,內興里,0050,32,208,254,494,4,498,0,498,149,647,76.9706
第15任總統副總統,在南投縣各投開票所,南投縣,　南投市,內新里,0051,30,196,290,516,10,526,0,526,156,682,77.1261
第15任總統副總統,在南投縣各投開票所,南投縣,　南投市,內新里,0052,39,208,265,512,6,518,0,518,173,691,74.9638
第15任總統副總統,在南投縣各投開票所,南投縣,　南投市,光輝里,0053,25,224,170,419,2,421,0,421,88,509,82.7112
第15任總統副總統,在南投縣各投開票所,南投縣,　南投市,光榮里,0054,18,276,70,364,4,368,0,368,147,515,71.4563
第15任總統副總統,在南投縣各投開票所,南投縣,　南投市,光榮里,0055,18,300,93,411,6,417,0,417,114,531,78.5311
第15任總統副總統,在南投縣各投開票所,南投縣,　南投市,光明里,0056,29,591,121,741,9,750,0,750,226,976,76.8443
第15任總統副總統,在南投縣各投開票所,南投縣,　南投市,光華里,0057,34,445,118,597,5,602,0,602,206,808,74.5050
第15任總統副總統,在南投縣各投開票所,南投縣,　南投市,漳興里,0058,44,377,569,990,11,1001,1,1002,345,1347,74.3133
第15任總統副總統,在南投縣各投開票所,南投縣,　南投市,漳興里,0059,39,376,509,924,3,927,1,928,270,1198,77.3790
第15任總統副總統,在南投縣各投開票所,南投縣,　南投市,漳和里,0060,43,398,430,871,10,881,0,881,270,1151,76.5421
第15任總統副總統,在南投縣各投開票所,南投縣,　南投市,漳和里,0061,39,383,497,919,7,926,0,926,313,1239,74.7377
第15任總統副總統,在南投縣各投開票所,南投縣,　南投市,漳和里,0062,41,290,392,723,8,731,0,731,291,1022,71.5264
第15任總統副總統,在南投縣各投開票所,南投縣,　南投市,漳和里,0063,30,337,399,766,5,771,0,771,256,1027,75.0730
第15任總統副總統,在南投縣各投開票所,南投縣,　南投市,漳和里,0064,35,401,497,933,20,953,0,953,332,1285,74.1634
第15任總統副總統,在南投縣各投開票所,南投縣,　南投市,漳和里,0065,38,358,447,843,8,851,0,851,235,1086,78.3610
第15任總統副總統,在南投縣各投開票所,南投縣,　南投市,平山里,0066,53,422,550,1025,6,1031,0,1031,337,1368,75.3655
第15任總統副總統,在南投縣各投開票所,南投縣,　南投市,平山里,0067,40,318,425,783,8,791,0,791,270,1061,74.5523
第15任總統副總統,在南投縣各投開票所,南投縣,　南投市,平山里,0068,47,397,542,986,10,996,0,996,398,1394,71.4491
第15任總統副總統,在南投縣各投開票所,南投縣,　南投市,平山里,0069,47,408,448,903,8,911,0,911,440,1351,67.4315
第15任總統副總統,在南投縣各投開票所,南投縣,　南投市,新興里,0070,46,279,444,769,9,778,0,778,294,1072,72.5746
第15任總統副總統,在南投縣各投開票所,南投縣,　南投市,新興里,0071,49,335,463,847,10,857,0,857,341,1198,71.5359
第15任總統副總統,在南投縣各投開票所,南投縣,　南投市,新興里,0072,40,310,514,864,9,873,1,874,401,1275,68.4706
第15任總統副總統,在南投縣各投開票所,南投縣,　南投市,新興里,0073,44,404,472,920,10,930,0,930,376,1306,71.2098
第15任總統副總統,在南投縣各投開票所,南投縣,　南投市,永豐里,0074,35,258,364,657,3,660,0,660,186,846,78.0142
第15任總統副總統,在南投縣各投開票所,南投縣,　南投市,永豐里,0075,30,255,388,673,10,683,0,683,233,916,74.5633
第15任總統副總統,在南投縣各投開票所,南投縣,　南投市,永豐里,0076,40,240,409,689,8,697,0,697,281,978,71.2679
第15任總統副總統,在南投縣各投開票所,南投縣,　南投市,福興里,0077,38,300,363,701,11,712,0,712,239,951,74.8686
第15任總統副總統,在南投縣各投開票所,南投縣,　南投市,福興里,0078,47,267,422,736,4,740,0,740,245,985,75.1269
第15任總統副總統,在南投縣各投開票所,南投縣,　南投市,福興里,0079,42,255,421,718,9,727,0,727,320,1047,69.4365
第15任總統副總統,在南投縣各投開票所,南投縣,　南投市,鳳山里,0080,42,199,494,735,15,750,0,750,327,1077,69.6379
第15任總統副總統,在南投縣各投開票所,南投縣,　南投市,永興里,0081,20,220,282,522,10,532,0,532,221,753,70.6507
第15任總統副總統,在南投縣各投開票所,南投縣,　南投市,鳳鳴里,0082,20,108,287,415,5,420,0,420,197,617,68.0713
第15任總統副總統,在南投縣各投開票所,南投縣,　南投市,福山里,0083,34,235,417,686,15,701,0,701,273,974,71.9713
第15任總統副總統,在南投縣各投開票所,南投縣,　南投市,福山里,0084,29,313,316,658,3,661,0,661,225,886,74.6050
第15任總統副總統,在南投縣各投開票所,南投縣,　埔里鎮,東門里,0085,25,271,278,574,8,582,0,582,215,797,73.0238
第15任總統副總統,在南投縣各投開票所,南投縣,　埔里鎮,東門里,0086,20,260,270,550,3,553,0,553,194,747,74.0295
第15任總統副總統,在南投縣各投開票所,南投縣,　埔里鎮,東門里,0087,48,365,332,745,9,754,0,754,267,1021,73.8492
第15任總統副總統,在南投縣各投開票所,南投縣,　埔里鎮,杷城里,0088,38,415,493,946,11,957,1,958,323,1281,74.7073
第15任總統副總統,在南投縣各投開票所,南投縣,　埔里鎮,杷城里,0089,38,436,416,890,8,898,0,898,341,1239,72.4778
第15任總統副總統,在南投縣各投開票所,南投縣,　埔里鎮,枇杷里,0090,36,449,377,862,24,886,0,886,330,1216,72.8618
第15任總統副總統,在南投縣各投開票所,南投縣,　埔里鎮,枇杷里,0091,23,328,274,625,4,629,2,631,201,832,75.6010
第15任總統副總統,在南投縣各投開票所,南投縣,　埔里鎮,枇杷里,0092,36,392,405,833,14,847,0,847,417,1264,67.0095
第15任總統副總統,在南投縣各投開票所,南投縣,　埔里鎮,枇杷里,0093,34,494,405,933,17,950,0,950,325,1275,74.5098
第15任總統副總統,在南投縣各投開票所,南投縣,　埔里鎮,枇杷里,0094,37,493,419,949,15,964,0,964,419,1383,69.7035
第15任總統副總統,在南投縣各投開票所,南投縣,　埔里鎮,枇杷里,0095,31,402,466,899,8,907,0,907,360,1267,71.5864
第15任總統副總統,在南投縣各投開票所,南投縣,　埔里鎮,水頭里,0096,39,320,424,783,8,791,0,791,325,1116,70.8781
第15任總統副總統,在南投縣各投開票所,南投縣,　埔里鎮,水頭里,0097,49,387,370,806,20,826,0,826,329,1155,71.5152
第15任總統副總統,在南投縣各投開票所,南投縣,　埔里鎮,水頭里,0098,18,157,169,344,5,349,0,349,163,512,68.1641
第15任總統副總統,在南投縣各投開票所,南投縣,　埔里鎮,水頭里,0099,35,267,342,644,11,655,0,655,271,926,70.7343
第15任總統副總統,在南投縣各投開票所,南投縣,　埔里鎮,麒麟里,0100,20,327,314,661,1,662,0,662,340,1002,66.0679
第15任總統副總統,在南投縣各投開票所,南投縣,　埔里鎮,珠格里,0101,28,365,384,777,11,788,0,788,290,1078,73.0983
第15任總統副總統,在南投縣各投開票所,南投縣,　埔里鎮,溪南里,0102,42,410,341,793,11,804,0,804,278,1082,74.3068
第15任總統副總統,在南投縣各投開票所,南投縣,　埔里鎮,西門里,0103,17,303,302,622,11,633,0,633,227,860,73.6047
第15任總統副總統,在南投縣各投開票所,南投縣,　埔里鎮,西門里,0104,31,299,348,678,7,685,0,685,279,964,71.0581
第15任總統副總統,在南投縣各投開票所,南投縣,　埔里鎮,西門里,0105,32,383,419,834,10,844,0,844,286,1130,74.6903
第15任總統副總統,在南投縣各投開票所,南投縣,　埔里鎮,南門里,0106,23,265,320,608,5,613,0,613,179,792,77.3990
第15任總統副總統,在南投縣各投開票所,南投縣,　埔里鎮,北門里,0107,34,361,348,743,9,752,0,752,461,1213,61.9951
第15任總統副總統,在南投縣各投開票所,南投縣,　埔里鎮,北門里,0108,50,429,427,906,9,915,0,915,288,1203,76.0599
第15任總統副總統,在南投縣各投開票所,南投縣,　埔里鎮,北安里,0109,21,368,386,775,7,782,0,782,209,991,78.9102
第15任總統副總統,在南投縣各投開票所,南投縣,　埔里鎮,北安里,0110,30,396,377,803,9,812,0,812,274,1086,74.7698
第15任總統副總統,在南投縣各投開票所,南投縣,　埔里鎮,北安里,0111,23,372,356,751,8,759,0,759,254,1013,74.9260
第15任總統副總統,在南投縣各投開票所,南投縣,　埔里鎮,北梅里,0112,34,343,329,706,8,714,0,714,254,968,73.7603
第15任總統副總統,在南投縣各投開票所,南投縣,　埔里鎮,北梅里,0113,27,355,348,730,11,741,0,741,274,1015,73.0049
第15任總統副總統,在南投縣各投開票所,南投縣,　埔里鎮,北梅里,0114,32,374,421,827,7,834,0,834,242,1076,77.5093
第15任總統副總統,在南投縣各投開票所,南投縣,　埔里鎮,泰安里,0115,29,420,343,792,8,800,0,800,250,1050,76.1905
第15任總統副總統,在南投縣各投開票所,南投縣,　埔里鎮,泰安里,0116,35,359,358,752,7,759,0,759,262,1021,74.3389
第15任總統副總統,在南投縣各投開票所,南投縣,　埔里鎮,大湳里,0117,22,170,320,512,4,516,0,516,184,700,73.7143
第15任總統副總統,在南投縣各投開票所,南投縣,　埔里鎮,大湳里,0118,30,318,307,655,8,663,0,663,227,890,74.4944
第15任總統副總統,在南投縣各投開票所,南投縣,　埔里鎮,蜈蚣里,0119,40,416,325,781,10,791,3,794,340,1134,69.7531
第15任總統副總統,在南投縣各投開票所,南投縣,　埔里鎮,蜈蚣里,0120,22,295,296,613,11,624,0,624,277,901,69.2564
第15任總統副總統,在南投縣各投開票所,南投縣,　埔里鎮,蜈蚣里,0121,18,146,160,324,4,328,0,328,121,449,73.0512
第15任總統副總統,在南投縣各投開票所,南投縣,　埔里鎮,同聲里,0122,51,377,384,812,14,826,0,826,270,1096,75.3650
第15任總統副總統,在南投縣各投開票所,南投縣,　埔里鎮,同聲里,0123,43,360,357,760,9,769,2,771,293,1064,72.2744
第15任總統副總統,在南投縣各投開票所,南投縣,　埔里鎮,清新里,0124,32,417,379,828,11,839,0,839,271,1110,75.5856
第15任總統副總統,在南投縣各投開票所,南投縣,　埔里鎮,清新里,0125,39,391,417,847,9,856,0,856,340,1196,71.5719
第15任總統副總統,在南投縣各投開票所,南投縣,　埔里鎮,清新里,0126,36,424,425,885,14,899,0,899,367,1266,71.0111
第15任總統副總統,在南投縣各投開票所,南投縣,　埔里鎮,薰化里,0127,32,342,365,739,9,748,0,748,229,977,76.5609
第15任總統副總統,在南投縣各投開票所,南投縣,　埔里鎮,大城里,0128,26,322,281,629,8,637,0,637,278,915,69.6175
第15任總統副總統,在南投縣各投開票所,南投縣,　埔里鎮,大城里,0129,24,325,309,658,11,669,0,669,269,938,71.3220
第15任總統副總統,在南投縣各投開票所,南投縣,　埔里鎮,大城里,0130,26,368,358,752,11,763,0,763,223,986,77.3834
第15任總統副總統,在南投縣各投開票所,南投縣,　埔里鎮,大城里,0131,23,287,300,610,6,616,0,616,233,849,72.5559
第15任總統副總統,在南投縣各投開票所,南投縣,　埔里鎮,大城里,0132,31,359,302,692,8,700,0,700,254,954,73.3753
第15任總統副總統,在南投縣各投開票所,南投縣,　埔里鎮,大城里,0133,43,322,315,680,11,691,0,691,254,945,73.1217
第15任總統副總統,在南投縣各投開票所,南投縣,　埔里鎮,籃城里,0134,33,265,409,707,14,721,0,721,211,932,77.3605
第15任總統副總統,在南投縣各投開票所,南投縣,　埔里鎮,桃米里,0135,39,349,314,702,6,708,0,708,304,1012,69.9605
第15任總統副總統,在南投縣各投開票所,南投縣,　埔里鎮,成功里,0136,6,103,90,199,3,202,0,202,92,294,68.7075
第15任總統副總統,在南投縣各投開票所,南投縣,　埔里鎮,南村里,0137,37,444,425,906,10,916,0,916,388,1304,70.2454
第15任總統副總統,在南投縣各投開票所,南投縣,　埔里鎮,愛蘭里,0138,28,272,202,502,8,510,0,510,192,702,72.6496
第15任總統副總統,在南投縣各投開票所,南投縣,　埔里鎮,愛蘭里,0139,18,239,249,506,5,511,0,511,182,693,73.7374
第15任總統副總統,在南投縣各投開票所,南投縣,　埔里鎮,鐵山里,0140,20,236,278,534,9,543,0,543,201,744,72.9839
第15任總統副總統,在南投縣各投開票所,南投縣,　埔里鎮,鐵山里,0141,36,303,286,625,5,630,0,630,276,906,69.5364
第15任總統副總統,在南投縣各投開票所,南投縣,　埔里鎮,房里里,0142,28,352,291,671,7,678,0,678,267,945,71.7460
第15任總統副總統,在南投縣各投開票所,南投縣,　埔里鎮,房里里,0143,15,120,148,283,2,285,0,285,97,382,74.6073
第15任總統副總統,在南投縣各投開票所,南投縣,　埔里鎮,向善里,0144,31,217,227,475,7,482,0,482,181,663,72.6998
第15任總統副總統,在南投縣各投開票所,南投縣,　埔里鎮,一新里,0145,22,479,252,753,6,759,0,759,220,979,77.5281
第15任總統副總統,在南投縣各投開票所,南投縣,　埔里鎮,合成里,0146,38,344,551,933,12,945,0,945,328,1273,74.2341
第15任總統副總統,在南投縣各投開票所,南投縣,　埔里鎮,合成里,0147,8,84,117,209,1,210,0,210,87,297,70.7071
第15任總統副總統,在南投縣各投開票所,南投縣,　埔里鎮,廣成里,0148,32,387,366,785,7,792,0,792,346,1138,69.5958
第15任總統副總統,在南投縣各投開票所,南投縣,　埔里鎮,史港里,0149,19,244,183,446,5,451,0,451,139,590,76.4407
第15任總統副總統,在南投縣各投開票所,南投縣,　埔里鎮,福興里,0150,21,236,406,663,7,670,0,670,278,948,70.6751
第15任總統副總統,在南投縣各投開票所,南投縣,　埔里鎮,牛眠里,0151,28,256,373,657,6,663,0,663,223,886,74.8307
第15任總統副總統,在南投縣各投開票所,南投縣,　埔里鎮,牛眠里,0152,25,277,340,642,6,648,0,648,233,881,73.5528
第15任總統副總統,在南投縣各投開票所,南投縣,　埔里鎮,牛眠里,0153,33,253,393,679,13,692,0,692,243,935,74.0107
第15任總統副總統,在南投縣各投開票所,南投縣,　草屯鎮,玉峰里,0154,41,289,418,748,9,757,0,757,205,962,78.6902
第15任總統副總統,在南投縣各投開票所,南投縣,　草屯鎮,玉峰里,0155,38,388,412,838,5,843,0,843,247,1090,77.3394
第15任總統副總統,在南投縣各投開票所,南投縣,　草屯鎮,明正里,0156,59,435,570,1064,10,1074,0,1074,284,1358,79.0869
第15任總統副總統,在南投縣各投開票所,南投縣,　草屯鎮,明正里,0157,33,312,428,773,14,787,0,787,277,1064,73.9662
第15任總統副總統,在南投縣各投開票所,南投縣,　草屯鎮,明正里,0158,39,472,403,914,9,923,0,923,297,1220,75.6557
第15任總統副總統,在南投縣各投開票所,南投縣,　草屯鎮,炎峰里,0159,31,276,374,681,2,683,0,683,223,906,75.3863
第15任總統副總統,在南投縣各投開票所,南投縣,　草屯鎮,炎峰里,0160,32,370,434,836,11,847,0,847,243,1090,77.7064
第15任總統副總統,在南投縣各投開票所,南投縣,　草屯鎮,中正里,0161,19,221,257,497,4,501,0,501,161,662,75.6798
第15任總統副總統,在南投縣各投開票所,南投縣,　草屯鎮,和平里,0162,38,334,468,840,14,854,0,854,238,1092,78.2051
第15任總統副總統,在南投縣各投開票所,南投縣,　草屯鎮,中山里,0163,41,315,354,710,5,715,0,715,202,917,77.9716
第15任總統副總統,在南投縣各投開票所,南投縣,　草屯鎮,中山里,0164,40,397,572,1009,15,1024,0,1024,324,1348,75.9644
第15任總統副總統,在南投縣各投開票所,南投縣,　草屯鎮,敦和里,0165,46,376,463,885,9,894,0,894,345,1239,72.1550
第15任總統副總統,在南投縣各投開票所,南投縣,　草屯鎮,敦和里,0166,37,403,411,851,3,854,0,854,328,1182,72.2504
第15任總統副總統,在南投縣各投開票所,南投縣,　草屯鎮,敦和里,0167,37,369,497,903,11,914,0,914,299,1213,75.3504
第15任總統副總統,在南投縣各投開票所,南投縣,　草屯鎮,敦和里,0168,76,440,558,1074,5,1079,0,1079,346,1425,75.7193
第15任總統副總統,在南投縣各投開票所,南投縣,　草屯鎮,敦和里,0169,47,370,516,933,10,943,0,943,273,1216,77.5493
第15任總統副總統,在南投縣各投開票所,南投縣,　草屯鎮,山腳里,0170,45,434,354,833,7,840,0,840,267,1107,75.8808
第15任總統副總統,在南投縣各投開票所,南投縣,　草屯鎮,山腳里,0171,63,417,422,902,9,911,0,911,285,1196,76.1706
第15任總統副總統,在南投縣各投開票所,南投縣,　草屯鎮,山腳里,0172,47,406,394,847,14,861,0,861,266,1127,76.3975
第15任總統副總統,在南投縣各投開票所,南投縣,　草屯鎮,山腳里,0173,49,515,486,1050,17,1067,0,1067,256,1323,80.6500
第15任總統副總統,在南投縣各投開票所,南投縣,　草屯鎮,山腳里,0174,48,446,416,910,11,921,0,921,220,1141,80.7187
第15任總統副總統,在南投縣各投開票所,南投縣,　草屯鎮,山腳里,0175,55,429,488,972,11,983,0,983,305,1288,76.3199
第15任總統副總統,在南投縣各投開票所,南投縣,　草屯鎮,新厝里,0176,44,328,379,751,7,758,0,758,222,980,77.3469
第15任總統副總統,在南投縣各投開票所,南投縣,　草屯鎮,新厝里,0177,43,481,444,968,15,983,0,983,285,1268,77.5237
第15任總統副總統,在南投縣各投開票所,南投縣,　草屯鎮,新厝里,0178,38,288,367,693,6,699,0,699,179,878,79.6128
第15任總統副總統,在南投縣各投開票所,南投縣,　草屯鎮,上林里,0179,48,399,437,884,14,898,0,898,229,1127,79.6806
第15任總統副總統,在南投縣各投開票所,南投縣,　草屯鎮,上林里,0180,50,315,377,742,11,753,0,753,258,1011,74.4807
第15任總統副總統,在南投縣各投開票所,南投縣,　草屯鎮,上林里,0181,41,347,358,746,7,753,0,753,202,955,78.8482
第15任總統副總統,在南投縣各投開票所,南投縣,　草屯鎮,碧峰里,0182,36,301,428,765,10,775,0,775,263,1038,74.6628
第15任總統副總統,在南投縣各投開票所,南投縣,　草屯鎮,碧峰里,0183,40,285,437,762,9,771,0,771,230,1001,77.0230
第15任總統副總統,在南投縣各投開票所,南投縣,　草屯鎮,碧峰里,0184,44,319,439,802,5,807,0,807,292,1099,73.4304
第15任總統副總統,在南投縣各投開票所,南投縣,　草屯鎮,碧峰里,0185,58,347,484,889,11,900,0,900,277,1177,76.4656
第15任總統副總統,在南投縣各投開票所,南投縣,　草屯鎮,碧洲里,0186,51,475,513,1039,6,1045,0,1045,285,1330,78.5714
第15任總統副總統,在南投縣各投開票所,南投縣,　草屯鎮,碧洲里,0187,43,349,375,767,6,773,0,773,254,1027,75.2678
第15任總統副總統,在南投縣各投開票所,南投縣,　草屯鎮,復興里,0188,47,299,409,755,8,763,0,763,291,1054,72.3909
第15任總統副總統,在南投縣各投開票所,南投縣,　草屯鎮,復興里,0189,21,240,343,604,12,616,0,616,230,846,72.8132
第15任總統副總統,在南投縣各投開票所,南投縣,　草屯鎮,復興里,0190,24,282,380,686,17,703,0,703,227,930,75.5914
第15任總統副總統,在南投縣各投開票所,南投縣,　草屯鎮,御史里,0191,46,409,540,995,8,1003,0,1003,313,1316,76.2158
第15任總統副總統,在南投縣各投開票所,南投縣,　草屯鎮,御史里,0192,42,336,471,849,12,861,0,861,235,1096,78.5584
第15任總統副總統,在南投縣各投開票所,南投縣,　草屯鎮,御史里,0193,52,392,509,953,8,961,0,961,333,1294,74.2658
第15任總統副總統,在南投縣各投開票所,南投縣,　草屯鎮,御史里,0194,38,247,353,638,6,644,0,644,213,857,75.1459
第15任總統副總統,在南投縣各投開票所,南投縣,　草屯鎮,御史里,0195,43,346,568,957,10,967,0,967,366,1333,72.5431
第15任總統副總統,在南投縣各投開票所,南投縣,　草屯鎮,新豐里,0196,23,324,411,758,9,767,0,767,203,970,79.0722
第15任總統副總統,在南投縣各投開票所,南投縣,　草屯鎮,新豐里,0197,47,317,436,800,9,809,0,809,247,1056,76.6098
第15任總統副總統,在南投縣各投開票所,南投縣,　草屯鎮,新豐里,0198,28,253,430,711,5,716,0,716,276,992,72.1774
第15任總統副總統,在南投縣各投開票所,南投縣,　草屯鎮,新豐里,0199,33,211,480,724,7,731,0,731,210,941,77.6833
第15任總統副總統,在南投縣各投開票所,南投縣,　草屯鎮,新庄里,0200,38,334,482,854,7,861,0,861,278,1139,75.5926
第15任總統副總統,在南投縣各投開票所,南投縣,　草屯鎮,新庄里,0201,50,354,422,826,11,837,0,837,249,1086,77.0718
第15任總統副總統,在南投縣各投開票所,南投縣,　草屯鎮,新庄里,0202,42,410,513,965,9,974,0,974,359,1333,73.0683
第15任總統副總統,在南投縣各投開票所,南投縣,　草屯鎮,加老里,0203,34,239,454,727,7,734,0,734,187,921,79.6960
第15任總統副總統,在南投縣各投開票所,南投縣,　草屯鎮,加老里,0204,36,354,574,964,14,978,0,978,283,1261,77.5575
第15任總統副總統,在南投縣各投開票所,南投縣,　草屯鎮,石川里,0205,52,435,573,1060,14,1074,0,1074,377,1451,74.0179
第15任總統副總統,在南投縣各投開票所,南投縣,　草屯鎮,北投里,0206,33,229,464,726,7,733,0,733,176,909,80.6381
第15任總統副總統,在南投縣各投開票所,南投縣,　草屯鎮,北投里,0207,46,231,366,643,6,649,0,649,271,920,70.5435
第15任總統副總統,在南投縣各投開票所,南投縣,　草屯鎮,北投里,0208,39,253,499,791,12,803,1,804,203,1007,79.7418
第15任總統副總統,在南投縣各投開票所,南投縣,　草屯鎮,富寮里,0209,56,417,638,1111,12,1123,0,1123,366,1489,75.4197
第15任總統副總統,在南投縣各投開票所,南投縣,　草屯鎮,富寮里,0210,41,350,502,893,11,904,0,904,322,1226,73.7357
第15任總統副總統,在南投縣各投開票所,南投縣,　草屯鎮,富寮里,0211,46,307,394,747,2,749,0,749,241,990,75.6566
第15任總統副總統,在南投縣各投開票所,南投縣,　草屯鎮,富寮里,0212,32,243,371,646,4,650,0,650,336,986,65.9229
第15任總統副總統,在南投縣各投開票所,南投縣,　草屯鎮,富寮里,0213,37,369,454,860,7,867,0,867,239,1106,78.3906
第15任總統副總統,在南投縣各投開票所,南投縣,　草屯鎮,富寮里,0214,16,186,268,470,1,471,0,471,144,615,76.5854
第15任總統副總統,在南投縣各投開票所,南投縣,　草屯鎮,北勢里,0215,25,195,294,514,7,521,0,521,170,691,75.3980
第15任總統副總統,在南投縣各投開票所,南投縣,　草屯鎮,北勢里,0216,18,173,311,502,2,504,0,504,179,683,73.7921
第15任總統副總統,在南投縣各投開票所,南投縣,　草屯鎮,北勢里,0217,13,150,205,368,3,371,0,371,145,516,71.8992
第15任總統副總統,在南投縣各投開票所,南投縣,　草屯鎮,中原里,0218,38,277,543,858,14,872,0,872,277,1149,75.8921
第15任總統副總統,在南投縣各投開票所,南投縣,　草屯鎮,中原里,0219,26,202,430,658,2,660,0,660,184,844,78.1991
第15任總統副總統,在南投縣各投開票所,南投縣,　草屯鎮,南埔里,0220,44,287,486,817,15,832,0,832,265,1097,75.8432
第15任總統副總統,在南投縣各投開票所,南投縣,　草屯鎮,南埔里,0221,33,243,422,698,5,703,0,703,243,946,74.3129
第15任總統副總統,在南投縣各投開票所,南投縣,　草屯鎮,南埔里,0222,44,286,395,725,4,729,0,729,207,936,77.8846
第15任總統副總統,在南投縣各投開票所,南投縣,　草屯鎮,南埔里,0223,18,286,490,794,15,809,0,809,246,1055,76.6825
第15任總統副總統,在南投縣各投開票所,南投縣,　草屯鎮,坪頂里,0224,24,320,398,742,12,754,0,754,237,991,76.0848
第15任總統副總統,在南投縣各投開票所,南投縣,　草屯鎮,土城里,0225,15,222,202,439,7,446,0,446,181,627,71.1324
第15任總統副總統,在南投縣各投開票所,南投縣,　草屯鎮,土城里,0226,29,321,364,714,12,726,0,726,263,989,73.4075
第15任總統副總統,在南投縣各投開票所,南投縣,　草屯鎮,平林里,0227,30,366,396,792,11,803,0,803,257,1060,75.7547
第15任總統副總統,在南投縣各投開票所,南投縣,　草屯鎮,雙冬里,0228,39,302,429,770,7,777,0,777,352,1129,68.8220
第15任總統副總統,在南投縣各投開票所,南投縣,　草屯鎮,雙冬里,0229,37,330,394,761,4,765,0,765,298,1063,71.9661
第15任總統副總統,在南投縣各投開票所,南投縣,　竹山鎮,竹山里,0230,31,404,443,878,4,882,0,882,244,1126,78.3304
第15任總統副總統,在南投縣各投開票所,南投縣,　竹山鎮,竹山里,0231,23,262,328,613,5,618,0,618,186,804,76.8657
第15任總統副總統,在南投縣各投開票所,南投縣,　竹山鎮,中正里,0232,16,197,232,445,5,450,0,450,159,609,73.8916
第15任總統副總統,在南投縣各投開票所,南投縣,　竹山鎮,中山里,0233,22,242,360,624,7,631,0,631,250,881,71.6232
第15任總統副總統,在南投縣各投開票所,南投縣,　竹山鎮,中山里,0234,19,289,423,731,3,734,0,734,325,1059,69.3107
第15任總統副總統,在南投縣各投開票所,南投縣,　竹山鎮,中山里,0235,25,342,447,814,15,829,0,829,347,1176,70.4932
第15任總統副總統,在南投縣各投開票所,南投縣,　竹山鎮,中山里,0236,30,410,493,933,7,940,0,940,318,1258,74.7218
第15任總統副總統,在南投縣各投開票所,南投縣,　竹山鎮,雲林里,0237,26,376,423,825,3,828,0,828,305,1133,73.0803
第15任總統副總統,在南投縣各投開票所,南投縣,　竹山鎮,雲林里,0238,34,320,418,772,8,780,0,780,301,1081,72.1554
第15任總統副總統,在南投縣各投開票所,南投縣,　竹山鎮,雲林里,0239,35,419,446,900,13,913,0,913,311,1224,74.5915
第15任總統副總統,在南投縣各投開票所,南投縣,　竹山鎮,竹圍里,0240,18,349,404,771,8,779,0,779,312,1091,71.4024
第15任總統副總統,在南投縣各投開票所,南投縣,　竹山鎮,竹圍里,0241,31,343,443,817,12,829,0,829,358,1187,69.8399
第15任總統副總統,在南投縣各投開票所,南投縣,　竹山鎮,桂林里,0242,25,379,469,873,12,885,0,885,371,1256,70.4618
第15任總統副總統,在南投縣各投開票所,南投縣,　竹山鎮,桂林里,0243,44,407,519,970,12,982,0,982,321,1303,75.3645
第15任總統副總統,在南投縣各投開票所,南投縣,　竹山鎮,桂林里,0244,29,275,426,730,9,739,0,739,285,1024,72.1680
第15任總統副總統,在南投縣各投開票所,南投縣,　竹山鎮,下坪里,0245,17,142,198,357,2,359,0,359,137,496,72.3790
第15任總統副總統,在南投縣各投開票所,南投縣,　竹山鎮,下坪里,0246,23,212,244,479,11,490,0,490,182,672,72.9167
第15任總統副總統,在南投縣各投開票所,南投縣,　竹山鎮,中和里,0247,14,182,451,647,6,653,0,653,272,925,70.5946
第15任總統副總統,在南投縣各投開票所,南投縣,　竹山鎮,中崎里,0248,34,422,489,945,13,958,0,958,382,1340,71.4925
第15任總統副總統,在南投縣各投開票所,南投縣,　竹山鎮,秀林里,0249,5,57,82,144,1,145,0,145,65,210,69.0476
第15任總統副總統,在南投縣各投開票所,南投縣,　竹山鎮,秀林里,0250,13,132,183,328,3,331,0,331,125,456,72.5877
第15任總統副總統,在南投縣各投開票所,南投縣,　竹山鎮,大鞍里,0251,4,139,135,278,3,281,0,281,136,417,67.3861
第15任總統副總統,在南投縣各投開票所,南投縣,　竹山鎮,延和里,0252,46,413,542,1001,15,1016,0,1016,356,1372,74.0525
第15任總統副總統,在南投縣各投開票所,南投縣,　竹山鎮,延和里,0253,38,362,497,897,18,915,0,915,331,1246,73.4350
第15任總統副總統,在南投縣各投開票所,南投縣,　竹山鎮,延和里,0254,37,320,394,751,7,758,0,758,303,1061,71.4420
第15任總統副總統,在南投縣各投開票所,南投縣,　竹山鎮,延和里,0255,26,259,429,714,7,721,0,721,309,1030,70.0000
第15任總統副總統,在南投縣各投開票所,南投縣,　竹山鎮,延祥里,0256,38,362,496,896,5,901,0,901,340,1241,72.6027
第15任總統副總統,在南投縣各投開票所,南投縣,　竹山鎮,延祥里,0257,28,291,413,732,9,741,0,741,267,1008,73.5119
第15任總統副總統,在南投縣各投開票所,南投縣,　竹山鎮,延祥里,0258,35,358,482,875,8,883,0,883,357,1240,71.2097
第15任總統副總統,在南投縣各投開票所,南投縣,　竹山鎮,延正里,0259,23,243,347,613,8,621,0,621,264,885,70.1695
第15任總統副總統,在南投縣各投開票所,南投縣,　竹山鎮,延正里,0260,19,218,294,531,10,541,0,541,228,769,70.3511
第15任總統副總統,在南投縣各投開票所,南投縣,　竹山鎮,延平里,0261,38,351,480,869,14,883,0,883,379,1262,69.9683
第15任總統副總統,在南投縣各投開票所,南投縣,　竹山鎮,延平里,0262,28,256,375,659,9,668,0,668,251,919,72.6877
第15任總統副總統,在南投縣各投開票所,南投縣,　竹山鎮,延平里,0263,18,130,280,428,6,434,0,434,135,569,76.2742
第15任總統副總統,在南投縣各投開票所,南投縣,　竹山鎮,延山里,0264,18,249,327,594,11,605,0,605,231,836,72.3684
第15任總統副總統,在南投縣各投開票所,南投縣,　竹山鎮,山崇里,0265,28,327,463,818,9,827,0,827,324,1151,71.8506
第15任總統副總統,在南投縣各投開票所,南投縣,　竹山鎮,山崇里,0266,21,176,221,418,3,421,1,422,213,635,66.2992
第15任總統副總統,在南投縣各投開票所,南投縣,　竹山鎮,社寮里,0267,41,357,567,965,10,975,0,975,329,1304,74.7699
第15任總統副總統,在南投縣各投開票所,南投縣,　竹山鎮,中央里,0268,29,311,484,824,10,834,0,834,337,1171,71.2212
第15任總統副總統,在南投縣各投開票所,南投縣,　竹山鎮,富州里,0269,23,174,234,431,7,438,0,438,161,599,73.1219
第15任總統副總統,在南投縣各投開票所,南投縣,　竹山鎮,田子里,0270,10,177,212,399,6,405,0,405,192,597,67.8392
第15任總統副總統,在南投縣各投開票所,南投縣,　竹山鎮,硘磘里,0271,21,228,301,550,13,563,0,563,191,754,74.6684
第15任總統副總統,在南投縣各投開票所,南投縣,　竹山鎮,硘磘里,0272,19,231,403,653,4,657,0,657,223,880,74.6591
第15任總統副總統,在南投縣各投開票所,南投縣,　竹山鎮,德興里,0273,10,108,142,260,6,266,0,266,95,361,73.6842
第15任總統副總統,在南投縣各投開票所,南投縣,　竹山鎮,德興里,0274,12,170,189,371,5,376,0,376,123,499,75.3507
第15任總統副總統,在南投縣各投開票所,南投縣,　竹山鎮,福興里,0275,3,84,46,133,3,136,0,136,50,186,73.1183
第15任總統副總統,在南投縣各投開票所,南投縣,　竹山鎮,福興里,0276,12,145,119,276,6,282,0,282,105,387,72.8682
第15任總統副總統,在南投縣各投開票所,南投縣,　竹山鎮,鯉魚里,0277,9,122,160,291,4,295,0,295,173,468,63.0342
第15任總統副總統,在南投縣各投開票所,南投縣,　竹山鎮,鯉魚里,0278,5,74,107,186,1,187,0,187,108,295,63.3898
第15任總統副總統,在南投縣各投開票所,南投縣,　竹山鎮,坪頂里,0279,7,141,163,311,2,313,0,313,112,425,73.6471
第15任總統副總統,在南投縣各投開票所,南投縣,　竹山鎮,瑞竹里,0280,9,137,219,365,5,370,0,370,180,550,67.2727
第15任總統副總統,在南投縣各投開票所,南投縣,　竹山鎮,桶頭里,0281,4,118,174,296,6,302,0,302,165,467,64.6681
第15任總統副總統,在南投縣各投開票所,南投縣,　竹山鎮,桶頭里,0282,2,134,119,255,3,258,0,258,125,383,67.3629
第15任總統副總統,在南投縣各投開票所,南投縣,　集集鎮,集集里,0283,45,376,357,778,19,797,0,797,239,1036,76.9305
第15任總統副總統,在南投縣各投開票所,南投縣,　集集鎮,和平里,0284,26,289,327,642,3,645,0,645,233,878,73.4624
第15任總統副總統,在南投縣各投開票所,南投縣,　集集鎮,林尾里,0285,20,166,227,413,5,418,0,418,148,566,73.8516
第15任總統副總統,在南投縣各投開票所,南投縣,　集集鎮,田寮里,0286,24,170,233,427,8,435,0,435,166,601,72.3794
第15任總統副總統,在南投縣各投開票所,南投縣,　集集鎮,田寮里,0287,21,152,226,399,4,403,0,403,144,547,73.6746
第15任總統副總統,在南投縣各投開票所,南投縣,　集集鎮,隘寮里,0288,12,129,176,317,8,325,0,325,144,469,69.2964
第15任總統副總統,在南投縣各投開票所,南投縣,　集集鎮,玉映里,0289,22,140,193,355,6,361,0,361,121,482,74.8963
第15任總統副總統,在南投縣各投開票所,南投縣,　集集鎮,吳厝里,0290,19,316,291,626,7,633,0,633,243,876,72.2603
第15任總統副總統,在南投縣各投開票所,南投縣,　集集鎮,八張里,0291,26,258,262,546,7,553,0,553,183,736,75.1359
第15任總統副總統,在南投縣各投開票所,南投縣,　集集鎮,八張里,0292,19,210,226,455,8,463,0,463,185,648,71.4506
第15任總統副總統,在南投縣各投開票所,南投縣,　集集鎮,永昌里,0293,26,285,383,694,7,701,0,701,242,943,74.3372
第15任總統副總統,在南投縣各投開票所,南投縣,　集集鎮,廣明里,0294,6,162,158,326,5,331,0,331,150,481,68.8150
第15任總統副總統,在南投縣各投開票所,南投縣,　集集鎮,廣明里,0295,16,128,129,273,7,280,0,280,120,400,70.0000
第15任總統副總統,在南投縣各投開票所,南投縣,　集集鎮,富山里,0296,19,194,177,390,4,394,0,394,163,557,70.7361
第15任總統副總統,在南投縣各投開票所,南投縣,　名間鄉,南雅村,0297,33,309,426,768,7,775,0,775,242,1017,76.2045
第15任總統副總統,在南投縣各投開票所,南投縣,　名間鄉,中正村,0298,24,235,373,632,12,644,0,644,245,889,72.4409
第15任總統副總統,在南投縣各投開票所,南投縣,　名間鄉,中正村,0299,16,192,337,545,7,552,0,552,147,699,78.9700
第15任總統副總統,在南投縣各投開票所,南投縣,　名間鄉,中正村,0300,12,247,348,607,12,619,0,619,213,832,74.3990
第15任總統副總統,在南投縣各投開票所,南投縣,　名間鄉,中正村,0301,23,279,337,639,7,646,0,646,217,863,74.8552
第15任總統副總統,在南投縣各投開票所,南投縣,　名間鄉,中山村,0302,32,316,338,686,4,690,0,690,331,1021,67.5808
第15任總統副總統,在南投縣各投開票所,南投縣,　名間鄉,中山村,0303,39,301,490,830,7,837,0,837,308,1145,73.1004
第15任總統副總統,在南投縣各投開票所,南投縣,　名間鄉,濁水村,0304,21,181,315,517,9,526,0,526,246,772,68.1347
第15任總統副總統,在南投縣各投開票所,南投縣,　名間鄉,濁水村,0305,16,226,308,550,7,557,0,557,193,750,74.2667
第15任總統副總統,在南投縣各投開票所,南投縣,　名間鄉,新民村,0306,26,247,416,689,5,694,0,694,247,941,73.7513
第15任總統副總統,在南投縣各投開票所,南投縣,　名間鄉,炭寮村,0307,19,267,439,725,10,735,0,735,249,984,74.6951
第15任總統副總統,在南投縣各投開票所,南投縣,　名間鄉,新街村,0308,29,204,400,633,5,638,0,638,243,881,72.4177
第15任總統副總統,在南投縣各投開票所,南投縣,　名間鄉,新街村,0309,44,250,458,752,8,760,0,760,219,979,77.6302
第15任總統副總統,在南投縣各投開票所,南投縣,　名間鄉,新街村,0310,36,233,462,731,9,740,0,740,253,993,74.5217
第15任總統副總統,在南投縣各投開票所,南投縣,　名間鄉,新街村,0311,37,347,479,863,8,871,0,871,344,1215,71.6872
第15任總統副總統,在南投縣各投開票所,南投縣,　名間鄉,東湖村,0312,16,171,331,518,2,520,0,520,210,730,71.2329
第15任總統副總統,在南投縣各投開票所,南投縣,　名間鄉,東湖村,0313,36,229,362,627,12,639,0,639,233,872,73.2798
第15任總統副總統,在南投縣各投開票所,南投縣,　名間鄉,仁和村,0314,24,285,284,593,5,598,0,598,275,873,68.4994
第15任總統副總統,在南投縣各投開票所,南投縣,　名間鄉,萬丹村,0315,31,198,422,651,11,662,0,662,254,916,72.2707
第15任總統副總統,在南投縣各投開票所,南投縣,　名間鄉,田仔村,0316,39,276,569,884,8,892,0,892,331,1223,72.9354
第15任總統副總統,在南投縣各投開票所,南投縣,　名間鄉,大坑村,0317,24,149,337,510,8,518,0,518,214,732,70.7650
第15任總統副總統,在南投縣各投開票所,南投縣,　名間鄉,大庄村,0318,30,172,458,660,7,667,0,667,255,922,72.3427
第15任總統副總統,在南投縣各投開票所,南投縣,　名間鄉,大庄村,0319,21,173,436,630,5,635,0,635,237,872,72.8211
第15任總統副總統,在南投縣各投開票所,南投縣,　名間鄉,廍下村,0320,27,220,382,629,2,631,0,631,263,894,70.5817
第15任總統副總統,在南投縣各投開票所,南投縣,　名間鄉,赤水村,0321,13,154,278,445,5,450,0,450,172,622,72.3473
第15任總統副總統,在南投縣各投開票所,南投縣,　名間鄉,赤水村,0322,17,126,221,364,3,367,0,367,144,511,71.8200
第15任總統副總統,在南投縣各投開票所,南投縣,　名間鄉,竹圍村,0323,24,201,451,676,10,686,0,686,226,912,75.2193
第15任總統副總統,在南投縣各投開票所,南投縣,　名間鄉,三崙村,0324,34,276,464,774,16,790,0,790,275,1065,74.1784
第15任總統副總統,在南投縣各投開票所,南投縣,　名間鄉,三崙村,0325,19,99,218,336,3,339,0,339,93,432,78.4722
第15任總統副總統,在南投縣各投開票所,南投縣,　名間鄉,松山村,0326,25,209,391,625,6,631,0,631,218,849,74.3227
第15任總統副總統,在南投縣各投開票所,南投縣,　名間鄉,松山村,0327,30,142,275,447,9,456,0,456,141,597,76.3819
第15任總統副總統,在南投縣各投開票所,南投縣,　名間鄉,松柏村,0328,32,231,565,828,10,838,0,838,303,1141,73.4443
第15任總統副總統,在南投縣各投開票所,南投縣,　名間鄉,崁腳村,0329,25,268,345,638,12,650,0,650,214,864,75.2315
第15任總統副總統,在南投縣各投開票所,南投縣,　名間鄉,埔中村,0330,32,231,377,640,7,647,0,647,204,851,76.0282
第15任總統副總統,在南投縣各投開票所,南投縣,　名間鄉,新厝村,0331,18,234,290,542,10,552,0,552,203,755,73.1126
第15任總統副總統,在南投縣各投開票所,南投縣,　名間鄉,新光村,0332,17,161,352,530,9,539,0,539,214,753,71.5803
第15任總統副總統,在南投縣各投開票所,南投縣,　名間鄉,新光村,0333,32,267,412,711,13,724,0,724,225,949,76.2908
第15任總統副總統,在南投縣各投開票所,南投縣,　鹿谷鄉,鹿谷村,0334,18,303,306,627,5,632,0,632,269,901,70.1443
第15任總統副總統,在南投縣各投開票所,南投縣,　鹿谷鄉,鹿谷村,0335,20,275,351,646,5,651,0,651,259,910,71.5385
第15任總統副總統,在南投縣各投開票所,南投縣,　鹿谷鄉,彰雅村,0336,29,321,282,632,5,637,0,637,204,841,75.7432
第15任總統副總統,在南投縣各投開票所,南投縣,　鹿谷鄉,彰雅村,0337,6,151,169,326,7,333,0,333,106,439,75.8542
第15任總統副總統,在南投縣各投開票所,南投縣,　鹿谷鄉,廣興村,0338,26,337,240,603,6,609,0,609,190,799,76.2203
第15任總統副總統,在南投縣各投開票所,南投縣,　鹿谷鄉,廣興村,0339,29,385,392,806,11,817,0,817,294,1111,73.5374
第15任總統副總統,在南投縣各投開票所,南投縣,　鹿谷鄉,永隆村,0340,28,233,277,538,5,543,0,543,195,738,73.5772
第15任總統副總統,在南投縣各投開票所,南投縣,　鹿谷鄉,永隆村,0341,19,240,381,640,4,644,0,644,214,858,75.0583
第15任總統副總統,在南投縣各投開票所,南投縣,　鹿谷鄉,鳳凰村,0342,21,229,312,562,11,573,0,573,198,771,74.3191
第15任總統副總統,在南投縣各投開票所,南投縣,　鹿谷鄉,鳳凰村,0343,13,130,248,391,11,402,0,402,158,560,71.7857
第15任總統副總統,在南投縣各投開票所,南投縣,　鹿谷鄉,內湖村,0344,21,175,193,389,7,396,0,396,173,569,69.5958
第15任總統副總統,在南投縣各投開票所,南投縣,　鹿谷鄉,內湖村,0345,20,176,157,353,4,357,0,357,103,460,77.6087
第15任總統副總統,在南投縣各投開票所,南投縣,　鹿谷鄉,和雅村,0346,15,267,166,448,6,454,0,454,158,612,74.1830
第15任總統副總統,在南投縣各投開票所,南投縣,　鹿谷鄉,竹林村,0347,18,255,260,533,1,534,0,534,186,720,74.1667
第15任總統副總統,在南投縣各投開票所,南投縣,　鹿谷鄉,竹林村,0348,22,281,228,531,6,537,0,537,217,754,71.2202
第15任總統副總統,在南投縣各投開票所,南投縣,　鹿谷鄉,竹豐村,0349,26,358,257,641,9,650,0,650,246,896,72.5446
第15任總統副總統,在南投縣各投開票所,南投縣,　鹿谷鄉,初鄉村,0350,9,268,233,510,6,516,0,516,200,716,72.0670
第15任總統副總統,在南投縣各投開票所,南投縣,　鹿谷鄉,初鄉村,0351,11,217,236,464,4,468,0,468,236,704,66.4773
第15任總統副總統,在南投縣各投開票所,南投縣,　鹿谷鄉,秀峰村,0352,23,197,283,503,5,508,0,508,261,769,66.0598
第15任總統副總統,在南投縣各投開票所,南投縣,　鹿谷鄉,清水村,0353,14,198,274,486,6,492,0,492,208,700,70.2857
第15任總統副總統,在南投縣各投開票所,南投縣,　鹿谷鄉,瑞田村,0354,26,183,254,463,7,470,0,470,244,714,65.8263
第15任總統副總統,在南投縣各投開票所,南投縣,　中寮鄉,廣興村,0355,15,175,361,551,7,558,0,558,216,774,72.0930
第15任總統副總統,在南投縣各投開票所,南投縣,　中寮鄉,崁頂村,0356,8,55,102,165,2,167,0,167,77,244,68.4426
第15任總統副總統,在南投縣各投開票所,南投縣,　中寮鄉,崁頂村,0357,8,61,70,139,6,145,0,145,71,216,67.1296
第15任總統副總統,在南投縣各投開票所,南投縣,　中寮鄉,八仙村,0358,13,111,119,243,0,243,0,243,94,337,72.1068
第15任總統副總統,在南投縣各投開票所,南投縣,　中寮鄉,八仙村,0359,8,122,162,292,6,298,0,298,116,414,71.9807
第15任總統副總統,在南投縣各投開票所,南投縣,　中寮鄉,福盛村,0360,13,119,152,284,2,286,0,286,104,390,73.3333
第15任總統副總統,在南投縣各投開票所,南投縣,　中寮鄉,福盛村,0361,4,108,101,213,1,214,0,214,84,298,71.8121
第15任總統副總統,在南投縣各投開票所,南投縣,　中寮鄉,和興村,0362,9,211,202,422,4,426,0,426,201,627,67.9426
第15任總統副總統,在南投縣各投開票所,南投縣,　中寮鄉,復興村,0363,13,86,108,207,3,210,0,210,77,287,73.1707
第15任總統副總統,在南投縣各投開票所,南投縣,　中寮鄉,永平村,0364,26,292,336,654,10,664,0,664,256,920,72.1739
第15任總統副總統,在南投縣各投開票所,南投縣,　中寮鄉,永平村,0365,14,240,260,514,4,518,0,518,193,711,72.8551
第15任總統副總統,在南投縣各投開票所,南投縣,　中寮鄉,中寮村,0366,18,217,208,443,9,452,0,452,179,631,71.6323
第15任總統副總統,在南投縣各投開票所,南投縣,　中寮鄉,廣福村,0367,16,112,202,330,2,332,0,332,134,466,71.2446
第15任總統副總統,在南投縣各投開票所,南投縣,　中寮鄉,永福村,0368,10,91,122,223,5,228,0,228,82,310,73.5484
第15任總統副總統,在南投縣各投開票所,南投縣,　中寮鄉,永福村,0369,40,300,341,681,8,689,0,689,281,970,71.0309
第15任總統副總統,在南投縣各投開票所,南投縣,　中寮鄉,義和村,0370,17,128,198,343,6,349,0,349,97,446,78.2511
第15任總統副總統,在南投縣各投開票所,南投縣,　中寮鄉,義和村,0371,22,167,260,449,2,451,0,451,150,601,75.0416
第15任總統副總統,在南投縣各投開票所,南投縣,　中寮鄉,清水村,0372,34,260,307,601,2,603,0,603,253,856,70.4439
第15任總統副總統,在南投縣各投開票所,南投縣,　中寮鄉,內城村,0373,17,141,139,297,2,299,0,299,145,444,67.3423
第15任總統副總統,在南投縣各投開票所,南投縣,　中寮鄉,龍安村,0374,20,147,300,467,7,474,0,474,192,666,71.1712
第15任總統副總統,在南投縣各投開票所,南投縣,　中寮鄉,爽文村,0375,24,145,179,348,2,350,0,350,123,473,73.9958
第15任總統副總統,在南投縣各投開票所,南投縣,　中寮鄉,龍岩村,0376,18,192,256,466,5,471,0,471,151,622,75.7235
第15任總統副總統,在南投縣各投開票所,南投縣,　中寮鄉,永芳村,0377,15,134,176,325,3,328,0,328,116,444,73.8739
第15任總統副總統,在南投縣各投開票所,南投縣,　中寮鄉,永和村,0378,14,146,188,348,6,354,0,354,149,503,70.3777
第15任總統副總統,在南投縣各投開票所,南投縣,　魚池鄉,魚池村,0379,22,298,295,615,10,625,0,625,276,901,69.3674
第15任總統副總統,在南投縣各投開票所,南投縣,　魚池鄉,魚池村,0380,29,312,374,715,6,721,0,721,280,1001,72.0280
第15任總統副總統,在南投縣各投開票所,南投縣,　魚池鄉,東池村,0381,15,220,254,489,5,494,0,494,212,706,69.9717
第15任總統副總統,在南投縣各投開票所,南投縣,　魚池鄉,東池村,0382,24,258,290,572,14,586,0,586,233,819,71.5507
第15任總統副總統,在南投縣各投開票所,南投縣,　魚池鄉,大林村,0383,15,121,202,338,8,346,0,346,142,488,70.9016
第15任總統副總統,在南投縣各投開票所,南投縣,　魚池鄉,大林村,0384,19,151,235,405,1,406,0,406,156,562,72.2420
第15任總統副總統,在南投縣各投開票所,南投縣,　魚池鄉,東光村,0385,16,147,229,392,9,401,0,401,187,588,68.1973
第15任總統副總統,在南投縣各投開票所,南投縣,　魚池鄉,東光村,0386,20,164,232,416,7,423,0,423,212,635,66.6142
第15任總統副總統,在南投縣各投開票所,南投縣,　魚池鄉,共和村,0387,7,96,118,221,1,222,0,222,64,286,77.6224
第15任總統副總統,在南投縣各投開票所,南投縣,　魚池鄉,新城村、共和村,0388,17,162,211,390,6,396,0,396,140,536,73.8806
第15任總統副總統,在南投縣各投開票所,南投縣,　魚池鄉,共和村,0389,5,63,68,136,3,139,0,139,53,192,72.3958
第15任總統副總統,在南投縣各投開票所,南投縣,　魚池鄉,新城村,0390,15,240,291,546,10,556,0,556,224,780,71.2821
第15任總統副總統,在南投縣各投開票所,南投縣,　魚池鄉,新城村,0391,11,52,115,178,5,183,0,183,86,269,68.0297
第15任總統副總統,在南投縣各投開票所,南投縣,　魚池鄉,新城村,0392,13,75,96,184,3,187,0,187,86,273,68.4982
第15任總統副總統,在南投縣各投開票所,南投縣,　魚池鄉,大雁村,0393,12,76,99,187,1,188,0,188,82,270,69.6296
第15任總統副總統,在南投縣各投開票所,南投縣,　魚池鄉,大雁村,0394,13,100,138,251,0,251,0,251,128,379,66.2269
第15任總統副總統,在南投縣各投開票所,南投縣,　魚池鄉,五城村,0395,10,174,191,375,8,383,0,383,158,541,70.7948
第15任總統副總統,在南投縣各投開票所,南投縣,　魚池鄉,五城村,0396,3,53,67,123,2,125,0,125,44,169,73.9645
第15任總統副總統,在南投縣各投開票所,南投縣,　魚池鄉,中明村,0397,21,171,172,364,6,370,0,370,185,555,66.6667
第15任總統副總統,在南投縣各投開票所,南投縣,　魚池鄉,中明村,0398,9,143,150,302,4,306,0,306,134,440,69.5455
第15任總統副總統,在南投縣各投開票所,南投縣,　魚池鄉,水社村,0399,30,318,237,585,3,588,0,588,223,811,72.5031
第15任總統副總統,在南投縣各投開票所,南投縣,　魚池鄉,日月村,0400,24,315,287,626,6,632,0,632,213,845,74.7929
第15任總統副總統,在南投縣各投開票所,南投縣,　魚池鄉,頭社村,0401,5,114,131,250,3,253,0,253,141,394,64.2132
第15任總統副總統,在南投縣各投開票所,南投縣,　魚池鄉,頭社村,0402,18,152,189,359,6,365,0,365,160,525,69.5238
第15任總統副總統,在南投縣各投開票所,南投縣,　魚池鄉,武登村,0403,16,106,106,228,2,230,0,230,99,329,69.9088
第15任總統副總統,在南投縣各投開票所,南投縣,　魚池鄉,武登村,0404,8,73,70,151,4,155,0,155,74,229,67.6856
第15任總統副總統,在南投縣各投開票所,南投縣,　國姓鄉,國姓村,0405,28,311,314,653,8,661,0,661,237,898,73.6080
第15任總統副總統,在南投縣各投開票所,南投縣,　國姓鄉,國姓村,0406,18,226,253,497,7,504,0,504,194,698,72.2063
第15任總統副總統,在南投縣各投開票所,南投縣,　國姓鄉,石門村,0407,29,246,262,537,7,544,0,544,229,773,70.3752
第15任總統副總統,在南投縣各投開票所,南投縣,　國姓鄉,石門村,0408,31,342,277,650,2,652,0,652,244,896,72.7679
第15任總統副總統,在南投縣各投開票所,南投縣,　國姓鄉,大旗村,0409,26,188,261,475,0,475,0,475,180,655,72.5191
第15任總統副總統,在南投縣各投開票所,南投縣,　國姓鄉,長流村,0410,23,219,213,455,2,457,0,457,177,634,72.0820
第15任總統副總統,在南投縣各投開票所,南投縣,　國姓鄉,長流村,0411,22,244,210,476,7,483,0,483,214,697,69.2970
第15任總統副總統,在南投縣各投開票所,南投縣,　國姓鄉,長豐村,0412,11,264,203,478,10,488,0,488,251,739,66.0352
第15任總統副總統,在南投縣各投開票所,南投縣,　國姓鄉,長福村,0413,15,249,223,487,6,493,0,493,201,694,71.0375
第15任總統副總統,在南投縣各投開票所,南投縣,　國姓鄉,北港村,0414,28,330,305,663,8,671,0,671,306,977,68.6796
第15任總統副總統,在南投縣各投開票所,南投縣,　國姓鄉,北港村,0415,18,255,289,562,10,572,0,572,276,848,67.4528
第15任總統副總統,在南投縣各投開票所,南投縣,　國姓鄉,福龜村,0416,20,346,285,651,3,654,0,654,241,895,73.0726
第15任總統副總統,在南投縣各投開票所,南投縣,　國姓鄉,福龜村,0417,44,299,315,658,6,664,0,664,230,894,74.2729
第15任總統副總統,在南投縣各投開票所,南投縣,　國姓鄉,乾溝村,0418,15,243,287,545,14,559,0,559,235,794,70.4030
第15任總統副總統,在南投縣各投開票所,南投縣,　國姓鄉,柑林村,0419,51,397,336,784,10,794,0,794,314,1108,71.6606
第15任總統副總統,在南投縣各投開票所,南投縣,　國姓鄉,大石村,0420,25,247,228,500,6,506,0,506,190,696,72.7011
第15任總統副總統,在南投縣各投開票所,南投縣,　國姓鄉,北山村,0421,44,364,346,754,11,765,0,765,288,1053,72.6496
第15任總統副總統,在南投縣各投開票所,南投縣,　國姓鄉,北山村,0422,7,118,166,291,3,294,0,294,132,426,69.0141
第15任總統副總統,在南投縣各投開票所,南投縣,　國姓鄉,南港村,0423,28,364,280,672,11,683,0,683,352,1035,65.9903
第15任總統副總統,在南投縣各投開票所,南投縣,　國姓鄉,南港村,0424,16,207,163,386,8,394,0,394,146,540,72.9630
第15任總統副總統,在南投縣各投開票所,南投縣,　水里鄉,水里村,0425,18,239,217,474,8,482,0,482,244,726,66.3912
第15任總統副總統,在南投縣各投開票所,南投縣,　水里鄉,新城村,0426,21,157,191,369,2,371,0,371,157,528,70.2652
第15任總統副總統,在南投縣各投開票所,南投縣,　水里鄉,新城村,0427,29,265,336,630,10,640,0,640,317,957,66.8757
第15任總統副總統,在南投縣各投開票所,南投縣,　水里鄉,中央村,0428,21,214,179,414,7,421,0,421,175,596,70.6376
第15任總統副總統,在南投縣各投開票所,南投縣,　水里鄉,城中村,0429,29,290,255,574,9,583,0,583,230,813,71.7097
第15任總統副總統,在南投縣各投開票所,南投縣,　水里鄉,農富村,0430,15,169,164,348,2,350,0,350,110,460,76.0870
第15任總統副總統,在南投縣各投開票所,南投縣,　水里鄉,車埕村,0431,11,159,137,307,4,311,0,311,124,435,71.4943
第15任總統副總統,在南投縣各投開票所,南投縣,　水里鄉,新興村,0432,15,245,159,419,8,427,0,427,195,622,68.6495
第15任總統副總統,在南投縣各投開票所,南投縣,　水里鄉,北埔村,0433,20,336,320,676,6,682,0,682,301,983,69.3795
第15任總統副總統,在南投縣各投開票所,南投縣,　水里鄉,南光村,0434,21,250,269,540,4,544,0,544,172,716,75.9777
第15任總統副總統,在南投縣各投開票所,南投縣,　水里鄉,南光村,0435,36,250,295,581,6,587,0,587,204,791,74.2099
第15任總統副總統,在南投縣各投開票所,南投縣,　水里鄉,鉅工村,0436,27,321,330,678,5,683,0,683,251,934,73.1263
第15任總統副總統,在南投縣各投開票所,南投縣,　水里鄉,永豐村,0437,18,203,300,521,7,528,0,528,227,755,69.9338
第15任總統副總統,在南投縣各投開票所,南投縣,　水里鄉,永豐村,0438,25,209,179,413,2,415,0,415,150,565,73.4513
第15任總統副總統,在南投縣各投開票所,南投縣,　水里鄉,民和村,0439,19,239,299,557,11,568,0,568,289,857,66.2777
第15任總統副總統,在南投縣各投開票所,南投縣,　水里鄉,頂崁村,0440,45,359,369,773,4,777,0,777,407,1184,65.6250
第15任總統副總統,在南投縣各投開票所,南投縣,　水里鄉,新山村,0441,4,58,78,140,2,142,0,142,55,197,72.0812
第15任總統副總統,在南投縣各投開票所,南投縣,　水里鄉,郡坑村,0442,8,131,76,215,3,218,0,218,85,303,71.9472
第15任總統副總統,在南投縣各投開票所,南投縣,　水里鄉,上安村,0443,25,371,335,731,17,748,0,748,314,1062,70.4331
第15任總統副總統,在南投縣各投開票所,南投縣,　水里鄉,興隆村,0444,6,72,96,174,2,176,0,176,101,277,63.5379
第15任總統副總統,在南投縣各投開票所,南投縣,　水里鄉,永興村,0445,8,90,120,218,1,219,0,219,90,309,70.8738
第15任總統副總統,在南投縣各投開票所,南投縣,　水里鄉,玉峰村,0446,20,183,337,540,8,548,0,548,239,787,69.6315
第15任總統副總統,在南投縣各投開票所,南投縣,　信義鄉,明德村,0447,7,251,122,380,3,383,0,383,154,537,71.3222
第15任總統副總統,在南投縣各投開票所,南投縣,　信義鄉,明德村,0448,14,219,177,410,6,416,0,416,189,605,68.7603
第15任總統副總統,在南投縣各投開票所,南投縣,　信義鄉,明德村,0449,12,114,87,213,3,216,0,216,98,314,68.7898
第15任總統副總統,在南投縣各投開票所,南投縣,　信義鄉,愛國村,0450,7,181,142,330,3,333,0,333,154,487,68.3778
第15任總統副總統,在南投縣各投開票所,南投縣,　信義鄉,自強村,0451,24,141,125,290,2,292,0,292,128,420,69.5238
第15任總統副總統,在南投縣各投開票所,南投縣,　信義鄉,自強村,0452,8,88,105,201,3,204,0,204,106,310,65.8065
第15任總統副總統,在南投縣各投開票所,南投縣,　信義鄉,豐丘村,0453,20,219,162,401,7,408,0,408,206,614,66.4495
第15任總統副總統,在南投縣各投開票所,南投縣,　信義鄉,新鄉村,0454,12,275,116,403,5,408,0,408,165,573,71.2042
第15任總統副總統,在南投縣各投開票所,南投縣,　信義鄉,羅娜村,0455,23,310,103,436,3,439,0,439,203,642,68.3801
第15任總統副總統,在南投縣各投開票所,南投縣,　信義鄉,羅娜村,0456,16,360,86,462,6,468,0,468,193,661,70.8018
第15任總統副總統,在南投縣各投開票所,南投縣,　信義鄉,望美村,0457,20,391,201,612,12,624,0,624,310,934,66.8094
第15任總統副總統,在南投縣各投開票所,南投縣,　信義鄉,望美村,0458,18,178,146,342,4,346,0,346,169,515,67.1845
第15任總統副總統,在南投縣各投開票所,南投縣,　信義鄉,同富村,0459,16,286,292,594,12,606,0,606,310,916,66.1572
第15任總統副總統,在南投縣各投開票所,南投縣,　信義鄉,同富村,0460,22,136,153,311,5,316,0,316,137,453,69.7572
第15任總統副總統,在南投縣各投開票所,南投縣,　信義鄉,神木村,0461,8,175,115,298,3,301,0,301,182,483,62.3188
第15任總統副總統,在南投縣各投開票所,南投縣,　信義鄉,神木村,0462,1,67,26,94,1,95,0,95,52,147,64.6259
第15任總統副總統,在南投縣各投開票所,南投縣,　信義鄉,東埔村,0463,28,406,223,657,17,674,0,674,311,985,68.4264
第15任總統副總統,在南投縣各投開票所,南投縣,　信義鄉,人和村,0464,18,404,130,552,3,555,0,555,323,878,63.2118
第15任總統副總統,在南投縣各投開票所,南投縣,　信義鄉,人和村,0465,6,80,74,160,3,163,0,163,99,262,62.2137
第15任總統副總統,在南投縣各投開票所,南投縣,　信義鄉,地利村,0466,20,424,152,596,4,600,0,600,264,864,69.4444
第15任總統副總統,在南投縣各投開票所,南投縣,　信義鄉,雙龍村,0467,13,278,86,377,4,381,0,381,210,591,64.4670
第15任總統副總統,在南投縣各投開票所,南投縣,　信義鄉,潭南村,0468,7,263,73,343,6,349,0,349,186,535,65.2336
第15任總統副總統,在南投縣各投開票所,南投縣,　仁愛鄉,南豐村,0469,30,459,119,608,3,611,0,611,240,851,71.7979
第15任總統副總統,在南投縣各投開票所,南投縣,　仁愛鄉,南豐村,0470,13,135,106,254,0,254,0,254,111,365,69.5890
第15任總統副總統,在南投縣各投開票所,南投縣,　仁愛鄉,大同村,0471,21,404,188,613,4,617,0,617,258,875,70.5143
第15任總統副總統,在南投縣各投開票所,南投縣,　仁愛鄉,大同村,0472,8,249,65,322,3,325,0,325,120,445,73.0337
第15任總統副總統,在南投縣各投開票所,南投縣,　仁愛鄉,大同村,0473,4,163,63,230,0,230,0,230,66,296,77.7027
第15任總統副總統,在南投縣各投開票所,南投縣,　仁愛鄉,榮興村,0474,2,28,3,33,0,33,0,33,24,57,57.8947
第15任總統副總統,在南投縣各投開票所,南投縣,　仁愛鄉,春陽村,0475,16,496,149,661,3,664,0,664,265,929,71.4747
第15任總統副總統,在南投縣各投開票所,南投縣,　仁愛鄉,精英村,0476,19,337,102,458,7,465,0,465,198,663,70.1357
第15任總統副總統,在南投縣各投開票所,南投縣,　仁愛鄉,都達村,0477,6,329,58,393,4,397,0,397,211,608,65.2961
第15任總統副總統,在南投縣各投開票所,南投縣,　仁愛鄉,合作村,0478,19,279,81,379,2,381,0,381,199,580,65.6897
第15任總統副總統,在南投縣各投開票所,南投縣,　仁愛鄉,發祥村,0479,10,167,57,234,0,234,0,234,139,373,62.7346
第15任總統副總統,在南投縣各投開票所,南投縣,　仁愛鄉,發祥村,0480,8,180,31,219,0,219,0,219,137,356,61.5169
第15任總統副總統,在南投縣各投開票所,南投縣,　仁愛鄉,力行村,0481,8,245,47,300,0,300,0,300,189,489,61.3497
第15任總統副總統,在南投縣各投開票所,南投縣,　仁愛鄉,翠華村,0482,3,133,32,168,4,172,0,172,148,320,53.7500
第15任總統副總統,在南投縣各投開票所,南投縣,　仁愛鄉,翠華村,0483,4,49,29,82,2,84,0,84,87,171,49.1228
第15任總統副總統,在南投縣各投開票所,南投縣,　仁愛鄉,親愛村,0484,9,346,40,395,0,395,0,395,189,584,67.6370
第15任總統副總統,在南投縣各投開票所,南投縣,　仁愛鄉,親愛村,0485,2,185,47,234,4,238,0,238,134,372,63.9785
第15任總統副總統,在南投縣各投開票所,南投縣,　仁愛鄉,親愛村,0486,6,64,22,92,1,93,0,93,40,133,69.9248
第15任總統副總統,在南投縣各投開票所,南投縣,　仁愛鄉,萬豐村,0487,16,291,78,385,3,388,0,388,217,605,64.1322
第15任總統副總統,在南投縣各投開票所,南投縣,　仁愛鄉,法治村,0488,19,355,106,480,6,486,0,486,266,752,64.6277
第15任總統副總統,在南投縣各投開票所,南投縣,　仁愛鄉,中正村,0489,17,458,99,574,7,581,0,581,280,861,67.4797
第15任總統副總統,在南投縣各投開票所,南投縣,　仁愛鄉,互助村,0490,17,399,71,487,7,494,0,494,165,659,74.9621
第15任總統副總統,在南投縣各投開票所,南投縣,　仁愛鄉,互助村,0491,9,252,54,315,3,318,0,318,115,433,73.4411
第15任總統副總統,在南投縣各投開票所,南投縣,　仁愛鄉,新生村,0492,14,244,38,296,1,297,0,297,90,387,76.7442
第15任總統副總統,在屏東縣各投開票所,屏東縣,　屏東市,武廟里、大同里、端正里,0141,24,219,536,779,9,788,0,788,269,1057,74.5506
第15任總統副總統,在屏東縣各投開票所,屏東縣,　屏東市,文明里、泰安里,0142,15,229,264,508,3,511,0,511,157,668,76.4970
第15任總統副總統,在屏東縣各投開票所,屏東縣,　屏東市,光榮里、民權里,0143,29,318,603,950,14,964,0,964,300,1264,76.2658
第15任總統副總統,在屏東縣各投開票所,屏東縣,　屏東市,大埔里、必信里,0144,31,273,642,946,7,953,0,953,301,1254,75.9968
第15任總統副總統,在屏東縣各投開票所,屏東縣,　屏東市,崇智里、崇禮里,0145,20,152,352,524,4,528,0,528,144,672,78.5714
第15任總統副總統,在屏東縣各投開票所,屏東縣,　屏東市,維新里,0146,41,299,616,956,9,965,0,965,370,1335,72.2846
第15任總統副總統,在屏東縣各投開票所,屏東縣,　屏東市,維新里,0147,27,329,609,965,14,979,0,979,315,1294,75.6569
第15任總統副總統,在屏東縣各投開票所,屏東縣,　屏東市,楠樹里、扶風里、慶春里,0148,22,293,636,951,7,958,0,958,239,1197,80.0334
第15任總統副總統,在屏東縣各投開票所,屏東縣,　屏東市,安樂里、平和里,0149,31,262,541,834,4,838,0,838,235,1073,78.0988
第15任總統副總統,在屏東縣各投開票所,屏東縣,　屏東市,金泉里、勝豐里,0150,24,239,546,809,11,820,0,820,208,1028,79.7665
第15任總統副總統,在屏東縣各投開票所,屏東縣,　屏東市,橋南里,0151,14,179,358,551,7,558,0,558,195,753,74.1036
第15任總統副總統,在屏東縣各投開票所,屏東縣,　屏東市,橋南里,0152,14,218,327,559,4,563,0,563,198,761,73.9816
第15任總統副總統,在屏東縣各投開票所,屏東縣,　屏東市,橋北里,0153,15,230,379,624,11,635,0,635,206,841,75.5054
第15任總統副總統,在屏東縣各投開票所,屏東縣,　屏東市,大連里,0154,31,435,540,1006,8,1014,0,1014,283,1297,78.1804
第15任總統副總統,在屏東縣各投開票所,屏東縣,　屏東市,大連里,0155,45,444,548,1037,12,1049,0,1049,300,1349,77.7613
第15任總統副總統,在屏東縣各投開票所,屏東縣,　屏東市,大連里,0156,46,474,546,1066,6,1072,1,1073,294,1367,78.4199
第15任總統副總統,在屏東縣各投開票所,屏東縣,　屏東市,大連里,0157,30,443,461,934,9,943,0,943,285,1228,76.7915
第15任總統副總統,在屏東縣各投開票所,屏東縣,　屏東市,大連里,0158,34,413,534,981,13,994,0,994,234,1228,80.9446
第15任總統副總統,在屏東縣各投開票所,屏東縣,　屏東市,大連里,0159,37,421,540,998,14,1012,0,1012,262,1274,79.4349
第15任總統副總統,在屏東縣各投開票所,屏東縣,　屏東市,大連里,0160,33,411,533,977,12,989,0,989,245,1234,80.1459
第15任總統副總統,在屏東縣各投開票所,屏東縣,　屏東市,豐田里,0161,36,356,557,949,11,960,0,960,313,1273,75.4124
第15任總統副總統,在屏東縣各投開票所,屏東縣,　屏東市,豐田里,0162,42,425,540,1007,7,1014,0,1014,285,1299,78.0600
第15任總統副總統,在屏東縣各投開票所,屏東縣,　屏東市,豐田里,0163,33,384,539,956,12,968,0,968,359,1327,72.9465
第15任總統副總統,在屏東縣各投開票所,屏東縣,　屏東市,豐榮里,0164,32,396,543,971,6,977,0,977,244,1221,80.0164
第15任總統副總統,在屏東縣各投開票所,屏東縣,　屏東市,豐榮里,0165,25,350,598,973,7,980,0,980,252,1232,79.5455
第15任總統副總統,在屏東縣各投開票所,屏東縣,　屏東市,豐源里,0166,30,386,394,810,12,822,0,822,222,1044,78.7356
第15任總統副總統,在屏東縣各投開票所,屏東縣,　屏東市,豐源里,0167,23,365,493,881,12,893,0,893,222,1115,80.0897
第15任總統副總統,在屏東縣各投開票所,屏東縣,　屏東市,豐源里,0168,23,407,544,974,10,984,0,984,295,1279,76.9351
第15任總統副總統,在屏東縣各投開票所,屏東縣,　屏東市,長春里,0169,22,240,410,672,12,684,0,684,236,920,74.3478
第15任總統副總統,在屏東縣各投開票所,屏東縣,　屏東市,長春里,0170,22,284,392,698,7,705,0,705,197,902,78.1596
第15任總統副總統,在屏東縣各投開票所,屏東縣,　屏東市,瑞光里,0171,38,404,619,1061,15,1076,0,1076,359,1435,74.9826
第15任總統副總統,在屏東縣各投開票所,屏東縣,　屏東市,瑞光里,0172,38,421,589,1048,15,1063,0,1063,305,1368,77.7047
第15任總統副總統,在屏東縣各投開票所,屏東縣,　屏東市,瑞光里,0173,39,443,594,1076,13,1089,0,1089,343,1432,76.0475
第15任總統副總統,在屏東縣各投開票所,屏東縣,　屏東市,瑞光里,0174,40,405,525,970,7,977,0,977,411,1388,70.3890
第15任總統副總統,在屏東縣各投開票所,屏東縣,　屏東市,瑞光里,0175,30,416,603,1049,8,1057,0,1057,331,1388,76.1527
第15任總統副總統,在屏東縣各投開票所,屏東縣,　屏東市,湖南里,0176,20,164,605,789,5,794,0,794,224,1018,77.9961
第15任總統副總統,在屏東縣各投開票所,屏東縣,　屏東市,湖西里,0177,19,260,862,1141,14,1155,0,1155,337,1492,77.4129
第15任總統副總統,在屏東縣各投開票所,屏東縣,　屏東市,歸心里,0178,25,163,623,811,4,815,0,815,268,1083,75.2539
第15任總統副總統,在屏東縣各投開票所,屏東縣,　屏東市,清溪里,0179,27,324,573,924,5,929,0,929,303,1232,75.4058
第15任總統副總統,在屏東縣各投開票所,屏東縣,　屏東市,清溪里,0180,38,444,581,1063,6,1069,0,1069,346,1415,75.5477
第15任總統副總統,在屏東縣各投開票所,屏東縣,　屏東市,清溪里,0181,30,395,561,986,9,995,0,995,275,1270,78.3465
第15任總統副總統,在屏東縣各投開票所,屏東縣,　屏東市,大武里,0182,22,401,506,929,7,936,0,936,292,1228,76.2215
第15任總統副總統,在屏東縣各投開票所,屏東縣,　屏東市,大武里,0183,29,361,544,934,4,938,0,938,333,1271,73.8002
第15任總統副總統,在屏東縣各投開票所,屏東縣,　屏東市,大武里,0184,28,348,614,990,9,999,0,999,374,1373,72.7604
第15任總統副總統,在屏東縣各投開票所,屏東縣,　屏東市,大武里,0185,33,339,637,1009,8,1017,0,1017,356,1373,74.0714
第15任總統副總統,在屏東縣各投開票所,屏東縣,　屏東市,大武里,0186,28,448,578,1054,9,1063,0,1063,299,1362,78.0470
第15任總統副總統,在屏東縣各投開票所,屏東縣,　屏東市,大武里,0187,38,385,581,1004,10,1014,0,1014,305,1319,76.8764
第15任總統副總統,在屏東縣各投開票所,屏東縣,　屏東市,崇武里,0188,35,717,228,980,14,994,0,994,344,1338,74.2900
第15任總統副總統,在屏東縣各投開票所,屏東縣,　屏東市,崇武里,0189,54,631,438,1123,5,1128,0,1128,344,1472,76.6304
第15任總統副總統,在屏東縣各投開票所,屏東縣,　屏東市,凌雲里、鵬程里,0190,12,169,241,422,2,424,0,424,157,581,72.9776
第15任總統副總統,在屏東縣各投開票所,屏東縣,　屏東市,永順里、永昌里,0191,16,165,205,386,5,391,0,391,125,516,75.7752
第15任總統副總統,在屏東縣各投開票所,屏東縣,　屏東市,安鎮里,0192,18,162,506,686,12,698,0,698,217,915,76.2842
第15任總統副總統,在屏東縣各投開票所,屏東縣,　屏東市,安鎮里,0193,21,224,525,770,7,777,0,777,261,1038,74.8555
第15任總統副總統,在屏東縣各投開票所,屏東縣,　屏東市,永光里,0194,17,265,485,767,5,772,0,772,242,1014,76.1341
第15任總統副總統,在屏東縣各投開票所,屏東縣,　屏東市,長安里,0195,21,196,517,734,5,739,0,739,281,1020,72.4510
第15任總統副總統,在屏東縣各投開票所,屏東縣,　屏東市,長安里,0196,32,176,425,633,7,640,0,640,212,852,75.1174
第15任總統副總統,在屏東縣各投開票所,屏東縣,　屏東市,前進里,0197,35,323,708,1066,9,1075,0,1075,341,1416,75.9181
第15任總統副總統,在屏東縣各投開票所,屏東縣,　屏東市,前進里,0198,34,292,751,1077,7,1084,0,1084,346,1430,75.8042
第15任總統副總統,在屏東縣各投開票所,屏東縣,　屏東市,大洲里,0199,21,191,692,904,11,915,0,915,244,1159,78.9474
第15任總統副總統,在屏東縣各投開票所,屏東縣,　屏東市,新興里,0200,24,230,755,1009,7,1016,0,1016,223,1239,82.0016
第15任總統副總統,在屏東縣各投開票所,屏東縣,　屏東市,新興里,0201,38,292,536,866,2,868,0,868,295,1163,74.6346
第15任總統副總統,在屏東縣各投開票所,屏東縣,　屏東市,公館里,0202,35,298,806,1139,14,1153,0,1153,328,1481,77.8528
第15任總統副總統,在屏東縣各投開票所,屏東縣,　屏東市,新生里,0203,25,367,715,1107,12,1119,0,1119,332,1451,77.1192
第15任總統副總統,在屏東縣各投開票所,屏東縣,　屏東市,新生里,0204,31,323,674,1028,8,1036,0,1036,331,1367,75.7864
第15任總統副總統,在屏東縣各投開票所,屏東縣,　屏東市,新生里,0205,28,254,401,683,9,692,0,692,250,942,73.4607
第15任總統副總統,在屏東縣各投開票所,屏東縣,　屏東市,新生里,0206,46,509,637,1192,17,1209,0,1209,331,1540,78.5065
第15任總統副總統,在屏東縣各投開票所,屏東縣,　屏東市,頂宅里,0207,15,80,288,383,3,386,0,386,116,502,76.8924
第15任總統副總統,在屏東縣各投開票所,屏東縣,　屏東市,頂柳里,0208,20,206,583,809,13,822,0,822,258,1080,76.1111
第15任總統副總統,在屏東縣各投開票所,屏東縣,　屏東市,大湖里,0209,22,198,391,611,12,623,0,623,227,850,73.2941
第15任總統副總統,在屏東縣各投開票所,屏東縣,　屏東市,大湖里,0210,14,154,486,654,8,662,0,662,223,885,74.8023
第15任總統副總統,在屏東縣各投開票所,屏東縣,　屏東市,龍華里,0211,18,264,640,922,14,936,0,936,271,1207,77.5476
第15任總統副總統,在屏東縣各投開票所,屏東縣,　屏東市,龍華里,0212,23,218,492,733,9,742,0,742,265,1007,73.6842
第15任總統副總統,在屏東縣各投開票所,屏東縣,　屏東市,玉成里,0213,21,234,861,1116,17,1133,0,1133,292,1425,79.5088
第15任總統副總統,在屏東縣各投開票所,屏東縣,　屏東市,擇仁里,0214,7,187,389,583,5,588,0,588,232,820,71.7073
第15任總統副總統,在屏東縣各投開票所,屏東縣,　屏東市,建國里,0215,22,265,366,653,3,656,0,656,227,883,74.2922
第15任總統副總統,在屏東縣各投開票所,屏東縣,　屏東市,萬年里,0216,16,145,324,485,6,491,0,491,181,672,73.0655
第15任總統副總統,在屏東縣各投開票所,屏東縣,　屏東市,厚生里,0217,28,262,631,921,8,929,0,929,271,1200,77.4167
第15任總統副總統,在屏東縣各投開票所,屏東縣,　屏東市,厚生里,0218,23,345,780,1148,18,1166,0,1166,418,1584,73.6111
第15任總統副總統,在屏東縣各投開票所,屏東縣,　屏東市,一心里,0219,33,380,474,887,9,896,0,896,256,1152,77.7778
第15任總統副總統,在屏東縣各投開票所,屏東縣,　屏東市,義勇里,0220,32,422,412,866,8,874,0,874,210,1084,80.6273
第15任總統副總統,在屏東縣各投開票所,屏東縣,　屏東市,光華里,0221,24,152,285,461,4,465,0,465,200,665,69.9248
第15任總統副總統,在屏東縣各投開票所,屏東縣,　屏東市,永安里,0222,30,303,626,959,10,969,0,969,325,1294,74.8841
第15任總統副總統,在屏東縣各投開票所,屏東縣,　屏東市,永安里,0223,29,368,632,1029,9,1038,0,1038,383,1421,73.0471
第15任總統副總統,在屏東縣各投開票所,屏東縣,　屏東市,永安里,0224,32,401,640,1073,6,1079,1,1080,315,1395,77.3477
第15任總統副總統,在屏東縣各投開票所,屏東縣,　屏東市,永安里,0225,32,337,603,972,11,983,0,983,346,1329,73.9654
第15任總統副總統,在屏東縣各投開票所,屏東縣,　屏東市,永安里,0226,42,449,680,1171,12,1183,0,1183,340,1523,77.6756
第15任總統副總統,在屏東縣各投開票所,屏東縣,　屏東市,崇蘭里,0227,11,309,276,596,8,604,0,604,165,769,78.5436
第15任總統副總統,在屏東縣各投開票所,屏東縣,　屏東市,崇蘭里,0228,32,353,537,922,7,929,0,929,289,1218,76.2726
第15任總統副總統,在屏東縣各投開票所,屏東縣,　屏東市,崇蘭里,0229,30,386,514,930,12,942,0,942,309,1251,75.2998
第15任總統副總統,在屏東縣各投開票所,屏東縣,　屏東市,崇蘭里,0230,35,508,436,979,5,984,0,984,305,1289,76.3382
第15任總統副總統,在屏東縣各投開票所,屏東縣,　屏東市,崇蘭里,0231,46,410,444,900,5,905,0,905,277,1182,76.5651
第15任總統副總統,在屏東縣各投開票所,屏東縣,　屏東市,崇蘭里,0232,20,305,346,671,7,678,0,678,187,865,78.3815
第15任總統副總統,在屏東縣各投開票所,屏東縣,　屏東市,崇蘭里,0233,30,529,472,1031,8,1039,0,1039,319,1358,76.5096
第15任總統副總統,在屏東縣各投開票所,屏東縣,　屏東市,崇蘭里,0234,36,476,498,1010,8,1018,0,1018,250,1268,80.2839
第15任總統副總統,在屏東縣各投開票所,屏東縣,　屏東市,崇蘭里,0235,46,475,434,955,20,975,0,975,285,1260,77.3810
第15任總統副總統,在屏東縣各投開票所,屏東縣,　屏東市,崇蘭里,0236,37,477,426,940,10,950,0,950,284,1234,76.9854
第15任總統副總統,在屏東縣各投開票所,屏東縣,　屏東市,潭墘里,0237,30,510,455,995,9,1004,0,1004,405,1409,71.2562
第15任總統副總統,在屏東縣各投開票所,屏東縣,　屏東市,潭墘里,0238,18,449,405,872,9,881,0,881,298,1179,74.7243
第15任總統副總統,在屏東縣各投開票所,屏東縣,　屏東市,潭墘里,0239,26,437,463,926,7,933,0,933,351,1284,72.6636
第15任總統副總統,在屏東縣各投開票所,屏東縣,　屏東市,潭墘里,0240,30,464,420,914,7,921,0,921,348,1269,72.5768
第15任總統副總統,在屏東縣各投開票所,屏東縣,　屏東市,潭墘里,0241,38,508,511,1057,11,1068,0,1068,368,1436,74.3733
第15任總統副總統,在屏東縣各投開票所,屏東縣,　屏東市,潭墘里,0242,19,276,256,551,7,558,0,558,212,770,72.4675
第15任總統副總統,在屏東縣各投開票所,屏東縣,　屏東市,潭墘里,0243,47,618,596,1261,14,1275,0,1275,471,1746,73.0241
第15任總統副總統,在屏東縣各投開票所,屏東縣,　屏東市,潭墘里,0244,15,291,259,565,9,574,0,574,173,747,76.8407
第15任總統副總統,在屏東縣各投開票所,屏東縣,　屏東市,潭墘里,0245,31,492,542,1065,9,1074,0,1074,342,1416,75.8475
第15任總統副總統,在屏東縣各投開票所,屏東縣,　屏東市,永城里,0246,17,245,339,601,7,608,0,608,200,808,75.2475
第15任總統副總統,在屏東縣各投開票所,屏東縣,　屏東市,永城里,0247,23,304,440,767,13,780,0,780,314,1094,71.2980
第15任總統副總統,在屏東縣各投開票所,屏東縣,　屏東市,空翔里,0248,21,364,213,598,7,605,0,605,210,815,74.2331
第15任總統副總統,在屏東縣各投開票所,屏東縣,　屏東市,空翔里,0249,20,429,203,652,2,654,0,654,201,855,76.4912
第15任總統副總統,在屏東縣各投開票所,屏東縣,　屏東市,廣興里,0250,24,266,583,873,6,879,0,879,247,1126,78.0639
第15任總統副總統,在屏東縣各投開票所,屏東縣,　屏東市,廣興里,0251,24,320,344,688,3,691,0,691,241,932,74.1416
第15任總統副總統,在屏東縣各投開票所,屏東縣,　屏東市,勝利里,0252,32,372,395,799,8,807,0,807,862,1669,48.3523
第15任總統副總統,在屏東縣各投開票所,屏東縣,　屏東市,勝利里,0253,45,510,560,1115,6,1121,0,1121,325,1446,77.5242
第15任總統副總統,在屏東縣各投開票所,屏東縣,　屏東市,勝利里,0254,32,326,488,846,4,850,0,850,251,1101,77.2025
第15任總統副總統,在屏東縣各投開票所,屏東縣,　屏東市,勝利里,0255,24,441,419,884,10,894,0,894,269,1163,76.8702
第15任總統副總統,在屏東縣各投開票所,屏東縣,　屏東市,斯文里,0256,19,247,336,602,5,607,0,607,197,804,75.4975
第15任總統副總統,在屏東縣各投開票所,屏東縣,　屏東市,斯文里,0257,26,280,331,637,6,643,1,644,177,821,78.3191
第15任總統副總統,在屏東縣各投開票所,屏東縣,　屏東市,華山里,0258,28,388,523,939,6,945,0,945,248,1193,79.2121
第15任總統副總統,在屏東縣各投開票所,屏東縣,　屏東市,華山里,0259,26,303,440,769,4,773,0,773,249,1022,75.6360
第15任總統副總統,在屏東縣各投開票所,屏東縣,　屏東市,華山里,0260,28,418,477,923,10,933,0,933,279,1212,76.9802
第15任總統副總統,在屏東縣各投開票所,屏東縣,　屏東市,華山里,0261,27,468,469,964,15,979,0,979,249,1228,79.7231
第15任總統副總統,在屏東縣各投開票所,屏東縣,　屏東市,溝美里,0262,17,313,494,824,11,835,0,835,310,1145,72.9258
第15任總統副總統,在屏東縣各投開票所,屏東縣,　屏東市,溝美里,0263,28,346,406,780,6,786,0,786,285,1071,73.3894
第15任總統副總統,在屏東縣各投開票所,屏東縣,　屏東市,三山里,0264,20,289,694,1003,2,1005,0,1005,297,1302,77.1889
第15任總統副總統,在屏東縣各投開票所,屏東縣,　屏東市,海豐里,0265,16,175,488,679,2,681,0,681,155,836,81.4593
第15任總統副總統,在屏東縣各投開票所,屏東縣,　屏東市,仁義里,0266,17,224,556,797,7,804,0,804,273,1077,74.6518
第15任總統副總統,在屏東縣各投開票所,屏東縣,　屏東市,北興里,0267,37,336,493,866,11,877,0,877,318,1195,73.3891
第15任總統副總統,在屏東縣各投開票所,屏東縣,　屏東市,北興里,0268,38,449,525,1012,13,1025,0,1025,310,1335,76.7790
第15任總統副總統,在屏東縣各投開票所,屏東縣,　屏東市,北興里,0269,26,375,495,896,11,907,0,907,279,1186,76.4755
第15任總統副總統,在屏東縣各投開票所,屏東縣,　屏東市,北興里,0270,24,352,454,830,8,838,0,838,254,1092,76.7399
第15任總統副總統,在屏東縣各投開票所,屏東縣,　屏東市,北興里,0271,27,330,471,828,6,834,0,834,223,1057,78.9026
第15任總統副總統,在屏東縣各投開票所,屏東縣,　屏東市,北勢里,0272,29,370,560,959,9,968,0,968,259,1227,78.8916
第15任總統副總統,在屏東縣各投開票所,屏東縣,　屏東市,北勢里,0273,24,278,480,782,3,785,0,785,258,1043,75.2637
第15任總統副總統,在屏東縣各投開票所,屏東縣,　屏東市,中正里,0274,25,379,446,850,12,862,0,862,237,1099,78.4349
第15任總統副總統,在屏東縣各投開票所,屏東縣,　屏東市,中正里,0275,33,340,438,811,11,822,0,822,285,1107,74.2547
第15任總統副總統,在屏東縣各投開票所,屏東縣,　屏東市,中正里,0276,43,384,500,927,7,934,0,934,256,1190,78.4874
第15任總統副總統,在屏東縣各投開票所,屏東縣,　屏東市,中正里,0277,32,357,425,814,9,823,0,823,251,1074,76.6294
第15任總統副總統,在屏東縣各投開票所,屏東縣,　屏東市,興樂里,0278,12,231,315,558,5,563,1,564,161,725,77.6552
第15任總統副總統,在屏東縣各投開票所,屏東縣,　屏東市,明正里,0279,15,202,271,488,6,494,0,494,165,659,74.9621
第15任總統副總統,在屏東縣各投開票所,屏東縣,　屏東市,太平里,0280,13,197,283,493,5,498,0,498,146,644,77.3292
第15任總統副總統,在屏東縣各投開票所,屏東縣,　屏東市,信和里,0281,30,261,841,1132,17,1149,0,1149,363,1512,75.9921
第15任總統副總統,在屏東縣各投開票所,屏東縣,　屏東市,和興里,0282,16,170,496,682,10,692,0,692,234,926,74.7300
第15任總統副總統,在屏東縣各投開票所,屏東縣,　屏東市,仁愛里,0283,22,277,452,751,6,757,0,757,227,984,76.9309
第15任總統副總統,在屏東縣各投開票所,屏東縣,　屏東市,仁愛里,0284,27,338,494,859,9,868,0,868,251,1119,77.5693
第15任總統副總統,在屏東縣各投開票所,屏東縣,　潮州鎮,潮州里,0406,12,152,199,363,5,368,0,368,115,483,76.1905
第15任總統副總統,在屏東縣各投開票所,屏東縣,　潮州鎮,光華里,0407,18,223,443,684,6,690,0,690,234,924,74.6753
第15任總統副總統,在屏東縣各投開票所,屏東縣,　潮州鎮,光華里,0408,19,241,364,624,4,628,0,628,281,909,69.0869
第15任總統副總統,在屏東縣各投開票所,屏東縣,　潮州鎮,光華里,0409,20,261,435,716,8,724,0,724,237,961,75.3382
第15任總統副總統,在屏東縣各投開票所,屏東縣,　潮州鎮,光華里,0410,29,232,422,683,8,691,0,691,216,907,76.1852
第15任總統副總統,在屏東縣各投開票所,屏東縣,　潮州鎮,光華里,0411,20,271,346,637,4,641,0,641,267,908,70.5947
第15任總統副總統,在屏東縣各投開票所,屏東縣,　潮州鎮,同榮里,0412,7,141,327,475,3,478,0,478,103,581,82.2719
第15任總統副總統,在屏東縣各投開票所,屏東縣,　潮州鎮,彭城里,0413,13,162,491,666,3,669,0,669,189,858,77.9720
第15任總統副總統,在屏東縣各投開票所,屏東縣,　潮州鎮,三星里,0414,29,363,562,954,11,965,0,965,277,1242,77.6973
第15任總統副總統,在屏東縣各投開票所,屏東縣,　潮州鎮,三星里,0415,22,459,683,1164,15,1179,0,1179,403,1582,74.5259
第15任總統副總統,在屏東縣各投開票所,屏東縣,　潮州鎮,三星里,0416,23,346,544,913,10,923,0,923,271,1194,77.3032
第15任總統副總統,在屏東縣各投開票所,屏東縣,　潮州鎮,三星里,0417,36,361,497,894,11,905,0,905,256,1161,77.9500
第15任總統副總統,在屏東縣各投開票所,屏東縣,　潮州鎮,三共里,0418,27,305,549,881,4,885,0,885,265,1150,76.9565
第15任總統副總統,在屏東縣各投開票所,屏東縣,　潮州鎮,三共里,0419,35,354,544,933,13,946,0,946,322,1268,74.6057
第15任總統副總統,在屏東縣各投開票所,屏東縣,　潮州鎮,三共里,0420,25,361,644,1030,18,1048,0,1048,347,1395,75.1254
第15任總統副總統,在屏東縣各投開票所,屏東縣,　潮州鎮,三共里,0421,21,307,502,830,4,834,0,834,251,1085,76.8664
第15任總統副總統,在屏東縣各投開票所,屏東縣,　潮州鎮,三共里,0422,34,388,656,1078,6,1084,0,1084,306,1390,77.9856
第15任總統副總統,在屏東縣各投開票所,屏東縣,　潮州鎮,三和里,0423,19,244,351,614,10,624,0,624,233,857,72.8121
第15任總統副總統,在屏東縣各投開票所,屏東縣,　潮州鎮,三和里,0424,28,350,534,912,8,920,0,920,269,1189,77.3759
第15任總統副總統,在屏東縣各投開票所,屏東縣,　潮州鎮,九塊里,0425,26,223,570,819,7,826,0,826,314,1140,72.4561
第15任總統副總統,在屏東縣各投開票所,屏東縣,　潮州鎮,九塊里,0426,7,75,272,354,1,355,0,355,118,473,75.0529
第15任總統副總統,在屏東縣各投開票所,屏東縣,　潮州鎮,新生里,0427,20,242,465,727,4,731,0,731,237,968,75.5165
第15任總統副總統,在屏東縣各投開票所,屏東縣,　潮州鎮,新榮里,0428,16,323,592,931,10,941,0,941,280,1221,77.0680
第15任總統副總統,在屏東縣各投開票所,屏東縣,　潮州鎮,五魁里,0429,38,324,637,999,5,1004,0,1004,346,1350,74.3704
第15任總統副總統,在屏東縣各投開票所,屏東縣,　潮州鎮,蓬萊里,0430,26,341,577,944,7,951,0,951,273,1224,77.6961
第15任總統副總統,在屏東縣各投開票所,屏東縣,　潮州鎮,蓬萊里,0431,14,190,563,767,4,771,0,771,299,1070,72.0561
第15任總統副總統,在屏東縣各投開票所,屏東縣,　潮州鎮,八爺里,0432,21,313,567,901,10,911,0,911,326,1237,73.6459
第15任總統副總統,在屏東縣各投開票所,屏東縣,　潮州鎮,八爺里,0433,20,266,480,766,5,771,0,771,271,1042,73.9923
第15任總統副總統,在屏東縣各投開票所,屏東縣,　潮州鎮,永春里,0434,20,250,553,823,10,833,0,833,259,1092,76.2821
第15任總統副總統,在屏東縣各投開票所,屏東縣,　潮州鎮,永春里,0435,29,328,529,886,8,894,0,894,320,1214,73.6409
第15任總統副總統,在屏東縣各投開票所,屏東縣,　潮州鎮,永春里,0436,36,313,483,832,5,837,0,837,321,1158,72.2798
第15任總統副總統,在屏東縣各投開票所,屏東縣,　潮州鎮,永春里,0437,36,270,510,816,8,824,0,824,245,1069,77.0814
第15任總統副總統,在屏東縣各投開票所,屏東縣,　潮州鎮,永春里,0438,21,301,534,856,11,867,0,867,273,1140,76.0526
第15任總統副總統,在屏東縣各投開票所,屏東縣,　潮州鎮,永春里,0439,18,335,503,856,4,860,0,860,316,1176,73.1293
第15任總統副總統,在屏東縣各投開票所,屏東縣,　潮州鎮,富春里,0440,23,335,488,846,4,850,0,850,302,1152,73.7847
第15任總統副總統,在屏東縣各投開票所,屏東縣,　潮州鎮,光春里,0441,31,323,663,1017,5,1022,0,1022,359,1381,74.0043
第15任總統副總統,在屏東縣各投開票所,屏東縣,　潮州鎮,興美里,0442,16,188,443,647,2,649,0,649,213,862,75.2900
第15任總統副總統,在屏東縣各投開票所,屏東縣,　潮州鎮,檨子里,0443,11,94,185,290,1,291,0,291,150,441,65.9864
第15任總統副總統,在屏東縣各投開票所,屏東縣,　潮州鎮,泗林里,0444,19,206,452,677,10,687,0,687,196,883,77.8029
第15任總統副總統,在屏東縣各投開票所,屏東縣,　潮州鎮,泗林里,0445,10,149,396,555,6,561,0,561,153,714,78.5714
第15任總統副總統,在屏東縣各投開票所,屏東縣,　潮州鎮,四春里,0446,9,162,445,616,8,624,0,624,167,791,78.8875
第15任總統副總統,在屏東縣各投開票所,屏東縣,　潮州鎮,四春里,0447,15,176,458,649,5,654,0,654,241,895,73.0726
第15任總統副總統,在屏東縣各投開票所,屏東縣,　潮州鎮,崙東里,0448,25,247,529,801,11,812,0,812,341,1153,70.4250
第15任總統副總統,在屏東縣各投開票所,屏東縣,　潮州鎮,崙東里,0449,6,48,206,260,4,264,0,264,70,334,79.0419
第15任總統副總統,在屏東縣各投開票所,屏東縣,　東港鎮,新勝里,0524,28,216,483,727,8,735,0,735,200,935,78.6096
第15任總統副總統,在屏東縣各投開票所,屏東縣,　東港鎮,新勝里,0525,20,230,579,829,6,835,0,835,200,1035,80.6763
第15任總統副總統,在屏東縣各投開票所,屏東縣,　東港鎮,頂新里,0526,10,121,239,370,2,372,0,372,102,474,78.4810
第15任總統副總統,在屏東縣各投開票所,屏東縣,　東港鎮,頂中里,0527,9,82,211,302,6,308,0,308,70,378,81.4815
第15任總統副總統,在屏東縣各投開票所,屏東縣,　東港鎮,東和里,0528,14,148,299,461,4,465,0,465,162,627,74.1627
第15任總統副總統,在屏東縣各投開票所,屏東縣,　東港鎮,興台里,0529,12,115,254,381,5,386,0,386,107,493,78.2961
第15任總統副總統,在屏東縣各投開票所,屏東縣,　東港鎮,興東里,0530,30,362,830,1222,11,1233,0,1233,423,1656,74.4565
第15任總統副總統,在屏東縣各投開票所,屏東縣,　東港鎮,興東里,0531,37,490,887,1414,12,1426,0,1426,409,1835,77.7112
第15任總統副總統,在屏東縣各投開票所,屏東縣,　東港鎮,興東里,0532,33,276,598,907,10,917,0,917,321,1238,74.0711
第15任總統副總統,在屏東縣各投開票所,屏東縣,　東港鎮,興東里,0533,35,284,629,948,13,961,0,961,309,1270,75.6693
第15任總統副總統,在屏東縣各投開票所,屏東縣,　東港鎮,興東里,0534,19,265,626,910,12,922,0,922,262,1184,77.8716
第15任總統副總統,在屏東縣各投開票所,屏東縣,　東港鎮,興東里,0535,42,349,798,1189,7,1196,0,1196,339,1535,77.9153
第15任總統副總統,在屏東縣各投開票所,屏東縣,　東港鎮,興農里,0536,15,303,685,1003,11,1014,0,1014,270,1284,78.9720
第15任總統副總統,在屏東縣各投開票所,屏東縣,　東港鎮,中興里,0537,15,162,322,499,6,505,0,505,148,653,77.3354
第15任總統副總統,在屏東縣各投開票所,屏東縣,　東港鎮,朝安里,0538,20,221,569,810,4,814,0,814,216,1030,79.0291
第15任總統副總統,在屏東縣各投開票所,屏東縣,　東港鎮,朝安里,0539,9,73,296,378,1,379,0,379,160,539,70.3154
第15任總統副總統,在屏東縣各投開票所,屏東縣,　東港鎮,八德里,0540,14,167,391,572,7,579,0,579,192,771,75.0973
第15任總統副總統,在屏東縣各投開票所,屏東縣,　東港鎮,東隆里,0541,24,230,572,826,16,842,0,842,303,1145,73.5371
第15任總統副總統,在屏東縣各投開票所,屏東縣,　東港鎮,豐漁里,0542,10,114,321,445,5,450,0,450,124,574,78.3972
第15任總統副總統,在屏東縣各投開票所,屏東縣,　東港鎮,盛漁里,0543,23,202,712,937,9,946,0,946,362,1308,72.3242
第15任總統副總統,在屏東縣各投開票所,屏東縣,　東港鎮,興漁里,0544,23,131,375,529,4,533,0,533,172,705,75.6028
第15任總統副總統,在屏東縣各投開票所,屏東縣,　東港鎮,興漁里,0545,21,158,610,789,13,802,0,802,260,1062,75.5179
第15任總統副總統,在屏東縣各投開票所,屏東縣,　東港鎮,鎮海里,0546,20,229,623,872,11,883,0,883,268,1151,76.7159
第15任總統副總統,在屏東縣各投開票所,屏東縣,　東港鎮,鎮海里,0547,27,226,936,1189,9,1198,0,1198,382,1580,75.8228
第15任總統副總統,在屏東縣各投開票所,屏東縣,　東港鎮,嘉蓮里,0548,17,140,427,584,1,585,0,585,197,782,74.8082
第15任總統副總統,在屏東縣各投開票所,屏東縣,　東港鎮,嘉蓮里,0549,11,195,444,650,8,658,0,658,218,876,75.1142
第15任總統副總統,在屏東縣各投開票所,屏東縣,　東港鎮,南平里,0550,5,121,192,318,2,320,0,320,93,413,77.4818
第15任總統副總統,在屏東縣各投開票所,屏東縣,　東港鎮,南平里,0551,12,315,533,860,9,869,0,869,289,1158,75.0432
第15任總統副總統,在屏東縣各投開票所,屏東縣,　東港鎮,船頭里,0552,24,272,670,966,11,977,0,977,285,1262,77.4168
第15任總統副總統,在屏東縣各投開票所,屏東縣,　東港鎮,船頭里,0553,28,280,634,942,8,950,0,950,312,1262,75.2773
第15任總統副總統,在屏東縣各投開票所,屏東縣,　東港鎮,船頭里,0554,23,362,666,1051,9,1060,0,1060,320,1380,76.8116
第15任總統副總統,在屏東縣各投開票所,屏東縣,　東港鎮,船頭里,0555,23,254,669,946,10,956,0,956,336,1292,73.9938
第15任總統副總統,在屏東縣各投開票所,屏東縣,　東港鎮,下廍里,0556,12,146,762,920,6,926,0,926,259,1185,78.1435
第15任總統副總統,在屏東縣各投開票所,屏東縣,　東港鎮,下廍里,0557,14,118,415,547,9,556,0,556,181,737,75.4410
第15任總統副總統,在屏東縣各投開票所,屏東縣,　東港鎮,大潭里,0558,20,168,397,585,2,587,0,587,203,790,74.3038
第15任總統副總統,在屏東縣各投開票所,屏東縣,　東港鎮,大潭里,0559,16,144,356,516,3,519,0,519,212,731,70.9986
第15任總統副總統,在屏東縣各投開票所,屏東縣,　東港鎮,興和里,0560,12,159,618,789,8,797,0,797,245,1042,76.4875
第15任總統副總統,在屏東縣各投開票所,屏東縣,　東港鎮,共和里,0561,27,341,160,528,5,533,0,533,177,710,75.0704
第15任總統副總統,在屏東縣各投開票所,屏東縣,　恆春鎮,城南里,0668,18,293,305,616,5,621,0,621,285,906,68.5430
第15任總統副總統,在屏東縣各投開票所,屏東縣,　恆春鎮,城北里,0669,11,174,298,483,5,488,0,488,215,703,69.4168
第15任總統副總統,在屏東縣各投開票所,屏東縣,　恆春鎮,城北里,0670,18,242,254,514,6,520,0,520,223,743,69.9865
第15任總統副總統,在屏東縣各投開票所,屏東縣,　恆春鎮,城北里,0671,10,220,258,488,1,489,0,489,234,723,67.6349
第15任總統副總統,在屏東縣各投開票所,屏東縣,　恆春鎮,城西里,0672,22,332,413,767,8,775,0,775,334,1109,69.8828
第15任總統副總統,在屏東縣各投開票所,屏東縣,　恆春鎮,網紗里,0673,24,274,350,648,4,652,0,652,356,1008,64.6825
第15任總統副總統,在屏東縣各投開票所,屏東縣,　恆春鎮,網紗里,0674,16,277,367,660,4,664,0,664,314,978,67.8937
第15任總統副總統,在屏東縣各投開票所,屏東縣,　恆春鎮,網紗里,0675,5,258,393,656,4,660,0,660,321,981,67.2783
第15任總統副總統,在屏東縣各投開票所,屏東縣,　恆春鎮,仁壽里,0676,18,210,302,530,4,534,0,534,330,864,61.8056
第15任總統副總統,在屏東縣各投開票所,屏東縣,　恆春鎮,茄湖里,0677,3,93,229,325,0,325,0,325,184,509,63.8507
第15任總統副總統,在屏東縣各投開票所,屏東縣,　恆春鎮,頭溝里,0678,6,101,194,301,3,304,0,304,165,469,64.8188
第15任總統副總統,在屏東縣各投開票所,屏東縣,　恆春鎮,四溝里,0679,15,195,432,642,7,649,0,649,347,996,65.1606
第15任總統副總統,在屏東縣各投開票所,屏東縣,　恆春鎮,德和里,0680,15,177,384,576,2,578,0,578,292,870,66.4368
第15任總統副總統,在屏東縣各投開票所,屏東縣,　恆春鎮,龍水里,0681,14,244,400,658,8,666,0,666,386,1052,63.3080
第15任總統副總統,在屏東縣各投開票所,屏東縣,　恆春鎮,山海里,0682,10,132,324,466,8,474,0,474,281,755,62.7815
第15任總統副總統,在屏東縣各投開票所,屏東縣,　恆春鎮,山海里,0683,3,158,312,473,4,477,0,477,295,772,61.7876
第15任總統副總統,在屏東縣各投開票所,屏東縣,　恆春鎮,大光里,0684,11,318,352,681,4,685,0,685,378,1063,64.4403
第15任總統副總統,在屏東縣各投開票所,屏東縣,　恆春鎮,大光里,0685,15,303,339,657,10,667,0,667,429,1096,60.8577
第15任總統副總統,在屏東縣各投開票所,屏東縣,　恆春鎮,水泉里,0686,18,157,239,414,6,420,0,420,236,656,64.0244
第15任總統副總統,在屏東縣各投開票所,屏東縣,　恆春鎮,水泉里,0687,6,142,272,420,4,424,0,424,273,697,60.8321
第15任總統副總統,在屏東縣各投開票所,屏東縣,　恆春鎮,山腳里,0688,15,302,396,713,6,719,0,719,319,1038,69.2678
第15任總統副總統,在屏東縣各投開票所,屏東縣,　恆春鎮,山腳里,0689,14,269,342,625,1,626,0,626,373,999,62.6627
第15任總統副總統,在屏東縣各投開票所,屏東縣,　恆春鎮,山腳里,0690,17,324,355,696,6,702,0,702,313,1015,69.1626
第15任總統副總統,在屏東縣各投開票所,屏東縣,　恆春鎮,山腳里,0691,20,259,354,633,3,636,0,636,377,1013,62.7838
第15任總統副總統,在屏東縣各投開票所,屏東縣,　恆春鎮,南灣里,0692,12,215,282,509,7,516,0,516,269,785,65.7325
第15任總統副總統,在屏東縣各投開票所,屏東縣,　恆春鎮,南灣里,0693,17,243,275,535,5,540,0,540,282,822,65.6934
第15任總統副總統,在屏東縣各投開票所,屏東縣,　恆春鎮,墾丁里,0694,8,206,234,448,1,449,0,449,144,593,75.7167
第15任總統副總統,在屏東縣各投開票所,屏東縣,　恆春鎮,墾丁里,0695,11,182,237,430,4,434,0,434,173,607,71.4992
第15任總統副總統,在屏東縣各投開票所,屏東縣,　恆春鎮,鵝鑾里,0696,12,320,381,713,6,719,0,719,359,1078,66.6976
第15任總統副總統,在屏東縣各投開票所,屏東縣,　萬丹鄉,香社村,0325,32,325,808,1165,13,1178,0,1178,297,1475,79.8644
第15任總統副總統,在屏東縣各投開票所,屏東縣,　萬丹鄉,新庄村,0326,34,262,600,896,8,904,0,904,220,1124,80.4270
第15任總統副總統,在屏東縣各投開票所,屏東縣,　萬丹鄉,新庄村,0327,15,235,437,687,8,695,0,695,225,920,75.5435
第15任總統副總統,在屏東縣各投開票所,屏東縣,　萬丹鄉,新鐘村,0328,27,288,415,730,8,738,0,738,227,965,76.4767
第15任總統副總統,在屏東縣各投開票所,屏東縣,　萬丹鄉,新鐘村,0329,21,228,469,718,9,727,0,727,244,971,74.8713
第15任總統副總統,在屏東縣各投開票所,屏東縣,　萬丹鄉,水仙村,0330,12,152,276,440,6,446,0,446,86,532,83.8346
第15任總統副總統,在屏東縣各投開票所,屏東縣,　萬丹鄉,興全村,0331,26,298,568,892,4,896,0,896,208,1104,81.1594
第15任總統副總統,在屏東縣各投開票所,屏東縣,　萬丹鄉,興安村,0332,11,139,465,615,7,622,0,622,189,811,76.6954
第15任總統副總統,在屏東縣各投開票所,屏東縣,　萬丹鄉,甘棠村,0333,12,81,190,283,4,287,0,287,91,378,75.9259
第15任總統副總統,在屏東縣各投開票所,屏東縣,　萬丹鄉,萬惠村,0334,28,215,418,661,7,668,0,668,162,830,80.4819
第15任總統副總統,在屏東縣各投開票所,屏東縣,　萬丹鄉,萬全村,0335,24,290,540,854,8,862,0,862,256,1118,77.1020
第15任總統副總統,在屏東縣各投開票所,屏東縣,　萬丹鄉,萬全村,0336,29,280,515,824,6,830,0,830,261,1091,76.0770
第15任總統副總統,在屏東縣各投開票所,屏東縣,　萬丹鄉,萬全村,0337,27,237,589,853,9,862,0,862,242,1104,78.0797
第15任總統副總統,在屏東縣各投開票所,屏東縣,　萬丹鄉,萬後村,0338,19,145,342,506,5,511,0,511,185,696,73.4195
第15任總統副總統,在屏東縣各投開票所,屏東縣,　萬丹鄉,萬安村,0339,7,144,295,446,4,450,0,450,123,573,78.5340
第15任總統副總統,在屏東縣各投開票所,屏東縣,　萬丹鄉,萬生村,0340,28,383,657,1068,11,1079,0,1079,275,1354,79.6898
第15任總統副總統,在屏東縣各投開票所,屏東縣,　萬丹鄉,寶厝村,0341,28,280,488,796,8,804,0,804,257,1061,75.7776
第15任總統副總統,在屏東縣各投開票所,屏東縣,　萬丹鄉,寶厝村,0342,20,300,556,876,4,880,0,880,242,1122,78.4314
第15任總統副總統,在屏東縣各投開票所,屏東縣,　萬丹鄉,四維村,0343,14,224,495,733,8,741,0,741,208,949,78.0822
第15任總統副總統,在屏東縣各投開票所,屏東縣,　萬丹鄉,四維村,0344,22,224,548,794,12,806,0,806,230,1036,77.7992
第15任總統副總統,在屏東縣各投開票所,屏東縣,　萬丹鄉,竹林村,0345,37,331,892,1260,19,1279,0,1279,375,1654,77.3277
第15任總統副總統,在屏東縣各投開票所,屏東縣,　萬丹鄉,水泉村,0346,36,387,858,1281,13,1294,0,1294,349,1643,78.7584
第15任總統副總統,在屏東縣各投開票所,屏東縣,　萬丹鄉,田厝村,0347,20,138,565,723,7,730,0,730,193,923,79.0899
第15任總統副總統,在屏東縣各投開票所,屏東縣,　萬丹鄉,崙頂村,0348,20,230,486,736,5,741,0,741,214,955,77.5916
第15任總統副總統,在屏東縣各投開票所,屏東縣,　萬丹鄉,崙頂村,0349,11,153,460,624,10,634,0,634,215,849,74.6761
第15任總統副總統,在屏東縣各投開票所,屏東縣,　萬丹鄉,厦北村,0350,14,265,895,1174,19,1193,0,1193,355,1548,77.0672
第15任總統副總統,在屏東縣各投開票所,屏東縣,　萬丹鄉,厦南村,0351,18,321,706,1045,6,1051,0,1051,345,1396,75.2865
第15任總統副總統,在屏東縣各投開票所,屏東縣,　萬丹鄉,後村村,0352,16,210,547,773,11,784,0,784,203,987,79.4326
第15任總統副總統,在屏東縣各投開票所,屏東縣,　萬丹鄉,灣內村,0353,30,201,791,1022,11,1033,0,1033,286,1319,78.3169
第15任總統副總統,在屏東縣各投開票所,屏東縣,　萬丹鄉,上村村,0354,13,157,441,611,9,620,0,620,130,750,82.6667
第15任總統副總統,在屏東縣各投開票所,屏東縣,　萬丹鄉,加興村,0355,19,213,750,982,9,991,0,991,229,1220,81.2295
第15任總統副總統,在屏東縣各投開票所,屏東縣,　萬丹鄉,社口村,0356,24,319,701,1044,17,1061,0,1061,353,1414,75.0354
第15任總統副總統,在屏東縣各投開票所,屏東縣,　萬丹鄉,磚寮村,0357,27,215,485,727,6,733,0,733,194,927,79.0723
第15任總統副總統,在屏東縣各投開票所,屏東縣,　萬丹鄉,社皮村,0358,14,157,463,634,4,638,0,638,145,783,81.4815
第15任總統副總統,在屏東縣各投開票所,屏東縣,　萬丹鄉,社皮村,0359,22,235,613,870,8,878,0,878,259,1137,77.2208
第15任總統副總統,在屏東縣各投開票所,屏東縣,　萬丹鄉,社中村,0360,32,269,928,1229,17,1246,0,1246,368,1614,77.1995
第15任總統副總統,在屏東縣各投開票所,屏東縣,　萬丹鄉,社上村,0361,28,320,892,1240,15,1255,0,1255,391,1646,76.2454
第15任總統副總統,在屏東縣各投開票所,屏東縣,　萬丹鄉,廣安村,0362,24,182,602,808,13,821,0,821,203,1024,80.1758
第15任總統副總統,在屏東縣各投開票所,屏東縣,　萬丹鄉,廣安村,0363,29,302,603,934,10,944,0,944,253,1197,78.8638
第15任總統副總統,在屏東縣各投開票所,屏東縣,　長治鄉,進興村,0109,22,203,504,729,6,735,0,735,257,992,74.0927
第15任總統副總統,在屏東縣各投開票所,屏東縣,　長治鄉,進興村,0110,40,462,704,1206,11,1217,0,1217,400,1617,75.2628
第15任總統副總統,在屏東縣各投開票所,屏東縣,　長治鄉,新潭村,0111,37,562,751,1350,12,1362,0,1362,428,1790,76.0894
第15任總統副總統,在屏東縣各投開票所,屏東縣,　長治鄉,新潭村,0112,43,487,745,1275,8,1283,0,1283,405,1688,76.0071
第15任總統副總統,在屏東縣各投開票所,屏東縣,　長治鄉,潭頭村,0113,32,267,422,721,11,732,0,732,179,911,80.3513
第15任總統副總統,在屏東縣各投開票所,屏東縣,　長治鄉,潭頭村,0114,24,202,502,728,11,739,0,739,211,950,77.7895
第15任總統副總統,在屏東縣各投開票所,屏東縣,　長治鄉,香楊村,0115,21,193,331,545,4,549,0,549,163,712,77.1067
第15任總統副總統,在屏東縣各投開票所,屏東縣,　長治鄉,香楊村,0116,51,532,780,1363,15,1378,0,1378,391,1769,77.8971
第15任總統副總統,在屏東縣各投開票所,屏東縣,　長治鄉,長興村,0117,24,299,472,795,8,803,0,803,239,1042,77.0633
第15任總統副總統,在屏東縣各投開票所,屏東縣,　長治鄉,崙上村,0118,26,415,806,1247,6,1253,0,1253,344,1597,78.4596
第15任總統副總統,在屏東縣各投開票所,屏東縣,　長治鄉,德榮村,0119,25,235,607,867,6,873,0,873,279,1152,75.7813
第15任總統副總統,在屏東縣各投開票所,屏東縣,　長治鄉,德和村,0120,8,123,410,541,4,545,0,545,187,732,74.4536
第15任總統副總統,在屏東縣各投開票所,屏東縣,　長治鄉,復興村,0121,26,365,724,1115,11,1126,0,1126,342,1468,76.7030
第15任總統副總統,在屏東縣各投開票所,屏東縣,　長治鄉,德成村,0122,15,231,421,667,9,676,0,676,175,851,79.4360
第15任總統副總統,在屏東縣各投開票所,屏東縣,　長治鄉,德協村,0123,10,229,572,811,3,814,0,814,244,1058,76.9376
第15任總統副總統,在屏東縣各投開票所,屏東縣,　長治鄉,繁榮村,0124,18,317,673,1008,11,1019,0,1019,384,1403,72.6301
第15任總統副總統,在屏東縣各投開票所,屏東縣,　長治鄉,繁昌村,0125,22,154,438,614,6,620,1,621,199,820,75.6098
第15任總統副總統,在屏東縣各投開票所,屏東縣,　長治鄉,繁昌村,0126,21,182,487,690,6,696,0,696,198,894,77.8523
第15任總統副總統,在屏東縣各投開票所,屏東縣,　長治鄉,繁隆村,0127,27,306,476,809,8,817,0,817,294,1111,73.5374
第15任總統副總統,在屏東縣各投開票所,屏東縣,　長治鄉,繁華村,0128,27,248,649,924,13,937,0,937,276,1213,77.2465
第15任總統副總統,在屏東縣各投開票所,屏東縣,　長治鄉,繁華村,0129,22,179,602,803,12,815,0,815,315,1130,72.1239
第15任總統副總統,在屏東縣各投開票所,屏東縣,　長治鄉,榮華村,0130,16,302,177,495,0,495,0,495,177,672,73.6607
第15任總統副總統,在屏東縣各投開票所,屏東縣,　麟洛鄉,新田村,0131,14,158,418,590,4,594,0,594,142,736,80.7065
第15任總統副總統,在屏東縣各投開票所,屏東縣,　麟洛鄉,新田村,0132,30,347,716,1093,8,1101,0,1101,247,1348,81.6766
第15任總統副總統,在屏東縣各投開票所,屏東縣,　麟洛鄉,麟頂村,0133,24,221,469,714,9,723,0,723,184,907,79.7133
第15任總統副總統,在屏東縣各投開票所,屏東縣,　麟洛鄉,麟蹄村,0134,14,169,361,544,4,548,0,548,159,707,77.5106
第15任總統副總統,在屏東縣各投開票所,屏東縣,　麟洛鄉,麟蹄村,0135,11,174,469,654,5,659,0,659,135,794,82.9975
第15任總統副總統,在屏東縣各投開票所,屏東縣,　麟洛鄉,麟趾村,0136,23,256,636,915,8,923,0,923,256,1179,78.2867
第15任總統副總統,在屏東縣各投開票所,屏東縣,　麟洛鄉,麟趾村,0137,30,324,698,1052,9,1061,0,1061,237,1298,81.7411
第15任總統副總統,在屏東縣各投開票所,屏東縣,　麟洛鄉,田中村,0138,29,263,642,934,7,941,0,941,233,1174,80.1533
第15任總統副總統,在屏東縣各投開票所,屏東縣,　麟洛鄉,田心村,0139,15,195,440,650,2,652,0,652,169,821,79.4153
第15任總統副總統,在屏東縣各投開票所,屏東縣,　麟洛鄉,田道村,0140,11,149,354,514,3,517,0,517,150,667,77.5112
第15任總統副總統,在屏東縣各投開票所,屏東縣,　九如鄉,九清村,0070,24,229,874,1127,12,1139,0,1139,302,1441,79.0423
第15任總統副總統,在屏東縣各投開票所,屏東縣,　九如鄉,九塊村,0071,26,236,790,1052,6,1058,0,1058,276,1334,79.3103
第15任總統副總統,在屏東縣各投開票所,屏東縣,　九如鄉,九明村,0072,35,285,947,1267,18,1285,0,1285,361,1646,78.0680
第15任總統副總統,在屏東縣各投開票所,屏東縣,　九如鄉,大坵村,0073,18,236,596,850,8,858,0,858,249,1107,77.5068
第15任總統副總統,在屏東縣各投開票所,屏東縣,　九如鄉,玉水村,0074,16,244,636,896,14,910,0,910,289,1199,75.8966
第15任總統副總統,在屏東縣各投開票所,屏東縣,　九如鄉,玉泉村,0075,25,195,499,719,6,725,0,725,264,989,73.3064
第15任總統副總統,在屏東縣各投開票所,屏東縣,　九如鄉,玉泉村,0076,22,150,272,444,6,450,0,450,115,565,79.6460
第15任總統副總統,在屏東縣各投開票所,屏東縣,　九如鄉,東寧村,0077,10,144,355,509,5,514,0,514,124,638,80.5643
第15任總統副總統,在屏東縣各投開票所,屏東縣,　九如鄉,東寧村,0078,23,184,604,811,7,818,0,818,218,1036,78.9575
第15任總統副總統,在屏東縣各投開票所,屏東縣,　九如鄉,東寧村,0079,26,187,486,699,4,703,0,703,244,947,74.2344
第15任總統副總統,在屏東縣各投開票所,屏東縣,　九如鄉,東寧村,0080,11,242,573,826,11,837,0,837,249,1086,77.0718
第15任總統副總統,在屏東縣各投開票所,屏東縣,　九如鄉,東寧村,0081,13,164,338,515,5,520,0,520,161,681,76.3583
第15任總統副總統,在屏東縣各投開票所,屏東縣,　九如鄉,三塊村,0082,35,202,903,1140,4,1144,0,1144,402,1546,73.9974
第15任總統副總統,在屏東縣各投開票所,屏東縣,　九如鄉,耆老村,0083,15,241,671,927,7,934,0,934,286,1220,76.5574
第15任總統副總統,在屏東縣各投開票所,屏東縣,　九如鄉,後庄村,0084,32,281,1051,1364,19,1383,0,1383,349,1732,79.8499
第15任總統副總統,在屏東縣各投開票所,屏東縣,　九如鄉,洽興村,0085,29,289,751,1069,14,1083,0,1083,347,1430,75.7343
第15任總統副總統,在屏東縣各投開票所,屏東縣,　里港鄉,玉田村,0001,37,335,853,1225,16,1241,0,1241,311,1552,79.9613
第15任總統副總統,在屏東縣各投開票所,屏東縣,　里港鄉,玉田村,0002,18,275,817,1110,9,1119,0,1119,312,1431,78.1971
第15任總統副總統,在屏東縣各投開票所,屏東縣,　里港鄉,塔樓村,0003,34,264,875,1173,18,1191,0,1191,305,1496,79.6123
第15任總統副總統,在屏東縣各投開票所,屏東縣,　里港鄉,潮厝村,0004,26,257,879,1162,15,1177,0,1177,345,1522,77.3325
第15任總統副總統,在屏東縣各投開票所,屏東縣,　里港鄉,大平村,0005,26,271,548,845,4,849,0,849,252,1101,77.1117
第15任總統副總統,在屏東縣各投開票所,屏東縣,　里港鄉,永春村,0006,18,187,437,642,10,652,0,652,162,814,80.0983
第15任總統副總統,在屏東縣各投開票所,屏東縣,　里港鄉,春林村,0007,26,250,664,940,10,950,0,950,286,1236,76.8608
第15任總統副總統,在屏東縣各投開票所,屏東縣,　里港鄉,過江村,0008,16,188,538,742,9,751,0,751,189,940,79.8936
第15任總統副總統,在屏東縣各投開票所,屏東縣,　里港鄉,過江村,0009,24,225,508,757,4,761,0,761,256,1017,74.8279
第15任總統副總統,在屏東縣各投開票所,屏東縣,　里港鄉,鐵店村,0010,24,283,784,1091,11,1102,0,1102,296,1398,78.8269
第15任總統副總統,在屏東縣各投開票所,屏東縣,　里港鄉,茄苳村,0011,5,69,173,247,2,249,0,249,98,347,71.7579
第15任總統副總統,在屏東縣各投開票所,屏東縣,　里港鄉,茄苳村,0012,24,184,723,931,8,939,0,939,211,1150,81.6522
第15任總統副總統,在屏東縣各投開票所,屏東縣,　里港鄉,載興村,0013,16,176,577,769,5,774,0,774,205,979,79.0603
第15任總統副總統,在屏東縣各投開票所,屏東縣,　里港鄉,載興村,0014,18,219,793,1030,17,1047,0,1047,294,1341,78.0761
第15任總統副總統,在屏東縣各投開票所,屏東縣,　里港鄉,土庫村,0015,26,366,711,1103,12,1115,0,1115,357,1472,75.7473
第15任總統副總統,在屏東縣各投開票所,屏東縣,　里港鄉,土庫村,0016,9,274,73,356,4,360,0,360,154,514,70.0389
第15任總統副總統,在屏東縣各投開票所,屏東縣,　里港鄉,三廍村,0017,8,215,385,608,2,610,0,610,180,790,77.2152
第15任總統副總統,在屏東縣各投開票所,屏東縣,　里港鄉,三廍村,0018,21,214,512,747,6,753,0,753,219,972,77.4691
第15任總統副總統,在屏東縣各投開票所,屏東縣,　里港鄉,中和村,0019,22,224,453,699,6,705,0,705,230,935,75.4011
第15任總統副總統,在屏東縣各投開票所,屏東縣,　里港鄉,瀰力村,0020,7,120,278,405,3,408,0,408,90,498,81.9277
第15任總統副總統,在屏東縣各投開票所,屏東縣,　鹽埔鄉,鹽北村,0086,14,301,345,660,10,670,0,670,230,900,74.4444
第15任總統副總統,在屏東縣各投開票所,屏東縣,　鹽埔鄉,鹽北村,0087,16,257,345,618,3,621,0,621,237,858,72.3776
第15任總統副總統,在屏東縣各投開票所,屏東縣,　鹽埔鄉,鹽中村,0088,17,300,435,752,9,761,0,761,322,1083,70.2678
第15任總統副總統,在屏東縣各投開票所,屏東縣,　鹽埔鄉,鹽中村,0089,22,353,515,890,10,900,0,900,310,1210,74.3802
第15任總統副總統,在屏東縣各投開票所,屏東縣,　鹽埔鄉,鹽南村,0090,17,224,292,533,6,539,0,539,197,736,73.2337
第15任總統副總統,在屏東縣各投開票所,屏東縣,　鹽埔鄉,鹽南村,0091,15,313,351,679,10,689,0,689,243,932,73.9270
第15任總統副總統,在屏東縣各投開票所,屏東縣,　鹽埔鄉,仕絨村,0092,27,335,380,742,7,749,3,752,261,1013,73.9388
第15任總統副總統,在屏東縣各投開票所,屏東縣,　鹽埔鄉,高朗村,0093,11,233,403,647,7,654,0,654,279,933,70.0965
第15任總統副總統,在屏東縣各投開票所,屏東縣,　鹽埔鄉,高朗村,0094,19,242,475,736,4,740,0,740,273,1013,73.0503
第15任總統副總統,在屏東縣各投開票所,屏東縣,　鹽埔鄉,高朗村,0095,22,175,395,592,8,600,0,600,214,814,73.7101
第15任總統副總統,在屏東縣各投開票所,屏東縣,　鹽埔鄉,振興村,0096,16,205,395,616,6,622,0,622,245,867,71.7416
第15任總統副總統,在屏東縣各投開票所,屏東縣,　鹽埔鄉,振興村,0097,15,234,371,620,13,633,0,633,293,926,68.3585
第15任總統副總統,在屏東縣各投開票所,屏東縣,　鹽埔鄉,久愛村,0098,8,263,367,638,5,643,0,643,237,880,73.0682
第15任總統副總統,在屏東縣各投開票所,屏東縣,　鹽埔鄉,新圍村,0099,24,209,488,721,7,728,0,728,266,994,73.2394
第15任總統副總統,在屏東縣各投開票所,屏東縣,　鹽埔鄉,新圍村,0100,26,202,539,767,4,771,0,771,313,1084,71.1255
第15任總統副總統,在屏東縣各投開票所,屏東縣,　鹽埔鄉,新圍村,0101,8,147,565,720,5,725,0,725,255,980,73.9796
第15任總統副總統,在屏東縣各投開票所,屏東縣,　鹽埔鄉,新二村,0102,22,285,452,759,15,774,0,774,306,1080,71.6667
第15任總統副總統,在屏東縣各投開票所,屏東縣,　鹽埔鄉,新二村,0103,26,279,515,820,15,835,0,835,283,1118,74.6869
第15任總統副總統,在屏東縣各投開票所,屏東縣,　鹽埔鄉,新二村,0104,27,288,574,889,8,897,0,897,320,1217,73.7058
第15任總統副總統,在屏東縣各投開票所,屏東縣,　鹽埔鄉,彭厝村,0105,11,257,456,724,12,736,0,736,212,948,77.6371
第15任總統副總統,在屏東縣各投開票所,屏東縣,　鹽埔鄉,洛陽村,0106,15,166,311,492,2,494,0,494,176,670,73.7313
第15任總統副總統,在屏東縣各投開票所,屏東縣,　鹽埔鄉,洛陽村,0107,19,221,401,641,13,654,1,655,197,852,76.7606
第15任總統副總統,在屏東縣各投開票所,屏東縣,　鹽埔鄉,永隆村,0108,16,108,270,394,6,400,0,400,136,536,74.6269
第15任總統副總統,在屏東縣各投開票所,屏東縣,　高樹鄉,高樹村,0021,12,171,478,661,3,664,0,664,202,866,76.6744
第15任總統副總統,在屏東縣各投開票所,屏東縣,　高樹鄉,高樹村,0022,14,200,674,888,8,896,0,896,300,1196,74.9164
第15任總統副總統,在屏東縣各投開票所,屏東縣,　高樹鄉,長榮村,0023,19,191,702,912,6,918,0,918,293,1211,75.8051
第15任總統副總統,在屏東縣各投開票所,屏東縣,　高樹鄉,東興村,0024,14,96,413,523,7,530,0,530,183,713,74.3338
第15任總統副總統,在屏東縣各投開票所,屏東縣,　高樹鄉,東振村,0025,6,129,298,433,6,439,0,439,141,580,75.6897
第15任總統副總統,在屏東縣各投開票所,屏東縣,　高樹鄉,源泉村,0026,25,201,509,735,13,748,0,748,233,981,76.2487
第15任總統副總統,在屏東縣各投開票所,屏東縣,　高樹鄉,建興村,0027,18,165,597,780,9,789,0,789,318,1107,71.2737
第15任總統副總統,在屏東縣各投開票所,屏東縣,　高樹鄉,大埔村,0028,10,127,271,408,3,411,0,411,174,585,70.2564
第15任總統副總統,在屏東縣各投開票所,屏東縣,　高樹鄉,菜寮村,0029,13,93,448,554,17,571,0,571,165,736,77.5815
第15任總統副總統,在屏東縣各投開票所,屏東縣,　高樹鄉,司馬村,0030,12,158,255,425,4,429,0,429,196,625,68.6400
第15任總統副總統,在屏東縣各投開票所,屏東縣,　高樹鄉,舊寮村,0031,20,248,575,843,7,850,0,850,350,1200,70.8333
第15任總統副總統,在屏東縣各投開票所,屏東縣,　高樹鄉,新豐村,0032,11,137,338,486,12,498,0,498,220,718,69.3593
第15任總統副總統,在屏東縣各投開票所,屏東縣,　高樹鄉,新豐村,0033,10,158,316,484,7,491,0,491,196,687,71.4702
第15任總統副總統,在屏東縣各投開票所,屏東縣,　高樹鄉,泰山村,0034,7,162,401,570,11,581,0,581,293,874,66.4760
第15任總統副總統,在屏東縣各投開票所,屏東縣,　高樹鄉,泰山村,0035,14,207,419,640,10,650,0,650,264,914,71.1160
第15任總統副總統,在屏東縣各投開票所,屏東縣,　高樹鄉,南華村,0036,22,211,627,860,14,874,0,874,337,1211,72.1718
第15任總統副總統,在屏東縣各投開票所,屏東縣,　高樹鄉,廣福村,0037,23,204,543,770,4,774,0,774,255,1029,75.2187
第15任總統副總統,在屏東縣各投開票所,屏東縣,　高樹鄉,廣興村,0038,15,202,507,724,7,731,0,731,331,1062,68.8324
第15任總統副總統,在屏東縣各投開票所,屏東縣,　高樹鄉,舊庄村,0039,14,177,515,706,9,715,0,715,269,984,72.6626
第15任總統副總統,在屏東縣各投開票所,屏東縣,　高樹鄉,田子村,0040,16,193,507,716,16,732,0,732,296,1028,71.2062
第15任總統副總統,在屏東縣各投開票所,屏東縣,　高樹鄉,鹽樹村,0041,8,138,400,546,4,550,0,550,148,698,78.7966
第15任總統副總統,在屏東縣各投開票所,屏東縣,　高樹鄉,鹽樹村,0042,13,130,192,335,4,339,0,339,133,472,71.8220
第15任總統副總統,在屏東縣各投開票所,屏東縣,　高樹鄉,新南村,0043,16,274,800,1090,4,1094,0,1094,381,1475,74.1695
第15任總統副總統,在屏東縣各投開票所,屏東縣,　萬巒鄉,萬巒村,0387,10,226,636,872,7,879,0,879,321,1200,73.2500
第15任總統副總統,在屏東縣各投開票所,屏東縣,　萬巒鄉,萬全村,0388,9,144,378,531,8,539,0,539,193,732,73.6339
第15任總統副總統,在屏東縣各投開票所,屏東縣,　萬巒鄉,萬和村,0389,15,176,465,656,4,660,0,660,231,891,74.0741
第15任總統副總統,在屏東縣各投開票所,屏東縣,　萬巒鄉,萬和村,0390,10,170,396,576,1,577,0,577,165,742,77.7628
第15任總統副總統,在屏東縣各投開票所,屏東縣,　萬巒鄉,鹿寮村,0391,11,162,485,658,12,670,0,670,227,897,74.6934
第15任總統副總統,在屏東縣各投開票所,屏東縣,　萬巒鄉,硫黃村,0392,10,104,304,418,5,423,0,423,114,537,78.7709
第15任總統副總統,在屏東縣各投開票所,屏東縣,　萬巒鄉,泗溝村,0393,20,243,556,819,6,825,0,825,255,1080,76.3889
第15任總統副總統,在屏東縣各投開票所,屏東縣,　萬巒鄉,五溝村,0394,21,260,479,760,1,761,0,761,245,1006,75.6461
第15任總統副總統,在屏東縣各投開票所,屏東縣,　萬巒鄉,成德村,0395,22,327,691,1040,9,1049,0,1049,343,1392,75.3592
第15任總統副總統,在屏東縣各投開票所,屏東縣,　萬巒鄉,赤山村,0396,11,166,358,535,3,538,1,539,269,808,66.5842
第15任總統副總統,在屏東縣各投開票所,屏東縣,　萬巒鄉,赤山村,0397,7,198,355,560,1,561,0,561,246,807,69.5167
第15任總統副總統,在屏東縣各投開票所,屏東縣,　萬巒鄉,萬金村,0398,12,188,508,708,3,711,0,711,267,978,72.6994
第15任總統副總統,在屏東縣各投開票所,屏東縣,　萬巒鄉,萬金村,0399,16,187,569,772,6,778,0,778,210,988,78.7449
第15任總統副總統,在屏東縣各投開票所,屏東縣,　萬巒鄉,佳佐村,0400,13,173,571,757,4,761,0,761,239,1000,76.1000
第15任總統副總統,在屏東縣各投開票所,屏東縣,　萬巒鄉,佳佐村,0401,13,119,350,482,4,486,0,486,143,629,77.2655
第15任總統副總統,在屏東縣各投開票所,屏東縣,　萬巒鄉,佳和村,0402,22,357,688,1067,11,1078,0,1078,292,1370,78.6861
第15任總統副總統,在屏東縣各投開票所,屏東縣,　萬巒鄉,新厝村,0403,14,202,687,903,9,912,0,912,304,1216,75.0000
第15任總統副總統,在屏東縣各投開票所,屏東縣,　萬巒鄉,新置村,0404,7,201,225,433,2,435,0,435,141,576,75.5208
第15任總統副總統,在屏東縣各投開票所,屏東縣,　萬巒鄉,新置村,0405,9,81,326,416,3,419,0,419,163,582,71.9931
第15任總統副總統,在屏東縣各投開票所,屏東縣,　內埔鄉,內埔村,0285,30,306,562,898,6,904,0,904,340,1244,72.6688
第15任總統副總統,在屏東縣各投開票所,屏東縣,　內埔鄉,內埔村,0286,24,278,551,853,8,861,1,862,379,1241,69.3795
第15任總統副總統,在屏東縣各投開票所,屏東縣,　內埔鄉,內埔村,0287,32,349,611,992,3,995,0,995,395,1390,71.5827
第15任總統副總統,在屏東縣各投開票所,屏東縣,　內埔鄉,內田村,0288,22,335,696,1053,9,1062,0,1062,403,1465,72.4915
第15任總統副總統,在屏東縣各投開票所,屏東縣,　內埔鄉,內田村,0289,25,379,761,1165,16,1181,0,1181,411,1592,74.1834
第15任總統副總統,在屏東縣各投開票所,屏東縣,　內埔鄉,興南村,0290,24,292,660,976,8,984,0,984,295,1279,76.9351
第15任總統副總統,在屏東縣各投開票所,屏東縣,　內埔鄉,義亭村,0291,15,124,284,423,5,428,0,428,132,560,76.4286
第15任總統副總統,在屏東縣各投開票所,屏東縣,　內埔鄉,美和村,0292,29,251,506,786,8,794,0,794,294,1088,72.9779
第15任總統副總統,在屏東縣各投開票所,屏東縣,　內埔鄉,美和村,0293,17,252,487,756,11,767,0,767,288,1055,72.7014
第15任總統副總統,在屏東縣各投開票所,屏東縣,　內埔鄉,和興村,0294,31,314,687,1032,6,1038,0,1038,318,1356,76.5487
第15任總統副總統,在屏東縣各投開票所,屏東縣,　內埔鄉,和興村,0295,23,393,593,1009,14,1023,0,1023,311,1334,76.6867
第15任總統副總統,在屏東縣各投開票所,屏東縣,　內埔鄉,東寧村,0296,31,355,695,1081,13,1094,0,1094,297,1391,78.6485
第15任總統副總統,在屏東縣各投開票所,屏東縣,　內埔鄉,東寧村,0297,40,298,691,1029,12,1041,0,1041,394,1435,72.5436
第15任總統副總統,在屏東縣各投開票所,屏東縣,　內埔鄉,東寧村,0298,35,370,715,1120,12,1132,0,1132,361,1493,75.8205
第15任總統副總統,在屏東縣各投開票所,屏東縣,　內埔鄉,豐田村,0299,33,295,717,1045,10,1055,0,1055,329,1384,76.2283
第15任總統副總統,在屏東縣各投開票所,屏東縣,　內埔鄉,豐田村,0300,39,388,723,1150,12,1162,0,1162,339,1501,77.4151
第15任總統副總統,在屏東縣各投開票所,屏東縣,　內埔鄉,振豐村,0301,14,177,379,570,3,573,0,573,177,750,76.4000
第15任總統副總統,在屏東縣各投開票所,屏東縣,　內埔鄉,振豐村,0302,17,202,443,662,10,672,0,672,177,849,79.1519
第15任總統副總統,在屏東縣各投開票所,屏東縣,　內埔鄉,富田村,0303,15,182,494,691,7,698,0,698,224,922,75.7050
第15任總統副總統,在屏東縣各投開票所,屏東縣,　內埔鄉,富田村,0304,23,152,497,672,9,681,1,682,231,913,74.5893
第15任總統副總統,在屏東縣各投開票所,屏東縣,　內埔鄉,竹圍村,0305,9,106,263,378,3,381,0,381,148,529,72.0227
第15任總統副總統,在屏東縣各投開票所,屏東縣,　內埔鄉,竹圍村,0306,20,257,642,919,13,932,0,932,285,1217,76.5818
第15任總統副總統,在屏東縣各投開票所,屏東縣,　內埔鄉,東勢村,0307,28,239,726,993,6,999,0,999,324,1323,75.5102
第15任總統副總統,在屏東縣各投開票所,屏東縣,　內埔鄉,東勢村,0308,26,261,832,1119,12,1131,0,1131,376,1507,75.0498
第15任總統副總統,在屏東縣各投開票所,屏東縣,　內埔鄉,東片村,0309,21,181,512,714,5,719,0,719,187,906,79.3598
第15任總統副總統,在屏東縣各投開票所,屏東縣,　內埔鄉,上樹村,0310,19,195,602,816,7,823,0,823,242,1065,77.2770
第15任總統副總統,在屏東縣各投開票所,屏東縣,　內埔鄉,老埤村,0311,16,183,519,718,9,727,0,727,360,1087,66.8813
第15任總統副總統,在屏東縣各投開票所,屏東縣,　內埔鄉,老埤村,0312,18,217,595,830,8,838,0,838,372,1210,69.2562
第15任總統副總統,在屏東縣各投開票所,屏東縣,　內埔鄉,中林村,0313,23,270,752,1045,13,1058,0,1058,429,1487,71.1500
第15任總統副總統,在屏東縣各投開票所,屏東縣,　內埔鄉,龍泉村,0314,26,351,492,869,13,882,0,882,284,1166,75.6432
第15任總統副總統,在屏東縣各投開票所,屏東縣,　內埔鄉,龍泉村,0315,24,341,451,816,9,825,0,825,353,1178,70.0340
第15任總統副總統,在屏東縣各投開票所,屏東縣,　內埔鄉,龍潭村,0316,30,469,438,937,7,944,0,944,365,1309,72.1161
第15任總統副總統,在屏東縣各投開票所,屏東縣,　內埔鄉,龍潭村,0317,22,318,344,684,6,690,0,690,313,1003,68.7936
第15任總統副總統,在屏東縣各投開票所,屏東縣,　內埔鄉,建興村,0318,14,177,367,558,11,569,0,569,250,819,69.4750
第15任總統副總統,在屏東縣各投開票所,屏東縣,　內埔鄉,大新村,0319,24,169,461,654,7,661,0,661,226,887,74.5209
第15任總統副總統,在屏東縣各投開票所,屏東縣,　內埔鄉,大新村,0320,22,257,319,598,6,604,0,604,214,818,73.8386
第15任總統副總統,在屏東縣各投開票所,屏東縣,　內埔鄉,黎明村,0321,17,257,565,839,8,847,0,847,342,1189,71.2363
第15任總統副總統,在屏東縣各投開票所,屏東縣,　內埔鄉,黎明村,0322,25,242,589,856,9,865,0,865,291,1156,74.8270
第15任總統副總統,在屏東縣各投開票所,屏東縣,　內埔鄉,隘寮村,0323,27,347,508,882,6,888,0,888,382,1270,69.9213
第15任總統副總統,在屏東縣各投開票所,屏東縣,　內埔鄉,水門村,0324,18,250,339,607,7,614,0,614,173,787,78.0178
第15任總統副總統,在屏東縣各投開票所,屏東縣,　竹田鄉,竹田村,0371,17,330,734,1081,7,1088,0,1088,333,1421,76.5658
第15任總統副總統,在屏東縣各投開票所,屏東縣,　竹田鄉,竹南村,0372,16,163,498,677,4,681,0,681,190,871,78.1860
第15任總統副總統,在屏東縣各投開票所,屏東縣,　竹田鄉,糶糴村,0373,14,174,366,554,1,555,0,555,125,680,81.6176
第15任總統副總統,在屏東縣各投開票所,屏東縣,　竹田鄉,履豐村,0374,9,122,321,452,6,458,0,458,105,563,81.3499
第15任總統副總統,在屏東縣各投開票所,屏東縣,　竹田鄉,頭崙村,0375,18,274,693,985,8,993,0,993,292,1285,77.2763
第15任總統副總統,在屏東縣各投開票所,屏東縣,　竹田鄉,二崙村,0376,23,229,512,764,7,771,0,771,192,963,80.0623
第15任總統副總統,在屏東縣各投開票所,屏東縣,　竹田鄉,美崙村,0377,13,137,351,501,4,505,0,505,131,636,79.4025
第15任總統副總統,在屏東縣各投開票所,屏東縣,　竹田鄉,南勢村,0378,6,93,272,371,4,375,0,375,77,452,82.9646
第15任總統副總統,在屏東縣各投開票所,屏東縣,　竹田鄉,西勢村,0379,23,316,587,926,16,942,0,942,286,1228,76.7101
第15任總統副總統,在屏東縣各投開票所,屏東縣,　竹田鄉,西勢村,0380,17,271,629,917,7,924,0,924,256,1180,78.3051
第15任總統副總統,在屏東縣各投開票所,屏東縣,　竹田鄉,福田村,0381,8,100,284,392,4,396,0,396,74,470,84.2553
第15任總統副總統,在屏東縣各投開票所,屏東縣,　竹田鄉,永豐村,0382,11,162,386,559,4,563,0,563,279,842,66.8646
第15任總統副總統,在屏東縣各投開票所,屏東縣,　竹田鄉,六巷村,0383,13,172,430,615,6,621,0,621,150,771,80.5447
第15任總統副總統,在屏東縣各投開票所,屏東縣,　竹田鄉,泗洲村,0384,23,234,500,757,8,765,0,765,328,1093,69.9909
第15任總統副總統,在屏東縣各投開票所,屏東縣,　竹田鄉,大湖村,0385,13,278,629,920,10,930,0,930,258,1188,78.2828
第15任總統副總統,在屏東縣各投開票所,屏東縣,　竹田鄉,鳳明村,0386,28,302,537,867,8,875,0,875,272,1147,76.2860
第15任總統副總統,在屏東縣各投開票所,屏東縣,　新埤鄉,新埤村,0501,6,185,333,524,4,528,0,528,180,708,74.5763
第15任總統副總統,在屏東縣各投開票所,屏東縣,　新埤鄉,新埤村,0502,21,239,432,692,10,702,0,702,230,932,75.3219
第15任總統副總統,在屏東縣各投開票所,屏東縣,　新埤鄉,新埤村,0503,5,94,133,232,0,232,0,232,73,305,76.0656
第15任總統副總統,在屏東縣各投開票所,屏東縣,　新埤鄉,建功村,0504,8,190,362,560,8,568,0,568,168,736,77.1739
第15任總統副總統,在屏東縣各投開票所,屏東縣,　新埤鄉,建功村,0505,8,100,144,252,2,254,0,254,69,323,78.6378
第15任總統副總統,在屏東縣各投開票所,屏東縣,　新埤鄉,打鐵村,0506,13,246,412,671,2,673,0,673,216,889,75.7030
第15任總統副總統,在屏東縣各投開票所,屏東縣,　新埤鄉,南豐村,0507,11,175,332,518,3,521,0,521,204,725,71.8621
第15任總統副總統,在屏東縣各投開票所,屏東縣,　新埤鄉,萬隆村,0508,12,85,172,269,0,269,0,269,94,363,74.1047
第15任總統副總統,在屏東縣各投開票所,屏東縣,　新埤鄉,萬隆村,0509,13,182,260,455,4,459,0,459,187,646,71.0526
第15任總統副總統,在屏東縣各投開票所,屏東縣,　新埤鄉,萬隆村,0510,11,172,286,469,6,475,0,475,196,671,70.7899
第15任總統副總統,在屏東縣各投開票所,屏東縣,　新埤鄉,餉潭村,0511,37,239,594,870,10,880,0,880,376,1256,70.0637
第15任總統副總統,在屏東縣各投開票所,屏東縣,　新埤鄉,箕湖村,0512,11,111,212,334,5,339,0,339,174,513,66.0819
第15任總統副總統,在屏東縣各投開票所,屏東縣,　新埤鄉,箕湖村,0513,17,136,241,394,5,399,0,399,172,571,69.8774
第15任總統副總統,在屏東縣各投開票所,屏東縣,　枋寮鄉,枋寮村,0595,21,354,432,807,10,817,0,817,345,1162,70.3098
第15任總統副總統,在屏東縣各投開票所,屏東縣,　枋寮鄉,新龍村,0596,20,301,272,593,5,598,0,598,247,845,70.7692
第15任總統副總統,在屏東縣各投開票所,屏東縣,　枋寮鄉,保生村,0597,17,206,470,693,3,696,0,696,234,930,74.8387
第15任總統副總統,在屏東縣各投開票所,屏東縣,　枋寮鄉,中寮村,0598,13,130,290,433,1,434,0,434,162,596,72.8188
第15任總統副總統,在屏東縣各投開票所,屏東縣,　枋寮鄉,安樂村,0599,14,187,411,612,5,617,0,617,204,821,75.1523
第15任總統副總統,在屏東縣各投開票所,屏東縣,　枋寮鄉,安樂村,0600,23,156,360,539,4,543,0,543,196,739,73.4777
第15任總統副總統,在屏東縣各投開票所,屏東縣,　枋寮鄉,隆山村,0601,12,203,468,683,8,691,0,691,273,964,71.6805
第15任總統副總統,在屏東縣各投開票所,屏東縣,　枋寮鄉,隆山村,0602,14,215,505,734,6,740,0,740,265,1005,73.6318
第15任總統副總統,在屏東縣各投開票所,屏東縣,　枋寮鄉,隆山村,0603,20,209,507,736,5,741,0,741,293,1034,71.6634
第15任總統副總統,在屏東縣各投開票所,屏東縣,　枋寮鄉,隆山村,0604,15,214,512,741,2,743,0,743,271,1014,73.2742
第15任總統副總統,在屏東縣各投開票所,屏東縣,　枋寮鄉,天時村,0605,24,171,504,699,6,705,0,705,237,942,74.8408
第15任總統副總統,在屏東縣各投開票所,屏東縣,　枋寮鄉,天時村,0606,20,196,500,716,12,728,0,728,225,953,76.3903
第15任總統副總統,在屏東縣各投開票所,屏東縣,　枋寮鄉,地利村,0607,10,184,357,551,1,552,0,552,162,714,77.3109
第15任總統副總統,在屏東縣各投開票所,屏東縣,　枋寮鄉,地利村,0608,17,177,344,538,4,542,0,542,167,709,76.4457
第15任總統副總統,在屏東縣各投開票所,屏東縣,　枋寮鄉,人和村,0609,25,230,475,730,6,736,0,736,259,995,73.9698
第15任總統副總統,在屏東縣各投開票所,屏東縣,　枋寮鄉,人和村,0610,17,288,470,775,4,779,0,779,257,1036,75.1931
第15任總統副總統,在屏東縣各投開票所,屏東縣,　枋寮鄉,內寮村,0611,5,96,348,449,1,450,0,450,234,684,65.7895
第15任總統副總統,在屏東縣各投開票所,屏東縣,　枋寮鄉,新開村,0612,11,198,359,568,1,569,0,569,295,864,65.8565
第15任總統副總統,在屏東縣各投開票所,屏東縣,　枋寮鄉,東海村,0613,9,288,431,728,2,730,0,730,221,951,76.7613
第15任總統副總統,在屏東縣各投開票所,屏東縣,　枋寮鄉,東海村,0614,11,223,367,601,9,610,0,610,203,813,75.0308
第15任總統副總統,在屏東縣各投開票所,屏東縣,　枋寮鄉,東海村,0615,19,248,394,661,6,667,0,667,243,910,73.2967
第15任總統副總統,在屏東縣各投開票所,屏東縣,　枋寮鄉,大庄村,0616,8,153,304,465,4,469,0,469,141,610,76.8852
第15任總統副總統,在屏東縣各投開票所,屏東縣,　枋寮鄉,太源村,0617,21,234,377,632,5,637,0,637,294,931,68.4211
第15任總統副總統,在屏東縣各投開票所,屏東縣,　枋寮鄉,玉泉村,0618,7,129,164,300,3,303,0,303,119,422,71.8009
第15任總統副總統,在屏東縣各投開票所,屏東縣,　新園鄉,瓦磘村,0450,16,149,471,636,8,644,0,644,157,801,80.3995
第15任總統副總統,在屏東縣各投開票所,屏東縣,　新園鄉,瓦磘村,0451,17,132,485,634,2,636,0,636,174,810,78.5185
第15任總統副總統,在屏東縣各投開票所,屏東縣,　新園鄉,仙吉村,0452,30,259,622,911,11,922,0,922,272,1194,77.2194
第15任總統副總統,在屏東縣各投開票所,屏東縣,　新園鄉,仙吉村,0453,20,257,660,937,11,948,0,948,291,1239,76.5133
第15任總統副總統,在屏東縣各投開票所,屏東縣,　新園鄉,田洋村,0454,22,195,598,815,9,824,1,825,231,1056,78.0303
第15任總統副總統,在屏東縣各投開票所,屏東縣,　新園鄉,田洋村,0455,26,202,625,853,5,858,0,858,184,1042,82.3417
第15任總統副總統,在屏東縣各投開票所,屏東縣,　新園鄉,港墘村,0456,15,161,451,627,9,636,0,636,164,800,79.5000
第15任總統副總統,在屏東縣各投開票所,屏東縣,　新園鄉,內庄村,0457,20,181,423,624,8,632,0,632,178,810,78.0247
第15任總統副總統,在屏東縣各投開票所,屏東縣,　新園鄉,新東村,0458,39,266,578,883,8,891,0,891,280,1171,76.0888
第15任總統副總統,在屏東縣各投開票所,屏東縣,　新園鄉,新東村,0459,26,275,531,832,10,842,0,842,245,1087,77.4609
第15任總統副總統,在屏東縣各投開票所,屏東縣,　新園鄉,新園村,0460,27,254,546,827,2,829,0,829,240,1069,77.5491
第15任總統副總統,在屏東縣各投開票所,屏東縣,　新園鄉,新園村,0461,22,242,573,837,8,845,0,845,263,1108,76.2635
第15任總統副總統,在屏東縣各投開票所,屏東縣,　新園鄉,港西村,0462,17,291,456,764,1,765,0,765,232,997,76.7302
第15任總統副總統,在屏東縣各投開票所,屏東縣,　新園鄉,港西村,0463,14,192,633,839,6,845,0,845,226,1071,78.8982
第15任總統副總統,在屏東縣各投開票所,屏東縣,　新園鄉,烏龍村,0464,23,221,696,940,17,957,0,957,240,1197,79.9499
第15任總統副總統,在屏東縣各投開票所,屏東縣,　新園鄉,興龍村,0465,28,146,664,838,10,848,0,848,221,1069,79.3265
第15任總統副總統,在屏東縣各投開票所,屏東縣,　新園鄉,興龍村,0466,29,207,594,830,11,841,0,841,199,1040,80.8654
第15任總統副總統,在屏東縣各投開票所,屏東縣,　新園鄉,中洲村,0467,13,109,540,662,7,669,0,669,182,851,78.6134
第15任總統副總統,在屏東縣各投開票所,屏東縣,　新園鄉,中洲村,0468,11,89,462,562,5,567,0,567,146,713,79.5231
第15任總統副總統,在屏東縣各投開票所,屏東縣,　新園鄉,南龍村,0469,29,200,844,1073,8,1081,0,1081,287,1368,79.0205
第15任總統副總統,在屏東縣各投開票所,屏東縣,　新園鄉,五房村,0470,14,160,466,640,7,647,0,647,214,861,75.1452
第15任總統副總統,在屏東縣各投開票所,屏東縣,　新園鄉,五房村,0471,21,172,511,704,2,706,0,706,198,904,78.0973
第15任總統副總統,在屏東縣各投開票所,屏東縣,　新園鄉,五房村,0472,19,274,397,690,9,699,0,699,249,948,73.7342
第15任總統副總統,在屏東縣各投開票所,屏東縣,　新園鄉,鹽埔村,0473,22,203,745,970,10,980,0,980,407,1387,70.6561
第15任總統副總統,在屏東縣各投開票所,屏東縣,　新園鄉,鹽埔村,0474,21,298,935,1254,17,1271,0,1271,355,1626,78.1673
第15任總統副總統,在屏東縣各投開票所,屏東縣,　新園鄉,鹽埔村,0475,30,202,680,912,8,920,0,920,299,1219,75.4717
第15任總統副總統,在屏東縣各投開票所,屏東縣,　新園鄉,共和村,0476,8,170,597,775,9,784,0,784,270,1054,74.3833
第15任總統副總統,在屏東縣各投開票所,屏東縣,　新園鄉,共和村,0477,22,163,678,863,8,871,0,871,288,1159,75.1510
第15任總統副總統,在屏東縣各投開票所,屏東縣,　崁頂鄉,崁頂村,0478,24,256,613,893,8,901,0,901,253,1154,78.0763
第15任總統副總統,在屏東縣各投開票所,屏東縣,　崁頂鄉,崁頂村,0479,26,287,452,765,7,772,0,772,233,1005,76.8159
第15任總統副總統,在屏東縣各投開票所,屏東縣,　崁頂鄉,園寮村,0480,15,187,362,564,4,568,0,568,207,775,73.2903
第15任總統副總統,在屏東縣各投開票所,屏東縣,　崁頂鄉,園寮村,0481,34,261,593,888,6,894,0,894,284,1178,75.8913
第15任總統副總統,在屏東縣各投開票所,屏東縣,　崁頂鄉,力社村,0482,30,252,682,964,10,974,1,975,294,1269,76.7533
第15任總統副總統,在屏東縣各投開票所,屏東縣,　崁頂鄉,圍內村,0483,25,258,609,892,12,904,0,904,281,1185,76.2869
第15任總統副總統,在屏東縣各投開票所,屏東縣,　崁頂鄉,洲子村,0484,16,187,538,741,12,753,0,753,259,1012,74.4071
第15任總統副總統,在屏東縣各投開票所,屏東縣,　崁頂鄉,北勢村,0485,9,175,390,574,8,582,0,582,199,781,74.5198
第15任總統副總統,在屏東縣各投開票所,屏東縣,　崁頂鄉,北勢村,0486,14,120,383,517,8,525,0,525,173,698,75.2149
第15任總統副總統,在屏東縣各投開票所,屏東縣,　崁頂鄉,越溪村,0487,13,203,484,700,4,704,0,704,213,917,76.7721
第15任總統副總統,在屏東縣各投開票所,屏東縣,　崁頂鄉,港東村,0488,19,128,501,648,10,658,0,658,196,854,77.0492
第15任總統副總統,在屏東縣各投開票所,屏東縣,　崁頂鄉,港東村,0489,20,162,554,736,7,743,0,743,221,964,77.0747
第15任總統副總統,在屏東縣各投開票所,屏東縣,　林邊鄉,林邊村,0562,11,140,358,509,5,514,0,514,147,661,77.7610
第15任總統副總統,在屏東縣各投開票所,屏東縣,　林邊鄉,林邊村,0563,9,135,404,548,7,555,0,555,168,723,76.7635
第15任總統副總統,在屏東縣各投開票所,屏東縣,　林邊鄉,光林村,0564,14,174,486,674,7,681,1,682,170,852,79.9296
第15任總統副總統,在屏東縣各投開票所,屏東縣,　林邊鄉,光林村,0565,10,147,331,488,10,498,0,498,166,664,75.0000
第15任總統副總統,在屏東縣各投開票所,屏東縣,　林邊鄉,永樂村,0566,29,203,557,789,9,798,0,798,204,1002,79.6407
第15任總統副總統,在屏東縣各投開票所,屏東縣,　林邊鄉,永樂村,0567,14,213,647,874,8,882,0,882,238,1120,78.7500
第15任總統副總統,在屏東縣各投開票所,屏東縣,　林邊鄉,永樂村,0568,20,213,493,726,6,732,0,732,197,929,78.7944
第15任總統副總統,在屏東縣各投開票所,屏東縣,　林邊鄉,中林村,0569,11,192,349,552,5,557,0,557,144,701,79.4579
第15任總統副總統,在屏東縣各投開票所,屏東縣,　林邊鄉,仁和村,0570,9,162,442,613,12,625,0,625,162,787,79.4155
第15任總統副總統,在屏東縣各投開票所,屏東縣,　林邊鄉,仁和村,0571,17,186,423,626,4,630,0,630,190,820,76.8293
第15任總統副總統,在屏東縣各投開票所,屏東縣,　林邊鄉,田厝村,0572,14,176,476,666,7,673,0,673,209,882,76.3039
第15任總統副總統,在屏東縣各投開票所,屏東縣,　林邊鄉,崎峯村,0573,31,250,600,881,7,888,0,888,349,1237,71.7866
第15任總統副總統,在屏東縣各投開票所,屏東縣,　林邊鄉,水利村,0574,6,164,381,551,6,557,0,557,209,766,72.7154
第15任總統副總統,在屏東縣各投開票所,屏東縣,　林邊鄉,水利村,0575,10,244,460,714,5,719,0,719,267,986,72.9209
第15任總統副總統,在屏東縣各投開票所,屏東縣,　林邊鄉,竹林村,0576,25,266,557,848,11,859,0,859,275,1134,75.7496
第15任總統副總統,在屏東縣各投開票所,屏東縣,　林邊鄉,竹林村,0577,14,131,395,540,3,543,1,544,204,748,72.5936
第15任總統副總統,在屏東縣各投開票所,屏東縣,　林邊鄉,鎮安村,0578,20,239,595,854,8,862,1,863,234,1097,78.5779
第15任總統副總統,在屏東縣各投開票所,屏東縣,　南州鄉,溪洲村,0490,19,194,416,629,2,631,0,631,216,847,74.4982
第15任總統副總統,在屏東縣各投開票所,屏東縣,　南州鄉,溪洲村,0491,11,167,409,587,1,588,0,588,188,776,75.7732
第15任總統副總統,在屏東縣各投開票所,屏東縣,　南州鄉,溪南村,0492,18,236,474,728,6,734,0,734,193,927,79.1802
第15任總統副總統,在屏東縣各投開票所,屏東縣,　南州鄉,七塊村,0493,34,222,495,751,2,753,0,753,239,992,75.9073
第15任總統副總統,在屏東縣各投開票所,屏東縣,　南州鄉,萬華村,0494,24,218,473,715,9,724,0,724,243,967,74.8707
第15任總統副總統,在屏東縣各投開票所,屏東縣,　南州鄉,仁里村,0495,10,105,246,361,5,366,0,366,105,471,77.7070
第15任總統副總統,在屏東縣各投開票所,屏東縣,　南州鄉,溪北村,0496,19,264,270,553,5,558,0,558,125,683,81.6984
第15任總統副總統,在屏東縣各投開票所,屏東縣,　南州鄉,米崙村,0497,19,243,509,771,7,778,0,778,239,1017,76.4995
第15任總統副總統,在屏東縣各投開票所,屏東縣,　南州鄉,壽元村,0498,5,137,627,769,7,776,0,776,275,1051,73.8344
第15任總統副總統,在屏東縣各投開票所,屏東縣,　南州鄉,同安村,0499,13,185,515,713,6,719,0,719,216,935,76.8984
第15任總統副總統,在屏東縣各投開票所,屏東縣,　南州鄉,南安村,0500,13,96,288,397,3,400,0,400,121,521,76.7754
第15任總統副總統,在屏東縣各投開票所,屏東縣,　佳冬鄉,佳冬村,0579,19,341,703,1063,6,1069,0,1069,361,1430,74.7552
第15任總統副總統,在屏東縣各投開票所,屏東縣,　佳冬鄉,六根村,0580,16,312,622,950,5,955,0,955,340,1295,73.7452
第15任總統副總統,在屏東縣各投開票所,屏東縣,　佳冬鄉,賴家村,0581,12,157,415,584,5,589,0,589,176,765,76.9935
第15任總統副總統,在屏東縣各投開票所,屏東縣,　佳冬鄉,萬建村,0582,15,176,467,658,7,665,0,665,230,895,74.3017
第15任總統副總統,在屏東縣各投開票所,屏東縣,　佳冬鄉,萬建村,0583,13,209,385,607,7,614,0,614,227,841,73.0083
第15任總統副總統,在屏東縣各投開票所,屏東縣,　佳冬鄉,石光村,0584,8,170,510,688,12,700,0,700,232,932,75.1073
第15任總統副總統,在屏東縣各投開票所,屏東縣,　佳冬鄉,石光村,0585,10,162,579,751,10,761,0,761,225,986,77.1805
第15任總統副總統,在屏東縣各投開票所,屏東縣,　佳冬鄉,玉光村,0586,9,126,478,613,5,618,0,618,229,847,72.9634
第15任總統副總統,在屏東縣各投開票所,屏東縣,　佳冬鄉,玉光村,0587,17,227,653,897,6,903,0,903,321,1224,73.7745
第15任總統副總統,在屏東縣各投開票所,屏東縣,　佳冬鄉,昌隆村,0588,12,240,462,714,11,725,0,725,225,950,76.3158
第15任總統副總統,在屏東縣各投開票所,屏東縣,　佳冬鄉,豐隆村,0589,10,144,376,530,5,535,0,535,164,699,76.5379
第15任總統副總統,在屏東縣各投開票所,屏東縣,　佳冬鄉,大同村,0590,22,212,631,865,9,874,0,874,256,1130,77.3451
第15任總統副總統,在屏東縣各投開票所,屏東縣,　佳冬鄉,羌園村,0591,10,178,592,780,9,789,0,789,249,1038,76.0116
第15任總統副總統,在屏東縣各投開票所,屏東縣,　佳冬鄉,燄溫村,0592,17,250,496,763,13,776,0,776,278,1054,73.6243
第15任總統副總統,在屏東縣各投開票所,屏東縣,　佳冬鄉,塭豐村,0593,10,330,535,875,2,877,0,877,341,1218,72.0033
第15任總統副總統,在屏東縣各投開票所,屏東縣,　佳冬鄉,塭豐村,0594,19,289,504,812,6,818,0,818,309,1127,72.5821
第15任總統副總統,在屏東縣各投開票所,屏東縣,　琉球鄉,本福村,0697,16,267,410,693,7,700,0,700,359,1059,66.1001
第15任總統副總統,在屏東縣各投開票所,屏東縣,　琉球鄉,本福村,0698,17,296,301,614,6,620,0,620,350,970,63.9175
第15任總統副總統,在屏東縣各投開票所,屏東縣,　琉球鄉,中福村,0699,20,365,391,776,6,782,0,782,445,1227,63.7327
第15任總統副總統,在屏東縣各投開票所,屏東縣,　琉球鄉,漁福村,0700,13,358,207,578,5,583,0,583,354,937,62.2199
第15任總統副總統,在屏東縣各投開票所,屏東縣,　琉球鄉,大福村,0701,39,518,372,929,6,935,0,935,671,1606,58.2192
第15任總統副總統,在屏東縣各投開票所,屏東縣,　琉球鄉,南福村,0702,15,346,291,652,10,662,0,662,444,1106,59.8553
第15任總統副總統,在屏東縣各投開票所,屏東縣,　琉球鄉,天福村,0703,25,309,284,618,6,624,0,624,415,1039,60.0577
第15任總統副總統,在屏東縣各投開票所,屏東縣,　琉球鄉,上福村,0704,28,491,367,886,10,896,0,896,665,1561,57.3991
第15任總統副總統,在屏東縣各投開票所,屏東縣,　琉球鄉,杉福村,0705,11,246,247,504,4,508,0,508,322,830,61.2048
第15任總統副總統,在屏東縣各投開票所,屏東縣,　車城鄉,海口村,0647,7,172,276,455,4,459,0,459,260,719,63.8387
第15任總統副總統,在屏東縣各投開票所,屏東縣,　車城鄉,田中村,0648,14,124,241,379,3,382,0,382,231,613,62.3165
第15任總統副總統,在屏東縣各投開票所,屏東縣,　車城鄉,福興村,0649,7,106,205,318,6,324,0,324,146,470,68.9362
第15任總統副總統,在屏東縣各投開票所,屏東縣,　車城鄉,福興村,0650,18,199,344,561,2,563,0,563,249,812,69.3350
第15任總統副總統,在屏東縣各投開票所,屏東縣,　車城鄉,福安村,0651,7,89,281,377,4,381,0,381,147,528,72.1591
第15任總統副總統,在屏東縣各投開票所,屏東縣,　車城鄉,統埔村,0652,7,86,148,241,1,242,0,242,135,377,64.1910
第15任總統副總統,在屏東縣各投開票所,屏東縣,　車城鄉,溫泉村,0653,21,188,350,559,10,569,0,569,296,865,65.7803
第15任總統副總統,在屏東縣各投開票所,屏東縣,　車城鄉,保力村,0654,3,140,227,370,7,377,0,377,209,586,64.3345
第15任總統副總統,在屏東縣各投開票所,屏東縣,　車城鄉,保力村,0655,7,150,227,384,4,388,0,388,203,591,65.6514
第15任總統副總統,在屏東縣各投開票所,屏東縣,　車城鄉,新街村,0656,7,71,220,298,1,299,0,299,120,419,71.3604
第15任總統副總統,在屏東縣各投開票所,屏東縣,　車城鄉,埔墘村,0657,4,108,154,266,4,270,0,270,140,410,65.8537
第15任總統副總統,在屏東縣各投開票所,屏東縣,　車城鄉,射寮村,0658,6,107,197,310,4,314,0,314,151,465,67.5269
第15任總統副總統,在屏東縣各投開票所,屏東縣,　車城鄉,後灣村,0659,5,76,171,252,2,254,0,254,142,396,64.1414
第15任總統副總統,在屏東縣各投開票所,屏東縣,　滿州鄉,滿州村,0660,23,350,548,921,5,926,0,926,495,1421,65.1654
第15任總統副總統,在屏東縣各投開票所,屏東縣,　滿州鄉,里德村,0661,10,82,136,228,5,233,0,233,164,397,58.6902
第15任總統副總統,在屏東縣各投開票所,屏東縣,　滿州鄉,响林村,0662,15,77,237,329,1,330,0,330,235,565,58.4071
第15任總統副總統,在屏東縣各投開票所,屏東縣,　滿州鄉,永靖村,0663,25,323,387,735,8,743,0,743,480,1223,60.7522
第15任總統副總統,在屏東縣各投開票所,屏東縣,　滿州鄉,港口村,0664,13,236,538,787,6,793,0,793,413,1206,65.7546
第15任總統副總統,在屏東縣各投開票所,屏東縣,　滿州鄉,長樂村,0665,26,354,326,706,16,722,0,722,535,1257,57.4383
第15任總統副總統,在屏東縣各投開票所,屏東縣,　滿州鄉,九棚村,0666,4,72,117,193,1,194,0,194,157,351,55.2707
第15任總統副總統,在屏東縣各投開票所,屏東縣,　滿州鄉,港仔村,0667,2,65,112,179,4,183,0,183,114,297,61.6162
第15任總統副總統,在屏東縣各投開票所,屏東縣,　枋山鄉,枋山村,0625,13,161,225,399,8,407,0,407,162,569,71.5290
第15任總統副總統,在屏東縣各投開票所,屏東縣,　枋山鄉,枋山村,0626,7,139,147,293,2,295,0,295,106,401,73.5661
第15任總統副總統,在屏東縣各投開票所,屏東縣,　枋山鄉,加祿村,0627,14,182,480,676,5,681,0,681,200,881,77.2985
第15任總統副總統,在屏東縣各投開票所,屏東縣,　枋山鄉,加祿村,0628,10,273,426,709,6,715,0,715,220,935,76.4706
第15任總統副總統,在屏東縣各投開票所,屏東縣,　枋山鄉,楓港村,0629,7,135,478,620,4,624,0,624,356,980,63.6735
第15任總統副總統,在屏東縣各投開票所,屏東縣,　枋山鄉,善餘村,0630,2,146,368,516,4,520,0,520,319,839,61.9785
第15任總統副總統,在屏東縣各投開票所,屏東縣,　三地門鄉,大社村,0044,12,341,100,453,5,458,0,458,140,598,76.5886
第15任總統副總統,在屏東縣各投開票所,屏東縣,　三地門鄉,德文村,0045,17,231,149,397,4,401,0,401,156,557,71.9928
第15任總統副總統,在屏東縣各投開票所,屏東縣,　三地門鄉,達來村,0046,9,159,57,225,0,225,0,225,96,321,70.0935
第15任總統副總統,在屏東縣各投開票所,屏東縣,　三地門鄉,三地村,0047,30,805,300,1135,11,1146,0,1146,260,1406,81.5078
第15任總統副總統,在屏東縣各投開票所,屏東縣,　三地門鄉,賽嘉村,0048,12,373,113,498,7,505,0,505,202,707,71.4286
第15任總統副總統,在屏東縣各投開票所,屏東縣,　三地門鄉,口社村,0049,19,297,103,419,2,421,0,421,110,531,79.2844
第15任總統副總統,在屏東縣各投開票所,屏東縣,　三地門鄉,馬兒村,0050,9,174,78,261,5,266,0,266,71,337,78.9318
第15任總統副總統,在屏東縣各投開票所,屏東縣,　三地門鄉,安坡村,0051,10,245,87,342,1,343,0,343,110,453,75.7174
第15任總統副總統,在屏東縣各投開票所,屏東縣,　三地門鄉,青山村,0052,10,409,127,546,7,553,0,553,122,675,81.9259
第15任總統副總統,在屏東縣各投開票所,屏東縣,　三地門鄉,青葉村,0053,13,314,125,452,3,455,0,455,155,610,74.5902
第15任總統副總統,在屏東縣各投開票所,屏東縣,　霧臺鄉,霧台村,0054,7,161,91,259,1,260,0,260,65,325,80.0000
第15任總統副總統,在屏東縣各投開票所,屏東縣,　霧臺鄉,霧台村,0055,10,341,150,501,2,503,0,503,122,625,80.4800
第15任總統副總統,在屏東縣各投開票所,屏東縣,　霧臺鄉,霧台村,0056,6,67,55,128,1,129,0,129,34,163,79.1411
第15任總統副總統,在屏東縣各投開票所,屏東縣,　霧臺鄉,吉露村,0057,5,103,29,137,0,137,0,137,38,175,78.2857
第15任總統副總統,在屏東縣各投開票所,屏東縣,　霧臺鄉,阿禮村,0058,7,172,58,237,1,238,0,238,54,292,81.5068
第15任總統副總統,在屏東縣各投開票所,屏東縣,　霧臺鄉,好茶村,0059,13,227,156,396,3,399,0,399,85,484,82.4380
第15任總統副總統,在屏東縣各投開票所,屏東縣,　霧臺鄉,佳暮村,0060,12,200,51,263,3,266,0,266,71,337,78.9318
第15任總統副總統,在屏東縣各投開票所,屏東縣,　霧臺鄉,大武村,0061,9,225,79,313,2,315,0,315,123,438,71.9178
第15任總統副總統,在屏東縣各投開票所,屏東縣,　瑪家鄉,瑪家村,0062,13,216,114,343,5,348,0,348,89,437,79.6339
第15任總統副總統,在屏東縣各投開票所,屏東縣,　瑪家鄉,北葉村,0063,12,432,144,588,3,591,0,591,167,758,77.9683
第15任總統副總統,在屏東縣各投開票所,屏東縣,　瑪家鄉,三和村,0064,15,343,113,471,3,474,0,474,156,630,75.2381
第15任總統副總統,在屏東縣各投開票所,屏東縣,　瑪家鄉,三和村,0065,16,421,126,563,6,569,0,569,115,684,83.1871
第15任總統副總統,在屏東縣各投開票所,屏東縣,　瑪家鄉,三和村,0066,18,383,122,523,1,524,0,524,137,661,79.2738
第15任總統副總統,在屏東縣各投開票所,屏東縣,　瑪家鄉,凉山村,0067,11,542,194,747,8,755,0,755,262,1017,74.2380
第15任總統副總統,在屏東縣各投開票所,屏東縣,　瑪家鄉,佳義村,0068,32,425,221,678,5,683,0,683,176,859,79.5111
第15任總統副總統,在屏東縣各投開票所,屏東縣,　瑪家鄉,排灣村,0069,13,227,78,318,2,320,0,320,93,413,77.4818
第15任總統副總統,在屏東縣各投開票所,屏東縣,　泰武鄉,佳平村,0364,13,370,117,500,6,506,0,506,118,624,81.0897
第15任總統副總統,在屏東縣各投開票所,屏東縣,　泰武鄉,佳平村,0365,2,124,31,157,0,157,0,157,43,200,78.5000
第15任總統副總統,在屏東縣各投開票所,屏東縣,　泰武鄉,武潭村,0366,20,524,144,688,2,690,0,690,205,895,77.0950
第15任總統副總統,在屏東縣各投開票所,屏東縣,　泰武鄉,平和村,0367,13,246,232,491,6,497,0,497,87,584,85.1027
第15任總統副總統,在屏東縣各投開票所,屏東縣,　泰武鄉,萬安村,0368,25,454,103,582,3,585,0,585,164,749,78.1041
第15任總統副總統,在屏東縣各投開票所,屏東縣,　泰武鄉,佳興村,0369,3,224,53,280,1,281,0,281,124,405,69.3827
第15任總統副總統,在屏東縣各投開票所,屏東縣,　泰武鄉,泰武村,0370,19,450,117,586,6,592,0,592,181,773,76.5847
第15任總統副總統,在屏東縣各投開票所,屏東縣,　來義鄉,來義村,0514,20,474,149,643,4,647,0,647,248,895,72.2905
第15任總統副總統,在屏東縣各投開票所,屏東縣,　來義鄉,義林村,0515,8,191,78,277,2,279,0,279,66,345,80.8696
第15任總統副總統,在屏東縣各投開票所,屏東縣,　來義鄉,義林村,0516,3,122,34,159,1,160,0,160,62,222,72.0721
第15任總統副總統,在屏東縣各投開票所,屏東縣,　來義鄉,丹林村,0517,8,267,51,326,2,328,0,328,99,427,76.8150
第15任總統副總統,在屏東縣各投開票所,屏東縣,　來義鄉,丹林村,0518,9,156,36,201,3,204,0,204,67,271,75.2768
第15任總統副總統,在屏東縣各投開票所,屏東縣,　來義鄉,古樓村,0519,34,552,199,785,6,791,0,791,274,1065,74.2723
第15任總統副總統,在屏東縣各投開票所,屏東縣,　來義鄉,文樂村,0520,18,445,130,593,6,599,0,599,204,803,74.5953
第15任總統副總統,在屏東縣各投開票所,屏東縣,　來義鄉,望嘉村,0521,15,518,128,661,4,665,0,665,195,860,77.3256
第15任總統副總統,在屏東縣各投開票所,屏東縣,　來義鄉,南和村,0522,15,319,81,415,4,419,0,419,153,572,73.2517
第15任總統副總統,在屏東縣各投開票所,屏東縣,　來義鄉,南和村,0523,24,331,115,470,5,475,0,475,139,614,77.3616
第15任總統副總統,在屏東縣各投開票所,屏東縣,　春日鄉,春日村,0619,23,431,137,591,4,595,0,595,294,889,66.9291
第15任總統副總統,在屏東縣各投開票所,屏東縣,　春日鄉,古華村,0620,16,336,126,478,5,483,0,483,163,646,74.7678
第15任總統副總統,在屏東縣各投開票所,屏東縣,　春日鄉,士文村,0621,3,149,31,183,2,185,0,185,113,298,62.0805
第15任總統副總統,在屏東縣各投開票所,屏東縣,　春日鄉,七佳村,0622,15,472,161,648,5,653,0,653,245,898,72.7171
第15任總統副總統,在屏東縣各投開票所,屏東縣,　春日鄉,歸崇村,0623,12,363,78,453,4,457,0,457,174,631,72.4247
第15任總統副總統,在屏東縣各投開票所,屏東縣,　春日鄉,力里村,0624,11,249,76,336,7,343,0,343,128,471,72.8238
第15任總統副總統,在屏東縣各投開票所,屏東縣,　獅子鄉,楓林村,0631,14,358,134,506,1,507,0,507,198,705,71.9149
第15任總統副總統,在屏東縣各投開票所,屏東縣,　獅子鄉,丹路村,0632,17,407,113,537,3,540,0,540,217,757,71.3342
第15任總統副總統,在屏東縣各投開票所,屏東縣,　獅子鄉,草埔村,0633,13,385,72,470,1,471,0,471,185,656,71.7988
第15任總統副總統,在屏東縣各投開票所,屏東縣,　獅子鄉,內文村,0634,6,131,34,171,1,172,0,172,59,231,74.4589
第15任總統副總統,在屏東縣各投開票所,屏東縣,　獅子鄉,竹坑村,0635,7,155,55,217,3,220,0,220,78,298,73.8255
第15任總統副總統,在屏東縣各投開票所,屏東縣,　獅子鄉,獅子村,0636,5,233,89,327,4,331,0,331,136,467,70.8779
第15任總統副總統,在屏東縣各投開票所,屏東縣,　獅子鄉,內獅村,0637,14,357,77,448,6,454,0,454,133,587,77.3424
第15任總統副總統,在屏東縣各投開票所,屏東縣,　獅子鄉,南世村,0638,7,213,48,268,2,270,0,270,75,345,78.2609
第15任總統副總統,在屏東縣各投開票所,屏東縣,　牡丹鄉,石門村,0639,16,384,132,532,1,533,0,533,165,698,76.3610
第15任總統副總統,在屏東縣各投開票所,屏東縣,　牡丹鄉,石門村,0640,14,232,84,330,4,334,0,334,190,524,63.7405
第15任總統副總統,在屏東縣各投開票所,屏東縣,　牡丹鄉,石門村,0641,7,169,65,241,3,244,0,244,93,337,72.4036
第15任總統副總統,在屏東縣各投開票所,屏東縣,　牡丹鄉,牡丹村,0642,10,344,95,449,4,453,0,453,197,650,69.6923
第15任總統副總統,在屏東縣各投開票所,屏東縣,　牡丹鄉,東源村,0643,10,220,74,304,4,308,0,308,110,418,73.6842
第15任總統副總統,在屏東縣各投開票所,屏東縣,　牡丹鄉,旭海村,0644,14,151,63,228,1,229,0,229,133,362,63.2597
第15任總統副總統,在屏東縣各投開票所,屏東縣,　牡丹鄉,高士村,0645,12,301,79,392,4,396,0,396,165,561,70.5882
第15任總統副總統,在屏東縣各投開票所,屏東縣,　牡丹鄉,四林村,0646,17,205,53,275,4,279,0,279,256,535,52.1495
第15任總統副總統,在宜蘭縣各投開票所,宜蘭縣,　宜蘭市,民族里,0001,37,318,456,811,11,822,0,822,273,1095,75.0685
第15任總統副總統,在宜蘭縣各投開票所,宜蘭縣,　宜蘭市,民族里,0002,31,361,413,805,6,811,0,811,245,1056,76.7992
第15任總統副總統,在宜蘭縣各投開票所,宜蘭縣,　宜蘭市,建軍里,0003,19,243,357,619,11,630,0,630,197,827,76.1790
第15任總統副總統,在宜蘭縣各投開票所,宜蘭縣,　宜蘭市,建軍里,0004,29,210,325,564,7,571,0,571,163,734,77.7929
第15任總統副總統,在宜蘭縣各投開票所,宜蘭縣,　宜蘭市,泰山里,0005,25,301,385,711,4,715,0,715,277,992,72.0766
第15任總統副總統,在宜蘭縣各投開票所,宜蘭縣,　宜蘭市,泰山里,0006,25,267,364,656,12,668,0,668,278,946,70.6131
第15任總統副總統,在宜蘭縣各投開票所,宜蘭縣,　宜蘭市,負郭里,0007,28,253,372,653,10,663,0,663,227,890,74.4944
第15任總統副總統,在宜蘭縣各投開票所,宜蘭縣,　宜蘭市,負郭里,0008,28,267,448,743,8,751,0,751,231,982,76.4766
第15任總統副總統,在宜蘭縣各投開票所,宜蘭縣,　宜蘭市,負郭里,0009,37,256,397,690,10,700,0,700,245,945,74.0741
第15任總統副總統,在宜蘭縣各投開票所,宜蘭縣,　宜蘭市,思源里,0010,37,345,444,826,11,837,0,837,188,1025,81.6585
第15任總統副總統,在宜蘭縣各投開票所,宜蘭縣,　宜蘭市,思源里,0011,35,327,411,773,7,780,0,780,258,1038,75.1445
第15任總統副總統,在宜蘭縣各投開票所,宜蘭縣,　宜蘭市,思源里,0012,43,341,388,772,11,783,0,783,232,1015,77.1429
第15任總統副總統,在宜蘭縣各投開票所,宜蘭縣,　宜蘭市,思源里,0013,41,305,476,822,3,825,0,825,244,1069,77.1749
第15任總統副總統,在宜蘭縣各投開票所,宜蘭縣,　宜蘭市,七結里,0014,40,430,483,953,11,964,0,964,302,1266,76.1453
第15任總統副總統,在宜蘭縣各投開票所,宜蘭縣,　宜蘭市,七結里,0015,41,348,496,885,17,902,0,902,244,1146,78.7086
第15任總統副總統,在宜蘭縣各投開票所,宜蘭縣,　宜蘭市,文化里,0016,23,228,368,619,8,627,0,627,240,867,72.3183
第15任總統副總統,在宜蘭縣各投開票所,宜蘭縣,　宜蘭市,文化里,0017,38,292,361,691,8,699,0,699,240,939,74.4409
第15任總統副總統,在宜蘭縣各投開票所,宜蘭縣,　宜蘭市,文化里,0018,24,304,486,814,11,825,0,825,267,1092,75.5495
第15任總統副總統,在宜蘭縣各投開票所,宜蘭縣,　宜蘭市,復興里,0019,22,385,251,658,6,664,0,664,212,876,75.7991
第15任總統副總統,在宜蘭縣各投開票所,宜蘭縣,　宜蘭市,復興里,0020,14,265,317,596,5,601,0,601,170,771,77.9507
第15任總統副總統,在宜蘭縣各投開票所,宜蘭縣,　宜蘭市,復興里,0021,39,253,396,688,8,696,0,696,255,951,73.1861
第15任總統副總統,在宜蘭縣各投開票所,宜蘭縣,　宜蘭市,民權里,0022,16,233,274,523,10,533,0,533,450,983,54.2218
第15任總統副總統,在宜蘭縣各投開票所,宜蘭縣,　宜蘭市,民權里,0023,23,232,272,527,7,534,0,534,201,735,72.6531
第15任總統副總統,在宜蘭縣各投開票所,宜蘭縣,　宜蘭市,神農里,0024,17,238,269,524,6,530,0,530,163,693,76.4791
第15任總統副總統,在宜蘭縣各投開票所,宜蘭縣,　宜蘭市,神農里,0025,29,261,352,642,9,651,0,651,225,876,74.3151
第15任總統副總統,在宜蘭縣各投開票所,宜蘭縣,　宜蘭市,神農里,0026,30,291,401,722,12,734,0,734,240,974,75.3593
第15任總統副總統,在宜蘭縣各投開票所,宜蘭縣,　宜蘭市,大新里,0027,32,198,323,553,8,561,0,561,183,744,75.4032
第15任總統副總統,在宜蘭縣各投開票所,宜蘭縣,　宜蘭市,新民里,0028,28,188,322,538,4,542,0,542,164,706,76.7705
第15任總統副總統,在宜蘭縣各投開票所,宜蘭縣,　宜蘭市,新民里,0029,25,186,376,587,8,595,0,595,192,787,75.6036
第15任總統副總統,在宜蘭縣各投開票所,宜蘭縣,　宜蘭市,進士里,0030,36,306,483,825,12,837,0,837,262,1099,76.1601
第15任總統副總統,在宜蘭縣各投開票所,宜蘭縣,　宜蘭市,進士里,0031,36,302,402,740,5,745,0,745,211,956,77.9289
第15任總統副總統,在宜蘭縣各投開票所,宜蘭縣,　宜蘭市,南橋里,0032,30,296,575,901,11,912,0,912,278,1190,76.6387
第15任總統副總統,在宜蘭縣各投開票所,宜蘭縣,　宜蘭市,凱旋里,0033,35,284,617,936,9,945,0,945,306,1251,75.5396
第15任總統副總統,在宜蘭縣各投開票所,宜蘭縣,　宜蘭市,南津里,0034,16,296,389,701,10,711,0,711,220,931,76.3695
第15任總統副總統,在宜蘭縣各投開票所,宜蘭縣,　宜蘭市,南津里,0035,36,408,347,791,11,802,0,802,267,1069,75.0234
第15任總統副總統,在宜蘭縣各投開票所,宜蘭縣,　宜蘭市,建業里,0036,36,259,419,714,7,721,0,721,216,937,76.9477
第15任總統副總統,在宜蘭縣各投開票所,宜蘭縣,　宜蘭市,建業里,0037,21,166,377,564,10,574,0,574,174,748,76.7380
第15任總統副總統,在宜蘭縣各投開票所,宜蘭縣,　宜蘭市,擺厘里,0038,23,282,430,735,4,739,0,739,232,971,76.1071
第15任總統副總統,在宜蘭縣各投開票所,宜蘭縣,　宜蘭市,擺厘里,0039,29,284,360,673,11,684,0,684,217,901,75.9156
第15任總統副總統,在宜蘭縣各投開票所,宜蘭縣,　宜蘭市,擺厘里,0040,35,276,426,737,5,742,0,742,241,983,75.4832
第15任總統副總統,在宜蘭縣各投開票所,宜蘭縣,　宜蘭市,延平里,0041,39,285,452,776,11,787,0,787,260,1047,75.1671
第15任總統副總統,在宜蘭縣各投開票所,宜蘭縣,　宜蘭市,延平里,0042,34,304,489,827,3,830,0,830,243,1073,77.3532
第15任總統副總統,在宜蘭縣各投開票所,宜蘭縣,　宜蘭市,延平里,0043,42,295,452,789,10,799,0,799,213,1012,78.9526
第15任總統副總統,在宜蘭縣各投開票所,宜蘭縣,　宜蘭市,成功里,0044,22,164,395,581,12,593,0,593,222,815,72.7607
第15任總統副總統,在宜蘭縣各投開票所,宜蘭縣,　宜蘭市,成功里,0045,35,360,437,832,10,842,0,842,262,1104,76.2681
第15任總統副總統,在宜蘭縣各投開票所,宜蘭縣,　宜蘭市,成功里,0046,37,261,465,763,4,767,0,767,269,1036,74.0347
第15任總統副總統,在宜蘭縣各投開票所,宜蘭縣,　宜蘭市,東村里,0047,37,313,462,812,10,822,0,822,241,1063,77.3283
第15任總統副總統,在宜蘭縣各投開票所,宜蘭縣,　宜蘭市,東村里,0048,34,261,540,835,7,842,0,842,222,1064,79.1353
第15任總統副總統,在宜蘭縣各投開票所,宜蘭縣,　宜蘭市,新東里,0049,32,293,486,811,5,816,0,816,272,1088,75.0000
第15任總統副總統,在宜蘭縣各投開票所,宜蘭縣,　宜蘭市,新東里,0050,37,231,427,695,5,700,0,700,223,923,75.8397
第15任總統副總統,在宜蘭縣各投開票所,宜蘭縣,　宜蘭市,新東里,0051,20,276,423,719,7,726,0,726,286,1012,71.7391
第15任總統副總統,在宜蘭縣各投開票所,宜蘭縣,　宜蘭市,黎明里,0052,26,217,426,669,5,674,0,674,214,888,75.9009
第15任總統副總統,在宜蘭縣各投開票所,宜蘭縣,　宜蘭市,黎明里,0053,29,201,429,659,9,668,0,668,208,876,76.2557
第15任總統副總統,在宜蘭縣各投開票所,宜蘭縣,　宜蘭市,七張里,0054,12,134,437,583,5,588,0,588,169,757,77.6750
第15任總統副總統,在宜蘭縣各投開票所,宜蘭縣,　宜蘭市,七張里,0055,29,150,303,482,4,486,0,486,191,677,71.7873
第15任總統副總統,在宜蘭縣各投開票所,宜蘭縣,　宜蘭市,孝廉里,0056,40,251,556,847,11,858,0,858,300,1158,74.0933
第15任總統副總統,在宜蘭縣各投開票所,宜蘭縣,　宜蘭市,東門里,0057,26,221,451,698,9,707,0,707,216,923,76.5980
第15任總統副總統,在宜蘭縣各投開票所,宜蘭縣,　宜蘭市,小東里,0058,22,231,367,620,6,626,0,626,183,809,77.3795
第15任總統副總統,在宜蘭縣各投開票所,宜蘭縣,　宜蘭市,小東里,0059,24,199,374,597,2,599,0,599,165,764,78.4031
第15任總統副總統,在宜蘭縣各投開票所,宜蘭縣,　宜蘭市,菜園里,0060,35,341,570,946,11,957,0,957,339,1296,73.8426
第15任總統副總統,在宜蘭縣各投開票所,宜蘭縣,　宜蘭市,慈安里,0061,32,196,353,581,3,584,0,584,285,869,67.2037
第15任總統副總統,在宜蘭縣各投開票所,宜蘭縣,　宜蘭市,慈安里,0062,29,226,374,629,5,634,0,634,250,884,71.7195
第15任總統副總統,在宜蘭縣各投開票所,宜蘭縣,　宜蘭市,中興里,0063,36,335,471,842,7,849,0,849,349,1198,70.8681
第15任總統副總統,在宜蘭縣各投開票所,宜蘭縣,　宜蘭市,中興里,0064,35,196,291,522,9,531,0,531,229,760,69.8684
第15任總統副總統,在宜蘭縣各投開票所,宜蘭縣,　宜蘭市,中興里,0065,29,201,359,589,7,596,0,596,239,835,71.3772
第15任總統副總統,在宜蘭縣各投開票所,宜蘭縣,　宜蘭市,新生里,0066,23,172,436,631,6,637,0,637,224,861,73.9837
第15任總統副總統,在宜蘭縣各投開票所,宜蘭縣,　宜蘭市,新生里,0067,18,127,425,570,3,573,0,573,217,790,72.5316
第15任總統副總統,在宜蘭縣各投開票所,宜蘭縣,　宜蘭市,新生里,0068,28,230,408,666,10,676,0,676,218,894,75.6152
第15任總統副總統,在宜蘭縣各投開票所,宜蘭縣,　宜蘭市,茭白里,0069,31,277,468,776,8,784,0,784,277,1061,73.8926
第15任總統副總統,在宜蘭縣各投開票所,宜蘭縣,　宜蘭市,茭白里,0070,40,196,446,682,10,692,0,692,242,934,74.0899
第15任總統副總統,在宜蘭縣各投開票所,宜蘭縣,　宜蘭市,北津里,0071,28,249,507,784,6,790,0,790,283,1073,73.6253
第15任總統副總統,在宜蘭縣各投開票所,宜蘭縣,　宜蘭市,北津里,0072,37,226,574,837,7,844,0,844,250,1094,77.1481
第15任總統副總統,在宜蘭縣各投開票所,宜蘭縣,　宜蘭市,梅洲里,0073,29,227,452,708,6,714,0,714,205,919,77.6931
第15任總統副總統,在宜蘭縣各投開票所,宜蘭縣,　宜蘭市,梅洲里,0074,40,223,543,806,5,811,0,811,306,1117,72.6052
第15任總統副總統,在宜蘭縣各投開票所,宜蘭縣,　宜蘭市,梅洲里,0075,26,192,523,741,10,751,0,751,242,993,75.6294
第15任總統副總統,在宜蘭縣各投開票所,宜蘭縣,　宜蘭市,南門里,0076,14,173,294,481,5,486,0,486,154,640,75.9375
第15任總統副總統,在宜蘭縣各投開票所,宜蘭縣,　宜蘭市,南門里,0077,30,148,353,531,8,539,0,539,162,701,76.8902
第15任總統副總統,在宜蘭縣各投開票所,宜蘭縣,　宜蘭市,中山里,0078,29,244,375,648,10,658,0,658,251,909,72.3872
第15任總統副總統,在宜蘭縣各投開票所,宜蘭縣,　宜蘭市,西門里,0079,37,195,396,628,7,635,0,635,168,803,79.0785
第15任總統副總統,在宜蘭縣各投開票所,宜蘭縣,　宜蘭市,西門里,0080,23,189,449,661,5,666,0,666,213,879,75.7679
第15任總統副總統,在宜蘭縣各投開票所,宜蘭縣,　宜蘭市,北門里,0081,37,245,568,850,8,858,0,858,254,1112,77.1583
第15任總統副總統,在宜蘭縣各投開票所,宜蘭縣,　羅東鎮,開明里,0082,18,143,359,520,4,524,0,524,141,665,78.7970
第15任總統副總統,在宜蘭縣各投開票所,宜蘭縣,　羅東鎮,開明里,0083,12,136,353,501,5,506,0,506,178,684,73.9766
第15任總統副總統,在宜蘭縣各投開票所,宜蘭縣,　羅東鎮,大新里,0084,52,328,666,1046,18,1064,0,1064,386,1450,73.3793
第15任總統副總統,在宜蘭縣各投開票所,宜蘭縣,　羅東鎮,東安里,0085,41,261,780,1082,6,1088,0,1088,311,1399,77.7698
第15任總統副總統,在宜蘭縣各投開票所,宜蘭縣,　羅東鎮,東安里,0086,35,259,479,773,8,781,0,781,286,1067,73.1959
第15任總統副總統,在宜蘭縣各投開票所,宜蘭縣,　羅東鎮,東安里,0087,23,226,439,688,5,693,0,693,228,921,75.2443
第15任總統副總統,在宜蘭縣各投開票所,宜蘭縣,　羅東鎮,新群里,0088,41,262,779,1082,11,1093,0,1093,360,1453,75.2237
第15任總統副總統,在宜蘭縣各投開票所,宜蘭縣,　羅東鎮,新群里,0089,42,247,565,854,9,863,0,863,258,1121,76.9848
第15任總統副總統,在宜蘭縣各投開票所,宜蘭縣,　羅東鎮,羅莊里,0090,33,295,605,933,7,940,0,940,310,1250,75.2000
第15任總統副總統,在宜蘭縣各投開票所,宜蘭縣,　羅東鎮,羅莊里,0091,24,198,391,613,8,621,0,621,197,818,75.9169
第15任總統副總統,在宜蘭縣各投開票所,宜蘭縣,　羅東鎮,羅莊里,0092,22,216,393,631,2,633,0,633,214,847,74.7344
第15任總統副總統,在宜蘭縣各投開票所,宜蘭縣,　羅東鎮,南昌里,0093,49,354,670,1073,9,1082,0,1082,393,1475,73.3559
第15任總統副總統,在宜蘭縣各投開票所,宜蘭縣,　羅東鎮,南昌里,0094,34,236,370,640,2,642,0,642,178,820,78.2927
第15任總統副總統,在宜蘭縣各投開票所,宜蘭縣,　羅東鎮,南豪里,0095,33,316,608,957,7,964,0,964,310,1274,75.6672
第15任總統副總統,在宜蘭縣各投開票所,宜蘭縣,　羅東鎮,成功里,0096,42,360,718,1120,14,1134,0,1134,288,1422,79.7468
第15任總統副總統,在宜蘭縣各投開票所,宜蘭縣,　羅東鎮,仁德里,0097,26,270,511,807,9,816,0,816,295,1111,73.4473
第15任總統副總統,在宜蘭縣各投開票所,宜蘭縣,　羅東鎮,仁和里,0098,31,228,458,717,9,726,0,726,248,974,74.5380
第15任總統副總統,在宜蘭縣各投開票所,宜蘭縣,　羅東鎮,中山里,0099,35,309,676,1020,11,1031,0,1031,304,1335,77.2285
第15任總統副總統,在宜蘭縣各投開票所,宜蘭縣,　羅東鎮,漢民里,0100,35,228,515,778,4,782,0,782,261,1043,74.9760
第15任總統副總統,在宜蘭縣各投開票所,宜蘭縣,　羅東鎮,漢民里,0101,36,339,562,937,3,940,0,940,317,1257,74.7812
第15任總統副總統,在宜蘭縣各投開票所,宜蘭縣,　羅東鎮,漢民里,0102,44,292,564,900,10,910,0,910,322,1232,73.8636
第15任總統副總統,在宜蘭縣各投開票所,宜蘭縣,　羅東鎮,維揚里,0103,24,277,435,736,8,744,0,744,242,986,75.4564
第15任總統副總統,在宜蘭縣各投開票所,宜蘭縣,　羅東鎮,維揚里,0104,27,236,450,713,7,720,0,720,203,923,78.0065
第15任總統副總統,在宜蘭縣各投開票所,宜蘭縣,　羅東鎮,維揚里,0105,27,227,479,733,5,738,0,738,212,950,77.6842
第15任總統副總統,在宜蘭縣各投開票所,宜蘭縣,　羅東鎮,西安里,0106,42,315,704,1061,8,1069,0,1069,329,1398,76.4664
第15任總統副總統,在宜蘭縣各投開票所,宜蘭縣,　羅東鎮,西安里,0107,39,338,618,995,12,1007,0,1007,342,1349,74.6479
第15任總統副總統,在宜蘭縣各投開票所,宜蘭縣,　羅東鎮,北成里,0108,30,215,527,772,2,774,0,774,258,1032,75.0000
第15任總統副總統,在宜蘭縣各投開票所,宜蘭縣,　羅東鎮,北成里,0109,29,192,430,651,4,655,0,655,189,844,77.6066
第15任總統副總統,在宜蘭縣各投開票所,宜蘭縣,　羅東鎮,北成里,0110,29,174,383,586,5,591,0,591,214,805,73.4161
第15任總統副總統,在宜蘭縣各投開票所,宜蘭縣,　羅東鎮,國華里,0111,31,261,493,785,8,793,0,793,240,1033,76.7667
第15任總統副總統,在宜蘭縣各投開票所,宜蘭縣,　羅東鎮,國華里,0112,26,311,502,839,10,849,0,849,249,1098,77.3224
第15任總統副總統,在宜蘭縣各投開票所,宜蘭縣,　羅東鎮,國華里,0113,37,301,469,807,10,817,0,817,269,1086,75.2302
第15任總統副總統,在宜蘭縣各投開票所,宜蘭縣,　羅東鎮,國華里,0114,23,237,445,705,8,713,0,713,217,930,76.6667
第15任總統副總統,在宜蘭縣各投開票所,宜蘭縣,　羅東鎮,賢文里,0115,36,337,632,1005,5,1010,0,1010,345,1355,74.5387
第15任總統副總統,在宜蘭縣各投開票所,宜蘭縣,　羅東鎮,賢文里,0116,30,295,486,811,15,826,0,826,267,1093,75.5718
第15任總統副總統,在宜蘭縣各投開票所,宜蘭縣,　羅東鎮,賢文里,0117,31,251,458,740,11,751,0,751,274,1025,73.2683
第15任總統副總統,在宜蘭縣各投開票所,宜蘭縣,　羅東鎮,公正里,0118,38,333,664,1035,16,1051,0,1051,314,1365,76.9963
第15任總統副總統,在宜蘭縣各投開票所,宜蘭縣,　羅東鎮,公正里,0119,22,310,609,941,14,955,0,955,299,1254,76.1563
第15任總統副總統,在宜蘭縣各投開票所,宜蘭縣,　羅東鎮,集祥里,0120,26,219,425,670,5,675,0,675,459,1134,59.5238
第15任總統副總統,在宜蘭縣各投開票所,宜蘭縣,　羅東鎮,信義里,0121,32,258,495,785,6,791,0,791,247,1038,76.2042
第15任總統副總統,在宜蘭縣各投開票所,宜蘭縣,　羅東鎮,信義里,0122,28,228,494,750,8,758,0,758,219,977,77.5844
第15任總統副總統,在宜蘭縣各投開票所,宜蘭縣,　羅東鎮,信義里,0123,21,170,375,566,6,572,0,572,170,742,77.0889
第15任總統副總統,在宜蘭縣各投開票所,宜蘭縣,　羅東鎮,樹林里,0124,41,390,636,1067,13,1080,0,1080,211,1291,83.6561
第15任總統副總統,在宜蘭縣各投開票所,宜蘭縣,　羅東鎮,樹林里,0125,24,239,415,678,3,681,0,681,185,866,78.6374
第15任總統副總統,在宜蘭縣各投開票所,宜蘭縣,　羅東鎮,樹林里,0126,28,330,512,870,9,879,0,879,244,1123,78.2725
第15任總統副總統,在宜蘭縣各投開票所,宜蘭縣,　羅東鎮,竹林里,0127,20,193,486,699,6,705,0,705,218,923,76.3814
第15任總統副總統,在宜蘭縣各投開票所,宜蘭縣,　羅東鎮,竹林里,0128,17,215,470,702,6,708,0,708,237,945,74.9206
第15任總統副總統,在宜蘭縣各投開票所,宜蘭縣,　羅東鎮,竹林里,0129,25,217,469,711,3,714,0,714,230,944,75.6356
第15任總統副總統,在宜蘭縣各投開票所,宜蘭縣,　羅東鎮,仁愛里,0130,27,317,652,996,9,1005,0,1005,320,1325,75.8491
第15任總統副總統,在宜蘭縣各投開票所,宜蘭縣,　羅東鎮,仁愛里,0131,27,213,532,772,10,782,0,782,231,1013,77.1964
第15任總統副總統,在宜蘭縣各投開票所,宜蘭縣,　羅東鎮,仁愛里,0132,37,281,518,836,8,844,0,844,243,1087,77.6449
第15任總統副總統,在宜蘭縣各投開票所,宜蘭縣,　蘇澳鎮,龍德里,0133,28,149,420,597,6,603,0,603,215,818,73.7164
第15任總統副總統,在宜蘭縣各投開票所,宜蘭縣,　蘇澳鎮,龍德里,0134,24,179,479,682,11,693,0,693,211,904,76.6593
第15任總統副總統,在宜蘭縣各投開票所,宜蘭縣,　蘇澳鎮,龍德里,0135,24,191,441,656,10,666,0,666,235,901,73.9179
第15任總統副總統,在宜蘭縣各投開票所,宜蘭縣,　蘇澳鎮,龍德里,0136,13,140,342,495,10,505,0,505,173,678,74.4838
第15任總統副總統,在宜蘭縣各投開票所,宜蘭縣,　蘇澳鎮,頂寮里,0137,24,170,539,733,9,742,0,742,221,963,77.0509
第15任總統副總統,在宜蘭縣各投開票所,宜蘭縣,　蘇澳鎮,永榮里,0138,35,220,450,705,6,711,0,711,280,991,71.7457
第15任總統副總統,在宜蘭縣各投開票所,宜蘭縣,　蘇澳鎮,永榮里,0139,32,194,459,685,5,690,0,690,224,914,75.4923
第15任總統副總統,在宜蘭縣各投開票所,宜蘭縣,　蘇澳鎮,永榮里,0140,30,193,448,671,9,680,0,680,238,918,74.0741
第15任總統副總統,在宜蘭縣各投開票所,宜蘭縣,　蘇澳鎮,永榮里,0141,23,139,398,560,3,563,0,563,192,755,74.5695
第15任總統副總統,在宜蘭縣各投開票所,宜蘭縣,　蘇澳鎮,存仁里,0142,12,108,265,385,6,391,0,391,138,529,73.9130
第15任總統副總統,在宜蘭縣各投開票所,宜蘭縣,　蘇澳鎮,存仁里,0143,3,55,180,238,2,240,0,240,96,336,71.4286
第15任總統副總統,在宜蘭縣各投開票所,宜蘭縣,　蘇澳鎮,港邊里,0144,17,175,365,557,3,560,0,560,270,830,67.4699
第15任總統副總統,在宜蘭縣各投開票所,宜蘭縣,　蘇澳鎮,港邊里,0145,10,69,208,287,6,293,0,293,122,415,70.6024
第15任總統副總統,在宜蘭縣各投開票所,宜蘭縣,　蘇澳鎮,隘丁里,0146,23,205,476,704,9,713,0,713,257,970,73.5052
第15任總統副總統,在宜蘭縣各投開票所,宜蘭縣,　蘇澳鎮,隘丁里,0147,28,201,486,715,9,724,0,724,229,953,75.9706
第15任總統副總統,在宜蘭縣各投開票所,宜蘭縣,　蘇澳鎮,隘丁里,0148,30,213,505,748,4,752,0,752,234,986,76.2677
第15任總統副總統,在宜蘭縣各投開票所,宜蘭縣,　蘇澳鎮,新城里,0149,29,161,410,600,7,607,0,607,209,816,74.3873
第15任總統副總統,在宜蘭縣各投開票所,宜蘭縣,　蘇澳鎮,新城里,0150,12,110,200,322,3,325,0,325,124,449,72.3831
第15任總統副總統,在宜蘭縣各投開票所,宜蘭縣,　蘇澳鎮,聖愛里,0151,27,170,346,543,4,547,0,547,229,776,70.4897
第15任總統副總統,在宜蘭縣各投開票所,宜蘭縣,　蘇澳鎮,聖愛里,0152,17,235,347,599,4,603,0,603,216,819,73.6264
第15任總統副總統,在宜蘭縣各投開票所,宜蘭縣,　蘇澳鎮,聖愛里,0153,27,234,479,740,9,749,0,749,347,1096,68.3394
第15任總統副總統,在宜蘭縣各投開票所,宜蘭縣,　蘇澳鎮,聖湖里,0154,22,201,195,418,5,423,1,424,141,565,74.8673
第15任總統副總統,在宜蘭縣各投開票所,宜蘭縣,　蘇澳鎮,聖湖里,0155,22,231,355,608,7,615,0,615,227,842,73.0404
第15任總統副總統,在宜蘭縣各投開票所,宜蘭縣,　蘇澳鎮,聖湖里,0156,34,241,337,612,7,619,0,619,198,817,75.7650
第15任總統副總統,在宜蘭縣各投開票所,宜蘭縣,　蘇澳鎮,蘇西里,0157,25,255,327,607,8,615,0,615,247,862,71.3457
第15任總統副總統,在宜蘭縣各投開票所,宜蘭縣,　蘇澳鎮,蘇西里,0158,14,181,241,436,6,442,0,442,198,640,69.0625
第15任總統副總統,在宜蘭縣各投開票所,宜蘭縣,　蘇澳鎮,蘇西里,0159,17,196,390,603,8,611,0,611,216,827,73.8815
第15任總統副總統,在宜蘭縣各投開票所,宜蘭縣,　蘇澳鎮,蘇北里,0160,36,280,392,708,8,716,0,716,261,977,73.2856
第15任總統副總統,在宜蘭縣各投開票所,宜蘭縣,　蘇澳鎮,蘇南里,0161,12,108,214,334,4,338,0,338,102,440,76.8182
第15任總統副總統,在宜蘭縣各投開票所,宜蘭縣,　蘇澳鎮,蘇東里,0162,16,134,207,357,3,360,0,360,147,507,71.0059
第15任總統副總統,在宜蘭縣各投開票所,宜蘭縣,　蘇澳鎮,長安里,0163,15,132,216,363,10,373,0,373,147,520,71.7308
第15任總統副總統,在宜蘭縣各投開票所,宜蘭縣,　蘇澳鎮,永光里,0164,13,127,180,320,6,326,0,326,112,438,74.4292
第15任總統副總統,在宜蘭縣各投開票所,宜蘭縣,　蘇澳鎮,永春里,0165,14,152,231,397,8,405,0,405,167,572,70.8042
第15任總統副總統,在宜蘭縣各投開票所,宜蘭縣,　蘇澳鎮,永樂里,0166,18,102,184,304,2,306,0,306,126,432,70.8333
第15任總統副總統,在宜蘭縣各投開票所,宜蘭縣,　蘇澳鎮,南安里,0167,28,258,388,674,10,684,0,684,233,917,74.5911
第15任總統副總統,在宜蘭縣各投開票所,宜蘭縣,　蘇澳鎮,南正里,0168,21,191,421,633,8,641,0,641,284,925,69.2973
第15任總統副總統,在宜蘭縣各投開票所,宜蘭縣,　蘇澳鎮,南成里,0169,16,120,204,340,3,343,0,343,167,510,67.2549
第15任總統副總統,在宜蘭縣各投開票所,宜蘭縣,　蘇澳鎮,南成里,0170,21,111,238,370,3,373,0,373,197,570,65.4386
第15任總統副總統,在宜蘭縣各投開票所,宜蘭縣,　蘇澳鎮,南興里,0171,18,188,284,490,6,496,0,496,254,750,66.1333
第15任總統副總統,在宜蘭縣各投開票所,宜蘭縣,　蘇澳鎮,南興里,0172,27,150,249,426,6,432,0,432,254,686,62.9738
第15任總統副總統,在宜蘭縣各投開票所,宜蘭縣,　蘇澳鎮,南寧里,0173,28,245,397,670,9,679,0,679,357,1036,65.5405
第15任總統副總統,在宜蘭縣各投開票所,宜蘭縣,　蘇澳鎮,南建里,0174,22,151,269,442,7,449,0,449,185,634,70.8202
第15任總統副總統,在宜蘭縣各投開票所,宜蘭縣,　蘇澳鎮,南建里,0175,11,94,278,383,1,384,0,384,165,549,69.9454
第15任總統副總統,在宜蘭縣各投開票所,宜蘭縣,　蘇澳鎮,東澳里,0176,9,93,123,225,1,226,0,226,108,334,67.6647
第15任總統副總統,在宜蘭縣各投開票所,宜蘭縣,　蘇澳鎮,南強里,0177,12,129,321,462,8,470,0,470,232,702,66.9516
第15任總統副總統,在宜蘭縣各投開票所,宜蘭縣,　蘇澳鎮,朝陽里,0178,7,47,162,216,9,225,0,225,141,366,61.4754
第15任總統副總統,在宜蘭縣各投開票所,宜蘭縣,　蘇澳鎮,朝陽里,0179,6,39,94,139,1,140,0,140,77,217,64.5161
第15任總統副總統,在宜蘭縣各投開票所,宜蘭縣,　頭城鎮,石城里,0180,9,57,125,191,1,192,0,192,105,297,64.6465
第15任總統副總統,在宜蘭縣各投開票所,宜蘭縣,　頭城鎮,大里里,0181,25,179,232,436,5,441,0,441,218,659,66.9196
第15任總統副總統,在宜蘭縣各投開票所,宜蘭縣,　頭城鎮,龜山里,0182,17,196,224,437,8,445,0,445,232,677,65.7312
第15任總統副總統,在宜蘭縣各投開票所,宜蘭縣,　頭城鎮,大溪里,0183,31,167,337,535,11,546,0,546,330,876,62.3288
第15任總統副總統,在宜蘭縣各投開票所,宜蘭縣,　頭城鎮,合興里,0184,7,87,110,204,7,211,0,211,135,346,60.9827
第15任總統副總統,在宜蘭縣各投開票所,宜蘭縣,　頭城鎮,更新里,0185,22,179,202,403,5,408,0,408,199,607,67.2158
第15任總統副總統,在宜蘭縣各投開票所,宜蘭縣,　頭城鎮,更新里,0186,20,184,239,443,2,445,0,445,259,704,63.2102
第15任總統副總統,在宜蘭縣各投開票所,宜蘭縣,　頭城鎮,外澳里,0187,28,212,286,526,9,535,0,535,322,857,62.4271
第15任總統副總統,在宜蘭縣各投開票所,宜蘭縣,　頭城鎮,港口里,0188,16,155,288,459,5,464,0,464,211,675,68.7407
第15任總統副總統,在宜蘭縣各投開票所,宜蘭縣,　頭城鎮,武營里,0189,32,237,305,574,6,580,0,580,242,822,70.5596
第15任總統副總統,在宜蘭縣各投開票所,宜蘭縣,　頭城鎮,武營里,0190,27,232,257,516,10,526,0,526,174,700,75.1429
第15任總統副總統,在宜蘭縣各投開票所,宜蘭縣,　頭城鎮,大坑里,0191,33,185,293,511,6,517,0,517,230,747,69.2102
第15任總統副總統,在宜蘭縣各投開票所,宜蘭縣,　頭城鎮,大坑里,0192,16,137,215,368,3,371,0,371,176,547,67.8245
第15任總統副總統,在宜蘭縣各投開票所,宜蘭縣,　頭城鎮,城東里,0193,21,242,268,531,6,537,0,537,158,695,77.2662
第15任總統副總統,在宜蘭縣各投開票所,宜蘭縣,　頭城鎮,城北里,0194,7,173,179,359,5,364,0,364,117,481,75.6757
第15任總統副總統,在宜蘭縣各投開票所,宜蘭縣,　頭城鎮,城西里,0195,21,186,204,411,3,414,0,414,133,547,75.6856
第15任總統副總統,在宜蘭縣各投開票所,宜蘭縣,　頭城鎮,城南里,0196,22,197,237,456,2,458,0,458,161,619,73.9903
第15任總統副總統,在宜蘭縣各投開票所,宜蘭縣,　頭城鎮,竹安里,0197,28,202,486,716,10,726,0,726,352,1078,67.3469
第15任總統副總統,在宜蘭縣各投開票所,宜蘭縣,　頭城鎮,竹安里,0198,36,298,351,685,5,690,0,690,313,1003,68.7936
第15任總統副總統,在宜蘭縣各投開票所,宜蘭縣,　頭城鎮,新建里,0199,18,216,355,589,9,598,0,598,245,843,70.9371
第15任總統副總統,在宜蘭縣各投開票所,宜蘭縣,　頭城鎮,新建里,0200,59,326,431,816,9,825,0,825,297,1122,73.5294
第15任總統副總統,在宜蘭縣各投開票所,宜蘭縣,　頭城鎮,拔雅里,0201,39,219,351,609,7,616,0,616,263,879,70.0796
第15任總統副總統,在宜蘭縣各投開票所,宜蘭縣,　頭城鎮,拔雅里,0202,42,274,484,800,13,813,0,813,289,1102,73.7750
第15任總統副總統,在宜蘭縣各投開票所,宜蘭縣,　頭城鎮,福成里,0203,34,224,386,644,6,650,0,650,263,913,71.1939
第15任總統副總統,在宜蘭縣各投開票所,宜蘭縣,　頭城鎮,金面里,0204,27,359,361,747,10,757,0,757,262,1019,74.2885
第15任總統副總統,在宜蘭縣各投開票所,宜蘭縣,　頭城鎮,金面里,0205,20,143,270,433,6,439,0,439,245,684,64.1813
第15任總統副總統,在宜蘭縣各投開票所,宜蘭縣,　頭城鎮,金盈里,0206,23,200,246,469,7,476,0,476,190,666,71.4715
第15任總統副總統,在宜蘭縣各投開票所,宜蘭縣,　頭城鎮,頂埔里,0207,15,150,255,420,5,425,0,425,159,584,72.7740
第15任總統副總統,在宜蘭縣各投開票所,宜蘭縣,　頭城鎮,頂埔里,0208,32,206,307,545,5,550,0,550,190,740,74.3243
第15任總統副總統,在宜蘭縣各投開票所,宜蘭縣,　頭城鎮,下埔里,0209,22,231,375,628,6,634,0,634,248,882,71.8821
第15任總統副總統,在宜蘭縣各投開票所,宜蘭縣,　頭城鎮,中崙里,0210,28,273,403,704,11,715,0,715,293,1008,70.9325
第15任總統副總統,在宜蘭縣各投開票所,宜蘭縣,　頭城鎮,二城里,0211,35,243,461,739,10,749,0,749,338,1087,68.9052
第15任總統副總統,在宜蘭縣各投開票所,宜蘭縣,　礁溪鄉,白雲村,0212,37,235,492,764,10,774,0,774,318,1092,70.8791
第15任總統副總統,在宜蘭縣各投開票所,宜蘭縣,　礁溪鄉,白雲村,0213,13,142,193,348,2,350,0,350,141,491,71.2831
第15任總統副總統,在宜蘭縣各投開票所,宜蘭縣,　礁溪鄉,玉石村,0214,39,218,426,683,6,689,0,689,276,965,71.3990
第15任總統副總統,在宜蘭縣各投開票所,宜蘭縣,　礁溪鄉,玉石村,0215,24,260,376,660,7,667,0,667,286,953,69.9895
第15任總統副總統,在宜蘭縣各投開票所,宜蘭縣,　礁溪鄉,德陽村,0216,28,305,351,684,14,698,0,698,257,955,73.0890
第15任總統副總統,在宜蘭縣各投開票所,宜蘭縣,　礁溪鄉,德陽村,0217,35,275,330,640,3,643,0,643,289,932,68.9914
第15任總統副總統,在宜蘭縣各投開票所,宜蘭縣,　礁溪鄉,德陽村,0218,34,297,369,700,7,707,0,707,238,945,74.8148
第15任總統副總統,在宜蘭縣各投開票所,宜蘭縣,　礁溪鄉,德陽村,0219,34,305,455,794,9,803,0,803,297,1100,73.0000
第15任總統副總統,在宜蘭縣各投開票所,宜蘭縣,　礁溪鄉,大忠村,0220,24,211,299,534,5,539,0,539,240,779,69.1913
第15任總統副總統,在宜蘭縣各投開票所,宜蘭縣,　礁溪鄉,大忠村,0221,24,236,352,612,3,615,0,615,270,885,69.4915
第15任總統副總統,在宜蘭縣各投開票所,宜蘭縣,　礁溪鄉,大忠村,0222,22,238,296,556,7,563,0,563,262,825,68.2424
第15任總統副總統,在宜蘭縣各投開票所,宜蘭縣,　礁溪鄉,大義村,0223,21,146,301,468,5,473,0,473,141,614,77.0358
第15任總統副總統,在宜蘭縣各投開票所,宜蘭縣,　礁溪鄉,六結村,0224,22,196,262,480,7,487,0,487,107,594,81.9865
第15任總統副總統,在宜蘭縣各投開票所,宜蘭縣,　礁溪鄉,六結村,0225,20,236,334,590,7,597,0,597,203,800,74.6250
第15任總統副總統,在宜蘭縣各投開票所,宜蘭縣,　礁溪鄉,二龍村,0226,45,242,546,833,9,842,0,842,342,1184,71.1149
第15任總統副總統,在宜蘭縣各投開票所,宜蘭縣,　礁溪鄉,時潮村,0227,27,170,416,613,10,623,0,623,221,844,73.8152
第15任總統副總統,在宜蘭縣各投開票所,宜蘭縣,　礁溪鄉,時潮村,0228,22,98,293,413,11,424,0,424,141,565,75.0442
第15任總統副總統,在宜蘭縣各投開票所,宜蘭縣,　礁溪鄉,玉田村,0229,31,150,485,666,9,675,0,675,237,912,74.0132
第15任總統副總統,在宜蘭縣各投開票所,宜蘭縣,　礁溪鄉,玉田村,0230,30,193,653,876,10,886,0,886,261,1147,77.2450
第15任總統副總統,在宜蘭縣各投開票所,宜蘭縣,　礁溪鄉,三民村,0231,25,174,389,588,9,597,0,597,214,811,73.6128
第15任總統副總統,在宜蘭縣各投開票所,宜蘭縣,　礁溪鄉,三民村,0232,14,158,290,462,3,465,0,465,162,627,74.1627
第15任總統副總統,在宜蘭縣各投開票所,宜蘭縣,　礁溪鄉,三民村,0233,25,195,427,647,10,657,0,657,257,914,71.8818
第15任總統副總統,在宜蘭縣各投開票所,宜蘭縣,　礁溪鄉,林美村,0234,35,238,515,788,14,802,0,802,338,1140,70.3509
第15任總統副總統,在宜蘭縣各投開票所,宜蘭縣,　礁溪鄉,白鵝村,0235,18,181,371,570,4,574,0,574,233,807,71.1276
第15任總統副總統,在宜蘭縣各投開票所,宜蘭縣,　礁溪鄉,玉光村,0236,21,206,527,754,12,766,0,766,256,1022,74.9511
第15任總統副總統,在宜蘭縣各投開票所,宜蘭縣,　礁溪鄉,光武村,0237,38,236,681,955,17,972,0,972,334,1306,74.4257
第15任總統副總統,在宜蘭縣各投開票所,宜蘭縣,　礁溪鄉,吳沙村,0238,26,231,408,665,4,669,0,669,197,866,77.2517
第15任總統副總統,在宜蘭縣各投開票所,宜蘭縣,　礁溪鄉,吳沙村,0239,23,181,418,622,6,628,0,628,187,815,77.0552
第15任總統副總統,在宜蘭縣各投開票所,宜蘭縣,　礁溪鄉,吳沙村,0240,19,163,434,616,5,621,0,621,174,795,78.1132
第15任總統副總統,在宜蘭縣各投開票所,宜蘭縣,　礁溪鄉,龍潭村,0241,37,213,571,821,10,831,0,831,243,1074,77.3743
第15任總統副總統,在宜蘭縣各投開票所,宜蘭縣,　礁溪鄉,龍潭村,0242,34,198,635,867,8,875,0,875,297,1172,74.6587
第15任總統副總統,在宜蘭縣各投開票所,宜蘭縣,　礁溪鄉,龍潭村,0243,19,169,524,712,8,720,0,720,264,984,73.1707
第15任總統副總統,在宜蘭縣各投開票所,宜蘭縣,　礁溪鄉,匏崙村,0244,22,205,447,674,8,682,0,682,245,927,73.5707
第15任總統副總統,在宜蘭縣各投開票所,宜蘭縣,　礁溪鄉,二結村,0245,8,71,228,307,5,312,0,312,98,410,76.0976
第15任總統副總統,在宜蘭縣各投開票所,宜蘭縣,　壯圍鄉,吉祥村,0246,29,191,379,599,4,603,0,603,215,818,73.7164
第15任總統副總統,在宜蘭縣各投開票所,宜蘭縣,　壯圍鄉,吉祥村,0247,24,193,394,611,8,619,0,619,167,786,78.7532
第15任總統副總統,在宜蘭縣各投開票所,宜蘭縣,　壯圍鄉,吉祥村,0248,33,194,444,671,5,676,0,676,231,907,74.5314
第15任總統副總統,在宜蘭縣各投開票所,宜蘭縣,　壯圍鄉,古結村,0249,41,222,519,782,14,796,0,796,262,1058,75.2363
第15任總統副總統,在宜蘭縣各投開票所,宜蘭縣,　壯圍鄉,美福村,0250,25,197,391,613,7,620,0,620,272,892,69.5067
第15任總統副總統,在宜蘭縣各投開票所,宜蘭縣,　壯圍鄉,美福村,0251,23,227,460,710,11,721,0,721,232,953,75.6558
第15任總統副總統,在宜蘭縣各投開票所,宜蘭縣,　壯圍鄉,新南村,0252,32,187,471,690,7,697,0,697,227,924,75.4329
第15任總統副總統,在宜蘭縣各投開票所,宜蘭縣,　壯圍鄉,東港村,0253,13,173,459,645,5,650,0,650,298,948,68.5654
第15任總統副總統,在宜蘭縣各投開票所,宜蘭縣,　壯圍鄉,復興村,0254,8,151,406,565,4,569,0,569,209,778,73.1362
第15任總統副總統,在宜蘭縣各投開票所,宜蘭縣,　壯圍鄉,復興村,0255,14,145,395,554,7,561,0,561,221,782,71.7391
第15任總統副總統,在宜蘭縣各投開票所,宜蘭縣,　壯圍鄉,過嶺村,0256,19,131,413,563,3,566,0,566,223,789,71.7364
第15任總統副總統,在宜蘭縣各投開票所,宜蘭縣,　壯圍鄉,過嶺村,0257,13,140,291,444,4,448,0,448,244,692,64.7399
第15任總統副總統,在宜蘭縣各投開票所,宜蘭縣,　壯圍鄉,永鎮村,0258,20,135,403,558,4,562,0,562,216,778,72.2365
第15任總統副總統,在宜蘭縣各投開票所,宜蘭縣,　壯圍鄉,忠孝村,0259,21,200,407,628,9,637,0,637,224,861,73.9837
第15任總統副總統,在宜蘭縣各投開票所,宜蘭縣,　壯圍鄉,忠孝村,0260,18,146,361,525,4,529,0,529,175,704,75.1420
第15任總統副總統,在宜蘭縣各投開票所,宜蘭縣,　壯圍鄉,忠孝村,0261,14,128,371,513,9,522,0,522,200,722,72.2992
第15任總統副總統,在宜蘭縣各投開票所,宜蘭縣,　壯圍鄉,古亭村,0262,21,127,335,483,9,492,0,492,173,665,73.9850
第15任總統副總統,在宜蘭縣各投開票所,宜蘭縣,　壯圍鄉,古亭村,0263,26,182,393,601,5,606,0,606,247,853,71.0434
第15任總統副總統,在宜蘭縣各投開票所,宜蘭縣,　壯圍鄉,功勞村,0264,36,254,623,913,11,924,0,924,276,1200,77.0000
第15任總統副總統,在宜蘭縣各投開票所,宜蘭縣,　壯圍鄉,美城村,0265,44,224,507,775,7,782,0,782,310,1092,71.6117
第15任總統副總統,在宜蘭縣各投開票所,宜蘭縣,　壯圍鄉,美城村,0266,31,222,522,775,10,785,0,785,298,1083,72.4838
第15任總統副總統,在宜蘭縣各投開票所,宜蘭縣,　壯圍鄉,新社村,0267,30,224,484,738,7,745,0,745,297,1042,71.4971
第15任總統副總統,在宜蘭縣各投開票所,宜蘭縣,　壯圍鄉,大福村,0268,23,193,401,617,5,622,0,622,299,921,67.5353
第15任總統副總統,在宜蘭縣各投開票所,宜蘭縣,　壯圍鄉,大福村,0269,17,162,394,573,11,584,0,584,237,821,71.1328
第15任總統副總統,在宜蘭縣各投開票所,宜蘭縣,　員山鄉,員山村,0270,46,360,626,1032,18,1050,0,1050,339,1389,75.5940
第15任總統副總統,在宜蘭縣各投開票所,宜蘭縣,　員山鄉,員山村,0271,16,194,409,619,11,630,0,630,245,875,72.0000
第15任總統副總統,在宜蘭縣各投開票所,宜蘭縣,　員山鄉,員山村,0272,25,259,603,887,13,900,0,900,281,1181,76.2066
第15任總統副總統,在宜蘭縣各投開票所,宜蘭縣,　員山鄉,員山村,0273,44,258,447,749,8,757,0,757,334,1091,69.3859
第15任總統副總統,在宜蘭縣各投開票所,宜蘭縣,　員山鄉,員山村,0274,24,294,469,787,8,795,0,795,235,1030,77.1845
第15任總統副總統,在宜蘭縣各投開票所,宜蘭縣,　員山鄉,尚德村,0275,25,178,522,725,8,733,0,733,289,1022,71.7221
第15任總統副總統,在宜蘭縣各投開票所,宜蘭縣,　員山鄉,尚德村,0276,30,254,488,772,18,790,0,790,328,1118,70.6619
第15任總統副總統,在宜蘭縣各投開票所,宜蘭縣,　員山鄉,惠好村,0277,27,129,454,610,10,620,0,620,172,792,78.2828
第15任總統副總統,在宜蘭縣各投開票所,宜蘭縣,　員山鄉,惠好村,0278,24,161,392,577,8,585,0,585,179,764,76.5707
第15任總統副總統,在宜蘭縣各投開票所,宜蘭縣,　員山鄉,七賢村,0279,25,158,328,511,6,517,0,517,194,711,72.7145
第15任總統副總統,在宜蘭縣各投開票所,宜蘭縣,　員山鄉,七賢村,0280,18,159,351,528,6,534,0,534,182,716,74.5810
第15任總統副總統,在宜蘭縣各投開票所,宜蘭縣,　員山鄉,深溝村,0281,25,220,486,731,9,740,0,740,247,987,74.9747
第15任總統副總統,在宜蘭縣各投開票所,宜蘭縣,　員山鄉,深溝村,0282,19,159,463,641,4,645,0,645,232,877,73.5462
第15任總統副總統,在宜蘭縣各投開票所,宜蘭縣,　員山鄉,蓁巷村,0283,39,202,607,848,5,853,0,853,330,1183,72.1048
第15任總統副總統,在宜蘭縣各投開票所,宜蘭縣,　員山鄉,內城村,0284,25,155,212,392,7,399,0,399,159,558,71.5054
第15任總統副總統,在宜蘭縣各投開票所,宜蘭縣,　員山鄉,內城村,0285,27,227,343,597,7,604,0,604,273,877,68.8712
第15任總統副總統,在宜蘭縣各投開票所,宜蘭縣,　員山鄉,中華村,0286,7,71,197,275,5,280,0,280,114,394,71.0660
第15任總統副總統,在宜蘭縣各投開票所,宜蘭縣,　員山鄉,中華村,0287,5,53,93,151,1,152,0,152,79,231,65.8009
第15任總統副總統,在宜蘭縣各投開票所,宜蘭縣,　員山鄉,永和村,0288,32,200,401,633,7,640,0,640,256,896,71.4286
第15任總統副總統,在宜蘭縣各投開票所,宜蘭縣,　員山鄉,永和村,0289,29,171,432,632,10,642,0,642,226,868,73.9631
第15任總統副總統,在宜蘭縣各投開票所,宜蘭縣,　員山鄉,頭分村,0290,15,136,299,450,5,455,0,455,148,603,75.4561
第15任總統副總統,在宜蘭縣各投開票所,宜蘭縣,　員山鄉,頭分村,0291,20,149,353,522,10,532,0,532,191,723,73.5823
第15任總統副總統,在宜蘭縣各投開票所,宜蘭縣,　員山鄉,枕山村,0292,18,134,416,568,10,578,0,578,181,759,76.1528
第15任總統副總統,在宜蘭縣各投開票所,宜蘭縣,　員山鄉,枕山村,0293,16,137,503,656,11,667,0,667,239,906,73.6203
第15任總統副總統,在宜蘭縣各投開票所,宜蘭縣,　員山鄉,枕山村,0294,4,99,310,413,0,413,0,413,160,573,72.0768
第15任總統副總統,在宜蘭縣各投開票所,宜蘭縣,　員山鄉,同樂村,0295,19,193,396,608,7,615,0,615,241,856,71.8458
第15任總統副總統,在宜蘭縣各投開票所,宜蘭縣,　員山鄉,同樂村,0296,13,126,379,518,7,525,0,525,205,730,71.9178
第15任總統副總統,在宜蘭縣各投開票所,宜蘭縣,　員山鄉,同樂村,0297,10,166,373,549,9,558,0,558,206,764,73.0366
第15任總統副總統,在宜蘭縣各投開票所,宜蘭縣,　員山鄉,湖東村,0298,24,169,424,617,10,627,0,627,218,845,74.2012
第15任總統副總統,在宜蘭縣各投開票所,宜蘭縣,　員山鄉,逸仙村,0299,29,140,458,627,7,634,0,634,227,861,73.6353
第15任總統副總統,在宜蘭縣各投開票所,宜蘭縣,　員山鄉,湖北村,0300,18,197,473,688,7,695,0,695,287,982,70.7739
第15任總統副總統,在宜蘭縣各投開票所,宜蘭縣,　員山鄉,湖西村,0301,12,114,322,448,1,449,0,449,218,667,67.3163
第15任總統副總統,在宜蘭縣各投開票所,宜蘭縣,　員山鄉,湖西村,0302,16,125,321,462,8,470,0,470,203,673,69.8366
第15任總統副總統,在宜蘭縣各投開票所,宜蘭縣,　冬山鄉,珍珠村,0303,17,152,462,631,7,638,0,638,163,801,79.6504
第15任總統副總統,在宜蘭縣各投開票所,宜蘭縣,　冬山鄉,珍珠村,0304,31,142,453,626,1,627,0,627,149,776,80.7990
第15任總統副總統,在宜蘭縣各投開票所,宜蘭縣,　冬山鄉,補城村,0305,27,210,611,848,6,854,0,854,278,1132,75.4417
第15任總統副總統,在宜蘭縣各投開票所,宜蘭縣,　冬山鄉,三奇村,0306,21,135,479,635,6,641,0,641,229,870,73.6782
第15任總統副總統,在宜蘭縣各投開票所,宜蘭縣,　冬山鄉,大興村,0307,33,145,480,658,5,663,0,663,203,866,76.5589
第15任總統副總統,在宜蘭縣各投開票所,宜蘭縣,　冬山鄉,東城村,0308,38,297,710,1045,11,1056,0,1056,308,1364,77.4194
第15任總統副總統,在宜蘭縣各投開票所,宜蘭縣,　冬山鄉,香和村,0309,43,258,808,1109,11,1120,0,1120,322,1442,77.6699
第15任總統副總統,在宜蘭縣各投開票所,宜蘭縣,　冬山鄉,香和村,0310,33,284,705,1022,16,1038,0,1038,377,1415,73.3569
第15任總統副總統,在宜蘭縣各投開票所,宜蘭縣,　冬山鄉,南興村,0311,27,276,736,1039,11,1050,0,1050,442,1492,70.3753
第15任總統副總統,在宜蘭縣各投開票所,宜蘭縣,　冬山鄉,南興村,0312,56,292,744,1092,17,1109,0,1109,297,1406,78.8762
第15任總統副總統,在宜蘭縣各投開票所,宜蘭縣,　冬山鄉,安平村,0313,13,86,413,512,7,519,0,519,190,709,73.2017
第15任總統副總統,在宜蘭縣各投開票所,宜蘭縣,　冬山鄉,冬山村,0314,28,138,330,496,4,500,0,500,168,668,74.8503
第15任總統副總統,在宜蘭縣各投開票所,宜蘭縣,　冬山鄉,太和村,0315,24,319,786,1129,17,1146,0,1146,324,1470,77.9592
第15任總統副總統,在宜蘭縣各投開票所,宜蘭縣,　冬山鄉,八寶村,0316,22,147,440,609,10,619,0,619,233,852,72.6526
第15任總統副總統,在宜蘭縣各投開票所,宜蘭縣,　冬山鄉,丸山村,0317,29,244,758,1031,14,1045,0,1045,411,1456,71.7720
第15任總統副總統,在宜蘭縣各投開票所,宜蘭縣,　冬山鄉,中山村,0318,7,79,288,374,7,381,0,381,93,474,80.3797
第15任總統副總統,在宜蘭縣各投開票所,宜蘭縣,　冬山鄉,順安村,0319,32,217,617,866,13,879,0,879,310,1189,73.9277
第15任總統副總統,在宜蘭縣各投開票所,宜蘭縣,　冬山鄉,順安村,0320,39,225,649,913,8,921,0,921,321,1242,74.1546
第15任總統副總統,在宜蘭縣各投開票所,宜蘭縣,　冬山鄉,順安村,0321,25,260,675,960,7,967,0,967,319,1286,75.1944
第15任總統副總統,在宜蘭縣各投開票所,宜蘭縣,　冬山鄉,順安村,0322,39,215,535,789,4,793,0,793,321,1114,71.1849
第15任總統副總統,在宜蘭縣各投開票所,宜蘭縣,　冬山鄉,永美村,0323,27,242,677,946,14,960,0,960,302,1262,76.0697
第15任總統副總統,在宜蘭縣各投開票所,宜蘭縣,　冬山鄉,永美村,0324,27,177,464,668,3,671,0,671,213,884,75.9050
第15任總統副總統,在宜蘭縣各投開票所,宜蘭縣,　冬山鄉,永美村,0325,26,177,446,649,6,655,0,655,193,848,77.2406
第15任總統副總統,在宜蘭縣各投開票所,宜蘭縣,　冬山鄉,武淵村,0326,27,219,677,923,6,929,0,929,267,1196,77.6756
第15任總統副總統,在宜蘭縣各投開票所,宜蘭縣,　冬山鄉,群英村,0327,57,280,748,1085,9,1094,0,1094,353,1447,75.6047
第15任總統副總統,在宜蘭縣各投開票所,宜蘭縣,　冬山鄉,群英村,0328,23,200,469,692,13,705,0,705,196,901,78.2464
第15任總統副總統,在宜蘭縣各投開票所,宜蘭縣,　冬山鄉,群英村,0329,29,245,509,783,6,789,0,789,266,1055,74.7867
第15任總統副總統,在宜蘭縣各投開票所,宜蘭縣,　冬山鄉,群英村,0330,23,242,546,811,6,817,0,817,305,1122,72.8164
第15任總統副總統,在宜蘭縣各投開票所,宜蘭縣,　冬山鄉,清溝村,0331,39,304,639,982,7,989,0,989,296,1285,76.9650
第15任總統副總統,在宜蘭縣各投開票所,宜蘭縣,　冬山鄉,清溝村,0332,40,268,587,895,12,907,0,907,278,1185,76.5401
第15任總統副總統,在宜蘭縣各投開票所,宜蘭縣,　冬山鄉,清溝村,0333,25,242,621,888,9,897,0,897,273,1170,76.6667
第15任總統副總統,在宜蘭縣各投開票所,宜蘭縣,　冬山鄉,鹿埔村,0334,35,223,721,979,6,985,0,985,297,1282,76.8331
第15任總統副總統,在宜蘭縣各投開票所,宜蘭縣,　冬山鄉,鹿埔村,0335,21,185,628,834,9,843,1,844,325,1169,72.1129
第15任總統副總統,在宜蘭縣各投開票所,宜蘭縣,　冬山鄉,得安村,0336,24,220,473,717,16,733,0,733,341,1074,68.2495
第15任總統副總統,在宜蘭縣各投開票所,宜蘭縣,　冬山鄉,廣興村,0337,34,239,641,914,8,922,0,922,305,1227,75.1426
第15任總統副總統,在宜蘭縣各投開票所,宜蘭縣,　冬山鄉,廣興村,0338,29,243,615,887,9,896,0,896,344,1240,72.2581
第15任總統副總統,在宜蘭縣各投開票所,宜蘭縣,　冬山鄉,廣安村,0339,28,194,482,704,4,708,0,708,239,947,74.7624
第15任總統副總統,在宜蘭縣各投開票所,宜蘭縣,　冬山鄉,廣安村,0340,26,159,361,546,2,548,0,548,137,685,80.0000
第15任總統副總統,在宜蘭縣各投開票所,宜蘭縣,　冬山鄉,柯林村,0341,19,155,459,633,5,638,0,638,212,850,75.0588
第15任總統副總統,在宜蘭縣各投開票所,宜蘭縣,　冬山鄉,柯林村,0342,22,170,441,633,8,641,0,641,196,837,76.5830
第15任總統副總統,在宜蘭縣各投開票所,宜蘭縣,　冬山鄉,大進村,0343,14,125,438,577,7,584,2,586,184,770,75.8442
第15任總統副總統,在宜蘭縣各投開票所,宜蘭縣,　五結鄉,三興村,0344,25,202,559,786,5,791,0,791,262,1053,75.1187
第15任總統副總統,在宜蘭縣各投開票所,宜蘭縣,　五結鄉,三興村,0345,25,157,505,687,6,693,0,693,234,927,74.7573
第15任總統副總統,在宜蘭縣各投開票所,宜蘭縣,　五結鄉,二結村,0346,12,207,381,600,6,606,0,606,208,814,74.4472
第15任總統副總統,在宜蘭縣各投開票所,宜蘭縣,　五結鄉,二結村,0347,31,216,464,711,4,715,0,715,214,929,76.9645
第15任總統副總統,在宜蘭縣各投開票所,宜蘭縣,　五結鄉,鎮安村,0348,25,170,364,559,4,563,0,563,184,747,75.3681
第15任總統副總統,在宜蘭縣各投開票所,宜蘭縣,　五結鄉,鎮安村,0349,23,172,411,606,4,610,0,610,197,807,75.5886
第15任總統副總統,在宜蘭縣各投開票所,宜蘭縣,　五結鄉,鎮安村,0350,22,188,504,714,5,719,0,719,230,949,75.7640
第15任總統副總統,在宜蘭縣各投開票所,宜蘭縣,　五結鄉,上四村,0351,21,199,387,607,2,609,0,609,180,789,77.1863
第15任總統副總統,在宜蘭縣各投開票所,宜蘭縣,　五結鄉,上四村,0352,25,180,394,599,11,610,0,610,186,796,76.6332
第15任總統副總統,在宜蘭縣各投開票所,宜蘭縣,　五結鄉,中興村,0353,30,256,639,925,8,933,0,933,367,1300,71.7692
第15任總統副總統,在宜蘭縣各投開票所,宜蘭縣,　五結鄉,四結村,0354,19,161,254,434,3,437,0,437,151,588,74.3197
第15任總統副總統,在宜蘭縣各投開票所,宜蘭縣,　五結鄉,四結村,0355,24,212,437,673,5,678,0,678,208,886,76.5237
第15任總統副總統,在宜蘭縣各投開票所,宜蘭縣,　五結鄉,四結村,0356,24,237,495,756,7,763,0,763,236,999,76.3764
第15任總統副總統,在宜蘭縣各投開票所,宜蘭縣,　五結鄉,福興村,0357,28,211,473,712,5,717,0,717,219,936,76.6026
第15任總統副總統,在宜蘭縣各投開票所,宜蘭縣,　五結鄉,福興村,0358,21,156,433,610,4,614,0,614,200,814,75.4300
第15任總統副總統,在宜蘭縣各投開票所,宜蘭縣,　五結鄉,五結村,0359,28,184,417,629,6,635,0,635,307,942,67.4098
第15任總統副總統,在宜蘭縣各投開票所,宜蘭縣,　五結鄉,五結村,0360,27,215,459,701,5,706,0,706,224,930,75.9140
第15任總統副總統,在宜蘭縣各投開票所,宜蘭縣,　五結鄉,五結村,0361,25,197,446,668,9,677,0,677,214,891,75.9820
第15任總統副總統,在宜蘭縣各投開票所,宜蘭縣,　五結鄉,五結村,0362,18,179,437,634,5,639,0,639,213,852,75.0000
第15任總統副總統,在宜蘭縣各投開票所,宜蘭縣,　五結鄉,協和村,0363,21,209,574,804,5,809,0,809,266,1075,75.2558
第15任總統副總統,在宜蘭縣各投開票所,宜蘭縣,　五結鄉,協和村,0364,33,188,428,649,7,656,0,656,234,890,73.7079
第15任總統副總統,在宜蘭縣各投開票所,宜蘭縣,　五結鄉,協和村,0365,27,228,624,879,11,890,0,890,320,1210,73.5537
第15任總統副總統,在宜蘭縣各投開票所,宜蘭縣,　五結鄉,大吉村,0366,23,210,449,682,10,692,0,692,192,884,78.2805
第15任總統副總統,在宜蘭縣各投開票所,宜蘭縣,　五結鄉,大吉村,0367,26,219,460,705,4,709,0,709,207,916,77.4017
第15任總統副總統,在宜蘭縣各投開票所,宜蘭縣,　五結鄉,大吉村,0368,15,194,509,718,6,724,0,724,235,959,75.4953
第15任總統副總統,在宜蘭縣各投開票所,宜蘭縣,　五結鄉,大吉村,0369,26,136,365,527,5,532,0,532,210,742,71.6981
第15任總統副總統,在宜蘭縣各投開票所,宜蘭縣,　五結鄉,孝威村,0370,18,123,473,614,4,618,0,618,247,865,71.4451
第15任總統副總統,在宜蘭縣各投開票所,宜蘭縣,　五結鄉,孝威村,0371,14,135,337,486,3,489,0,489,163,652,75.0000
第15任總統副總統,在宜蘭縣各投開票所,宜蘭縣,　五結鄉,錦眾村,0372,12,130,299,441,4,445,0,445,173,618,72.0065
第15任總統副總統,在宜蘭縣各投開票所,宜蘭縣,　五結鄉,錦眾村,0373,12,137,400,549,5,554,0,554,233,787,70.3939
第15任總統副總統,在宜蘭縣各投開票所,宜蘭縣,　五結鄉,利澤村,0374,27,162,456,645,11,656,0,656,267,923,71.0726
第15任總統副總統,在宜蘭縣各投開票所,宜蘭縣,　五結鄉,利澤村,0375,24,181,514,719,7,726,0,726,298,1024,70.8984
第15任總統副總統,在宜蘭縣各投開票所,宜蘭縣,　五結鄉,成興村,0376,16,146,514,676,5,681,0,681,244,925,73.6216
第15任總統副總統,在宜蘭縣各投開票所,宜蘭縣,　五結鄉,成興村,0377,33,204,699,936,14,950,0,950,290,1240,76.6129
第15任總統副總統,在宜蘭縣各投開票所,宜蘭縣,　五結鄉,成興村,0378,23,123,496,642,5,647,0,647,255,902,71.7295
第15任總統副總統,在宜蘭縣各投開票所,宜蘭縣,　五結鄉,季新村,0379,23,138,427,588,6,594,0,594,264,858,69.2308
第15任總統副總統,在宜蘭縣各投開票所,宜蘭縣,　五結鄉,季新村,0380,26,211,625,862,9,871,0,871,331,1202,72.4626
第15任總統副總統,在宜蘭縣各投開票所,宜蘭縣,　五結鄉,季新村,0381,14,124,373,511,1,512,0,512,186,698,73.3524
第15任總統副總統,在宜蘭縣各投開票所,宜蘭縣,　三星鄉,員山村,0382,8,55,84,147,3,150,0,150,65,215,69.7674
第15任總統副總統,在宜蘭縣各投開票所,宜蘭縣,　三星鄉,天山村,0383,13,103,211,327,4,331,0,331,162,493,67.1400
第15任總統副總統,在宜蘭縣各投開票所,宜蘭縣,　三星鄉,天福村,0384,21,136,339,496,6,502,0,502,220,722,69.5291
第15任總統副總統,在宜蘭縣各投開票所,宜蘭縣,　三星鄉,萬德村,0385,17,129,244,390,3,393,0,393,208,601,65.3910
第15任總統副總統,在宜蘭縣各投開票所,宜蘭縣,　三星鄉,貴林村,0386,18,132,175,325,6,331,0,331,174,505,65.5446
第15任總統副總統,在宜蘭縣各投開票所,宜蘭縣,　三星鄉,萬富村,0387,26,144,337,507,3,510,0,510,204,714,71.4286
第15任總統副總統,在宜蘭縣各投開票所,宜蘭縣,　三星鄉,雙賢村,0388,11,94,295,400,7,407,0,407,162,569,71.5290
第15任總統副總統,在宜蘭縣各投開票所,宜蘭縣,　三星鄉,人和村,0389,14,121,174,309,5,314,0,314,127,441,71.2018
第15任總統副總統,在宜蘭縣各投開票所,宜蘭縣,　三星鄉,義德村,0390,41,281,463,785,5,790,0,790,354,1144,69.0559
第15任總統副總統,在宜蘭縣各投開票所,宜蘭縣,　三星鄉,集慶村,0391,28,297,489,814,17,831,0,831,311,1142,72.7671
第15任總統副總統,在宜蘭縣各投開票所,宜蘭縣,　三星鄉,月眉村,0392,33,191,384,608,6,614,0,614,235,849,72.3204
第15任總統副總統,在宜蘭縣各投開票所,宜蘭縣,　三星鄉,拱照村,0393,25,253,484,762,12,774,0,774,510,1284,60.2804
第15任總統副總統,在宜蘭縣各投開票所,宜蘭縣,　三星鄉,行健村,0394,21,173,444,638,7,645,0,645,208,853,75.6155
第15任總統副總統,在宜蘭縣各投開票所,宜蘭縣,　三星鄉,大隱村,0395,21,204,501,726,7,733,0,733,234,967,75.8014
第15任總統副總統,在宜蘭縣各投開票所,宜蘭縣,　三星鄉,大隱村,0396,37,228,495,760,6,766,0,766,281,1047,73.1614
第15任總統副總統,在宜蘭縣各投開票所,宜蘭縣,　三星鄉,大隱村,0397,33,195,563,791,3,794,0,794,307,1101,72.1163
第15任總統副總統,在宜蘭縣各投開票所,宜蘭縣,　三星鄉,大隱村,0398,23,249,495,767,12,779,0,779,298,1077,72.3305
第15任總統副總統,在宜蘭縣各投開票所,宜蘭縣,　三星鄉,大義村,0399,45,222,646,913,16,929,0,929,301,1230,75.5285
第15任總統副總統,在宜蘭縣各投開票所,宜蘭縣,　三星鄉,尚武村,0400,20,152,384,556,7,563,0,563,192,755,74.5695
第15任總統副總統,在宜蘭縣各投開票所,宜蘭縣,　三星鄉,大洲村,0401,12,162,425,599,10,609,0,609,178,787,77.3825
第15任總統副總統,在宜蘭縣各投開票所,宜蘭縣,　三星鄉,大洲村,0402,12,100,437,549,7,556,0,556,162,718,77.4373
第15任總統副總統,在宜蘭縣各投開票所,宜蘭縣,　三星鄉,尾塹村,0403,14,109,329,452,6,458,0,458,171,629,72.8140
第15任總統副總統,在宜蘭縣各投開票所,宜蘭縣,　三星鄉,尾塹村,0404,22,123,427,572,9,581,0,581,180,761,76.3469
第15任總統副總統,在宜蘭縣各投開票所,宜蘭縣,　大同鄉,寒溪村,0405,17,487,109,613,10,623,0,623,235,858,72.6107
第15任總統副總統,在宜蘭縣各投開票所,宜蘭縣,　大同鄉,崙埤村,0406,21,335,70,426,2,428,0,428,159,587,72.9131
第15任總統副總統,在宜蘭縣各投開票所,宜蘭縣,　大同鄉,松羅村,0407,23,313,147,483,2,485,0,485,188,673,72.0654
第15任總統副總統,在宜蘭縣各投開票所,宜蘭縣,　大同鄉,復興村,0408,8,90,77,175,4,179,0,179,78,257,69.6498
第15任總統副總統,在宜蘭縣各投開票所,宜蘭縣,　大同鄉,英士村,0409,11,176,50,237,1,238,0,238,86,324,73.4568
第15任總統副總統,在宜蘭縣各投開票所,宜蘭縣,　大同鄉,樂水村,0410,5,224,33,262,4,266,0,266,124,390,68.2051
第15任總統副總統,在宜蘭縣各投開票所,宜蘭縣,　大同鄉,太平村,0411,4,18,15,37,0,37,0,37,27,64,57.8125
第15任總統副總統,在宜蘭縣各投開票所,宜蘭縣,　大同鄉,茂安村,0412,4,124,21,149,0,149,0,149,53,202,73.7624
第15任總統副總統,在宜蘭縣各投開票所,宜蘭縣,　大同鄉,四季村,0413,18,440,67,525,3,528,0,528,225,753,70.1195
第15任總統副總統,在宜蘭縣各投開票所,宜蘭縣,　大同鄉,南山村,0414,17,361,103,481,5,486,0,486,155,641,75.8190
第15任總統副總統,在宜蘭縣各投開票所,宜蘭縣,　南澳鄉,東岳村,0415,7,272,57,336,1,337,0,337,90,427,78.9227
第15任總統副總統,在宜蘭縣各投開票所,宜蘭縣,　南澳鄉,南澳村,0416,22,636,143,801,4,805,0,805,315,1120,71.8750
第15任總統副總統,在宜蘭縣各投開票所,宜蘭縣,　南澳鄉,碧候村,0417,15,562,80,657,10,667,0,667,248,915,72.8962
第15任總統副總統,在宜蘭縣各投開票所,宜蘭縣,　南澳鄉,金岳村,0418,0,243,28,271,1,272,0,272,128,400,68.0000
第15任總統副總統,在宜蘭縣各投開票所,宜蘭縣,　南澳鄉,武塔村,0419,11,230,65,306,3,309,0,309,117,426,72.5352
第15任總統副總統,在宜蘭縣各投開票所,宜蘭縣,　南澳鄉,金洋村,0420,6,267,37,310,2,312,0,312,134,446,69.9552
第15任總統副總統,在宜蘭縣各投開票所,宜蘭縣,　南澳鄉,澳花村,0421,15,426,60,501,4,505,0,505,177,682,74.0469
第15任總統副總統,在連江縣各投開票所,連江縣,　南竿鄉,介壽村,0001,25,481,126,632,9,641,0,641,363,1004,63.8446
第15任總統副總統,在連江縣各投開票所,連江縣,　南竿鄉,介壽村,0002,15,434,121,570,11,581,0,581,333,914,63.5667
第15任總統副總統,在連江縣各投開票所,連江縣,　南竿鄉,復興村、福沃村,0003,27,765,196,988,19,1007,0,1007,715,1722,58.4785
第15任總統副總統,在連江縣各投開票所,連江縣,　南竿鄉,清水村、珠螺村,0004,25,495,170,690,7,697,0,697,420,1117,62.3993
第15任總統副總統,在連江縣各投開票所,連江縣,　南竿鄉,仁愛村、津沙村、馬祖村、四維村,0005,22,700,171,893,7,900,0,900,600,1500,60.0000
第15任總統副總統,在連江縣各投開票所,連江縣,　北竿鄉,塘岐村、后沃村,0006,15,487,121,623,6,629,0,629,592,1221,51.5152
第15任總統副總統,在連江縣各投開票所,連江縣,　北竿鄉,橋仔村、芹壁村、坂里村、白沙村,0007,10,396,80,486,8,494,0,494,474,968,51.0331
第15任總統副總統,在連江縣各投開票所,連江縣,　莒光鄉,青帆村、田沃村、西坵村,0008,9,228,43,280,3,283,0,283,357,640,44.2188
第15任總統副總統,在連江縣各投開票所,連江縣,　莒光鄉,福正村、大坪村,0009,5,285,62,352,6,358,0,358,376,734,48.7738
第15任總統副總統,在連江縣各投開票所,連江縣,　東引鄉,中柳村、樂華村,0010,35,505,136,676,6,682,0,682,437,1119,60.9473
第15任總統副總統,在新竹市各投開票所,新竹市,　東區,育賢里,0001,32,290,355,677,9,686,0,686,846,1532,44.7781
第15任總統副總統,在新竹市各投開票所,新竹市,　東區,親仁里,0002,34,326,328,688,12,700,0,700,196,896,78.1250
第15任總統副總統,在新竹市各投開票所,新竹市,　東區,榮光里、親仁里,0003,25,333,357,715,12,727,0,727,283,1010,71.9802
第15任總統副總統,在新竹市各投開票所,新竹市,　東區,東門里,0004,14,133,264,411,5,416,0,416,115,531,78.3427
第15任總統副總統,在新竹市各投開票所,新竹市,　東區,成功里,0005,21,169,260,450,6,456,0,456,160,616,74.0260
第15任總統副總統,在新竹市各投開票所,新竹市,　東區,中正里,0006,18,144,257,419,3,422,0,422,116,538,78.4387
第15任總統副總統,在新竹市各投開票所,新竹市,　東區,錦華里,0007,25,243,266,534,4,538,0,538,177,715,75.2448
第15任總統副總統,在新竹市各投開票所,新竹市,　東區,錦華里,0008,51,339,402,792,19,811,1,812,231,1043,77.7565
第15任總統副總統,在新竹市各投開票所,新竹市,　東區,文華里,0009,16,257,220,493,9,502,0,502,128,630,79.6825
第15任總統副總統,在新竹市各投開票所,新竹市,　東區,文華里,0010,56,371,526,953,15,968,0,968,254,1222,79.2144
第15任總統副總統,在新竹市各投開票所,新竹市,　東區,文華里,0011,61,420,526,1007,7,1014,0,1014,305,1319,76.8764
第15任總統副總統,在新竹市各投開票所,新竹市,　東區,文華里,0012,54,389,470,913,7,920,0,920,254,1174,78.3646
第15任總統副總統,在新竹市各投開票所,新竹市,　東區,復中里,0013,35,317,381,733,10,743,0,743,224,967,76.8356
第15任總統副總統,在新竹市各投開票所,新竹市,　東區,復中里,0014,32,346,355,733,11,744,0,744,188,932,79.8283
第15任總統副總統,在新竹市各投開票所,新竹市,　東區,復中里,0015,35,348,505,888,7,895,0,895,244,1139,78.5777
第15任總統副總統,在新竹市各投開票所,新竹市,　東區,復中里,0016,34,277,414,725,13,738,0,738,233,971,76.0041
第15任總統副總統,在新竹市各投開票所,新竹市,　東區,復興里,0017,35,381,496,912,7,919,0,919,320,1239,74.1727
第15任總統副總統,在新竹市各投開票所,新竹市,　東區,復興里,0018,55,300,479,834,12,846,0,846,293,1139,74.2757
第15任總統副總統,在新竹市各投開票所,新竹市,　東區,復興里,0019,49,403,510,962,11,973,0,973,249,1222,79.6236
第15任總統副總統,在新竹市各投開票所,新竹市,　東區,復興里,0020,57,338,468,863,10,873,0,873,228,1101,79.2916
第15任總統副總統,在新竹市各投開票所,新竹市,　東區,三民里,0021,31,279,451,761,9,770,0,770,241,1011,76.1622
第15任總統副總統,在新竹市各投開票所,新竹市,　東區,三民里,0022,40,345,510,895,17,912,0,912,262,1174,77.6831
第15任總統副總統,在新竹市各投開票所,新竹市,　東區,三民里,0023,36,344,438,818,10,828,0,828,240,1068,77.5281
第15任總統副總統,在新竹市各投開票所,新竹市,　東區,三民里,0024,52,390,527,969,11,980,0,980,275,1255,78.0876
第15任總統副總統,在新竹市各投開票所,新竹市,　東區,東園里,0025,64,303,437,804,14,818,0,818,277,1095,74.7032
第15任總統副總統,在新竹市各投開票所,新竹市,　東區,東園里,0026,66,317,549,932,13,945,2,947,225,1172,80.6314
第15任總統副總統,在新竹市各投開票所,新竹市,　東區,東園里,0027,51,250,587,888,13,901,0,901,166,1067,84.4424
第15任總統副總統,在新竹市各投開票所,新竹市,　東區,東園里,0028,50,361,459,870,13,883,0,883,249,1132,78.0035
第15任總統副總統,在新竹市各投開票所,新竹市,　東區,東園里,0029,36,298,509,843,11,854,0,854,197,1051,81.2559
第15任總統副總統,在新竹市各投開票所,新竹市,　東區,公園里,0030,39,298,377,714,11,725,0,725,256,981,73.9042
第15任總統副總統,在新竹市各投開票所,新竹市,　東區,公園里,0031,41,374,436,851,15,866,0,866,265,1131,76.5694
第15任總統副總統,在新竹市各投開票所,新竹市,　東區,公園里,0032,43,271,408,722,10,732,0,732,186,918,79.7386
第15任總統副總統,在新竹市各投開票所,新竹市,　東區,建華里,0033,33,211,310,554,9,563,0,563,197,760,74.0789
第15任總統副總統,在新竹市各投開票所,新竹市,　東區,建華里,0034,29,246,327,602,15,617,0,617,159,776,79.5103
第15任總統副總統,在新竹市各投開票所,新竹市,　東區,建華里,0035,26,240,325,591,9,600,0,600,192,792,75.7576
第15任總統副總統,在新竹市各投開票所,新竹市,　東區,東山里,0036,39,339,326,704,13,717,0,717,184,901,79.5782
第15任總統副總統,在新竹市各投開票所,新竹市,　東區,東山里,0037,42,367,381,790,10,800,0,800,219,1019,78.5083
第15任總統副總統,在新竹市各投開票所,新竹市,　東區,東山里,0038,51,379,456,886,13,899,0,899,232,1131,79.4872
第15任總統副總統,在新竹市各投開票所,新竹市,　東區,綠水里,0039,49,401,485,935,10,945,0,945,302,1247,75.7819
第15任總統副總統,在新竹市各投開票所,新竹市,　東區,綠水里,0040,65,389,437,891,9,900,0,900,291,1191,75.5668
第15任總統副總統,在新竹市各投開票所,新竹市,　東區,綠水里,0041,53,350,514,917,13,930,0,930,255,1185,78.4810
第15任總統副總統,在新竹市各投開票所,新竹市,　東區,綠水里,0042,62,399,513,974,15,989,0,989,232,1221,80.9992
第15任總統副總統,在新竹市各投開票所,新竹市,　東區,綠水里,0043,52,332,421,805,13,818,0,818,223,1041,78.5783
第15任總統副總統,在新竹市各投開票所,新竹市,　東區,東勢里,0044,40,263,514,817,13,830,0,830,269,1099,75.5232
第15任總統副總統,在新竹市各投開票所,新竹市,　東區,東勢里,0045,67,383,486,936,12,948,0,948,189,1137,83.3773
第15任總統副總統,在新竹市各投開票所,新竹市,　東區,光復里,0046,32,256,427,715,13,728,0,728,221,949,76.7123
第15任總統副總統,在新竹市各投開票所,新竹市,　東區,光復里,0047,23,184,395,602,6,608,0,608,123,731,83.1737
第15任總統副總統,在新竹市各投開票所,新竹市,　東區,光復里,0048,41,262,388,691,13,704,0,704,193,897,78.4838
第15任總統副總統,在新竹市各投開票所,新竹市,　東區,前溪里,0049,37,230,441,708,13,721,0,721,206,927,77.7778
第15任總統副總統,在新竹市各投開票所,新竹市,　東區,前溪里,0050,39,252,412,703,11,714,0,714,207,921,77.5244
第15任總統副總統,在新竹市各投開票所,新竹市,　東區,前溪里,0051,36,227,357,620,5,625,0,625,196,821,76.1267
第15任總統副總統,在新竹市各投開票所,新竹市,　東區,水源里,0052,51,283,622,956,20,976,0,976,263,1239,78.7732
第15任總統副總統,在新竹市各投開票所,新竹市,　東區,水源里,0053,38,332,424,794,7,801,0,801,234,1035,77.3913
第15任總統副總統,在新竹市各投開票所,新竹市,　東區,水源里,0054,34,249,439,722,7,729,0,729,234,963,75.7009
第15任總統副總統,在新竹市各投開票所,新竹市,　東區,千甲里,0055,53,320,451,824,10,834,0,834,266,1100,75.8182
第15任總統副總統,在新竹市各投開票所,新竹市,　東區,千甲里,0056,51,371,303,725,13,738,0,738,200,938,78.6780
第15任總統副總統,在新竹市各投開票所,新竹市,　東區,豐功里,0057,42,397,478,917,12,929,0,929,235,1164,79.8110
第15任總統副總統,在新竹市各投開票所,新竹市,　東區,豐功里,0058,36,362,271,669,8,677,0,677,230,907,74.6417
第15任總統副總統,在新竹市各投開票所,新竹市,　東區,豐功里,0059,52,368,384,804,14,818,0,818,200,1018,80.3536
第15任總統副總統,在新竹市各投開票所,新竹市,　東區,豐功里,0060,61,380,448,889,18,907,0,907,172,1079,84.0593
第15任總統副總統,在新竹市各投開票所,新竹市,　東區,武功里,0061,51,721,283,1055,13,1068,0,1068,264,1332,80.1802
第15任總統副總統,在新竹市各投開票所,新竹市,　東區,武功里,0062,72,630,309,1011,17,1028,0,1028,276,1304,78.8344
第15任總統副總統,在新竹市各投開票所,新竹市,　東區,武功里,0063,62,555,372,989,19,1008,0,1008,239,1247,80.8340
第15任總統副總統,在新竹市各投開票所,新竹市,　東區,軍功里,0064,29,383,292,704,11,715,0,715,245,960,74.4792
第15任總統副總統,在新竹市各投開票所,新竹市,　東區,軍功里,0065,37,330,279,646,7,653,0,653,155,808,80.8168
第15任總統副總統,在新竹市各投開票所,新竹市,　東區,軍功里,0066,38,396,241,675,8,683,0,683,197,880,77.6136
第15任總統副總統,在新竹市各投開票所,新竹市,　東區,立功里,0067,33,422,189,644,7,651,0,651,233,884,73.6425
第15任總統副總統,在新竹市各投開票所,新竹市,　東區,建功里,0068,40,675,192,907,11,918,0,918,214,1132,81.0954
第15任總統副總統,在新竹市各投開票所,新竹市,　東區,建功里,0069,38,361,243,642,12,654,0,654,172,826,79.1768
第15任總統副總統,在新竹市各投開票所,新竹市,　東區,建功里,0070,29,330,153,512,6,518,0,518,132,650,79.6923
第15任總統副總統,在新竹市各投開票所,新竹市,　東區,建功里,0071,51,370,286,707,8,715,0,715,197,912,78.3991
第15任總統副總統,在新竹市各投開票所,新竹市,　東區,光明里,0072,39,453,308,800,16,816,0,816,267,1083,75.3463
第15任總統副總統,在新竹市各投開票所,新竹市,　東區,光明里,0073,39,293,281,613,6,619,0,619,160,779,79.4608
第15任總統副總統,在新竹市各投開票所,新竹市,　東區,光明里,0074,44,346,409,799,16,815,0,815,215,1030,79.1262
第15任總統副總統,在新竹市各投開票所,新竹市,　東區,龍山里,0075,50,314,354,718,7,725,0,725,235,960,75.5208
第15任總統副總統,在新竹市各投開票所,新竹市,　東區,龍山里,0076,59,252,554,865,16,881,0,881,209,1090,80.8257
第15任總統副總統,在新竹市各投開票所,新竹市,　東區,龍山里,0077,51,301,498,850,14,864,0,864,199,1063,81.2794
第15任總統副總統,在新竹市各投開票所,新竹市,　東區,龍山里,0078,72,255,737,1064,8,1072,0,1072,204,1276,84.0125
第15任總統副總統,在新竹市各投開票所,新竹市,　東區,龍山里,0079,48,268,348,664,7,671,1,672,186,858,78.2051
第15任總統副總統,在新竹市各投開票所,新竹市,　東區,龍山里,0080,36,317,388,741,11,752,0,752,166,918,81.9172
第15任總統副總統,在新竹市各投開票所,新竹市,　東區,龍山里,0081,80,300,696,1076,13,1089,0,1089,231,1320,82.5000
第15任總統副總統,在新竹市各投開票所,新竹市,　東區,龍山里,0082,47,203,474,724,15,739,0,739,134,873,84.6506
第15任總統副總統,在新竹市各投開票所,新竹市,　東區,科園里,0083,47,395,397,839,17,856,0,856,192,1048,81.6794
第15任總統副總統,在新竹市各投開票所,新竹市,　東區,科園里,0084,48,380,353,781,6,787,0,787,206,993,79.2548
第15任總統副總統,在新竹市各投開票所,新竹市,　東區,科園里,0085,51,355,406,812,7,819,0,819,209,1028,79.6693
第15任總統副總統,在新竹市各投開票所,新竹市,　東區,科園里,0086,53,389,450,892,8,900,0,900,175,1075,83.7209
第15任總統副總統,在新竹市各投開票所,新竹市,　東區,科園里,0087,41,246,370,657,18,675,0,675,121,796,84.7990
第15任總統副總統,在新竹市各投開票所,新竹市,　東區,科園里,0088,30,434,466,930,15,945,0,945,202,1147,82.3888
第15任總統副總統,在新竹市各投開票所,新竹市,　東區,埔頂里,0089,49,344,558,951,18,969,0,969,235,1204,80.4817
第15任總統副總統,在新竹市各投開票所,新竹市,　東區,埔頂里,0090,55,251,668,974,10,984,0,984,302,1286,76.5163
第15任總統副總統,在新竹市各投開票所,新竹市,　東區,埔頂里,0091,41,347,519,907,17,924,0,924,196,1120,82.5000
第15任總統副總統,在新竹市各投開票所,新竹市,　東區,埔頂里,0092,66,292,688,1046,17,1063,0,1063,238,1301,81.7064
第15任總統副總統,在新竹市各投開票所,新竹市,　東區,新莊里,0093,56,320,415,791,8,799,0,799,248,1047,76.3133
第15任總統副總統,在新竹市各投開票所,新竹市,　東區,新莊里,0094,36,320,380,736,13,749,0,749,207,956,78.3473
第15任總統副總統,在新竹市各投開票所,新竹市,　東區,新莊里,0095,47,337,406,790,12,802,0,802,253,1055,76.0190
第15任總統副總統,在新竹市各投開票所,新竹市,　東區,新莊里,0096,52,331,447,830,14,844,0,844,224,1068,79.0262
第15任總統副總統,在新竹市各投開票所,新竹市,　東區,新莊里,0097,60,322,431,813,8,821,0,821,199,1020,80.4902
第15任總統副總統,在新竹市各投開票所,新竹市,　東區,關新里,0098,50,241,433,724,16,740,0,740,150,890,83.1461
第15任總統副總統,在新竹市各投開票所,新竹市,　東區,關新里,0099,62,206,433,701,10,711,0,711,130,841,84.5422
第15任總統副總統,在新竹市各投開票所,新竹市,　東區,關新里,0100,70,229,503,802,12,814,0,814,185,999,81.4815
第15任總統副總統,在新竹市各投開票所,新竹市,　東區,關新里,0101,59,241,465,765,14,779,0,779,196,975,79.8974
第15任總統副總統,在新竹市各投開票所,新竹市,　東區,關東里,0102,46,393,390,829,14,843,0,843,262,1105,76.2896
第15任總統副總統,在新竹市各投開票所,新竹市,　東區,關東里,0103,35,419,437,891,14,905,0,905,252,1157,78.2195
第15任總統副總統,在新竹市各投開票所,新竹市,　東區,關東里,0104,48,368,449,865,7,872,0,872,246,1118,77.9964
第15任總統副總統,在新竹市各投開票所,新竹市,　東區,關東里,0105,94,372,456,922,12,934,0,934,245,1179,79.2197
第15任總統副總統,在新竹市各投開票所,新竹市,　東區,金山里,0106,61,377,371,809,6,815,0,815,265,1080,75.4630
第15任總統副總統,在新竹市各投開票所,新竹市,　東區,金山里,0107,36,342,346,724,10,734,0,734,250,984,74.5935
第15任總統副總統,在新竹市各投開票所,新竹市,　東區,金山里,0108,34,338,392,764,8,772,0,772,241,1013,76.2093
第15任總統副總統,在新竹市各投開票所,新竹市,　東區,金山里,0109,23,361,275,659,8,667,0,667,256,923,72.2644
第15任總統副總統,在新竹市各投開票所,新竹市,　東區,金山里,0110,43,258,361,662,7,669,0,669,202,871,76.8083
第15任總統副總統,在新竹市各投開票所,新竹市,　東區,仙水里,0111,45,288,447,780,14,794,0,794,198,992,80.0403
第15任總統副總統,在新竹市各投開票所,新竹市,　東區,仙水里,0112,72,379,421,872,12,884,0,884,205,1089,81.1754
第15任總統副總統,在新竹市各投開票所,新竹市,　東區,仙水里,0113,56,286,421,763,9,772,0,772,193,965,80.0000
第15任總統副總統,在新竹市各投開票所,新竹市,　東區,仙水里,0114,54,360,414,828,4,832,0,832,260,1092,76.1905
第15任總統副總統,在新竹市各投開票所,新竹市,　東區,仙宮里,0115,66,362,528,956,13,969,0,969,232,1201,80.6828
第15任總統副總統,在新竹市各投開票所,新竹市,　東區,關帝里,0116,16,115,240,371,4,375,0,375,111,486,77.1605
第15任總統副總統,在新竹市各投開票所,新竹市,　東區,南門里,0117,25,176,327,528,7,535,0,535,166,701,76.3195
第15任總統副總統,在新竹市各投開票所,新竹市,　東區,南市里,0118,23,197,419,639,8,647,0,647,216,863,74.9710
第15任總統副總統,在新竹市各投開票所,新竹市,　東區,福德里,0119,33,308,385,726,14,740,0,740,234,974,75.9754
第15任總統副總統,在新竹市各投開票所,新竹市,　東區,福德里,0120,13,138,182,333,2,335,0,335,87,422,79.3839
第15任總統副總統,在新竹市各投開票所,新竹市,　東區,振興里,0121,34,286,501,821,10,831,0,831,249,1080,76.9444
第15任總統副總統,在新竹市各投開票所,新竹市,　東區,振興里,0122,49,275,452,776,8,784,0,784,276,1060,73.9623
第15任總統副總統,在新竹市各投開票所,新竹市,　東區,振興里,0123,37,367,394,798,7,805,0,805,280,1085,74.1935
第15任總統副總統,在新竹市各投開票所,新竹市,　東區,振興里,0124,44,313,396,753,7,760,0,760,286,1046,72.6577
第15任總統副總統,在新竹市各投開票所,新竹市,　東區,振興里,0125,57,302,439,798,5,803,0,803,271,1074,74.7672
第15任總統副總統,在新竹市各投開票所,新竹市,　東區,新興里,0126,37,224,385,646,8,654,0,654,170,824,79.3689
第15任總統副總統,在新竹市各投開票所,新竹市,　東區,新興里,0127,43,309,433,785,12,797,0,797,236,1033,77.1539
第15任總統副總統,在新竹市各投開票所,新竹市,　東區,新興里,0128,32,315,456,803,5,808,0,808,233,1041,77.6177
第15任總統副總統,在新竹市各投開票所,新竹市,　東區,下竹里、寺前里,0129,46,315,474,835,14,849,0,849,299,1148,73.9547
第15任總統副總統,在新竹市各投開票所,新竹市,　東區,竹蓮里,0130,20,173,341,534,10,544,0,544,175,719,75.6606
第15任總統副總統,在新竹市各投開票所,新竹市,　東區,頂竹里,0131,25,222,360,607,12,619,0,619,213,832,74.3990
第15任總統副總統,在新竹市各投開票所,新竹市,　東區,頂竹里,0132,45,246,439,730,8,738,0,738,189,927,79.6117
第15任總統副總統,在新竹市各投開票所,新竹市,　東區,頂竹里,0133,32,276,461,769,11,780,0,780,233,1013,76.9990
第15任總統副總統,在新竹市各投開票所,新竹市,　東區,南大里,0134,21,143,297,461,7,468,0,468,132,600,78.0000
第15任總統副總統,在新竹市各投開票所,新竹市,　東區,南大里,0135,27,219,364,610,9,619,0,619,179,798,77.5689
第15任總統副總統,在新竹市各投開票所,新竹市,　東區,新光里,0136,52,337,410,799,7,806,0,806,236,1042,77.3512
第15任總統副總統,在新竹市各投開票所,新竹市,　東區,新光里,0137,30,294,459,783,11,794,0,794,278,1072,74.0672
第15任總統副總統,在新竹市各投開票所,新竹市,　東區,新光里,0138,42,313,511,866,15,881,0,881,316,1197,73.6007
第15任總統副總統,在新竹市各投開票所,新竹市,　東區,光鎮里,0139,56,358,492,906,14,920,0,920,316,1236,74.4337
第15任總統副總統,在新竹市各投開票所,新竹市,　東區,光鎮里,0140,38,309,468,815,11,826,0,826,195,1021,80.9011
第15任總統副總統,在新竹市各投開票所,新竹市,　東區,光鎮里,0141,34,308,463,805,9,814,0,814,263,1077,75.5803
第15任總統副總統,在新竹市各投開票所,新竹市,　東區,高峰里,0142,37,370,545,952,9,961,0,961,311,1272,75.5503
第15任總統副總統,在新竹市各投開票所,新竹市,　東區,高峰里,0143,42,342,394,778,11,789,0,789,266,1055,74.7867
第15任總統副總統,在新竹市各投開票所,新竹市,　東區,高峰里,0144,34,319,433,786,8,794,0,794,325,1119,70.9562
第15任總統副總統,在新竹市各投開票所,新竹市,　東區,高峰里,0145,41,336,432,809,13,822,0,822,262,1084,75.8303
第15任總統副總統,在新竹市各投開票所,新竹市,　東區,高峰里,0146,43,318,419,780,9,789,0,789,191,980,80.5102
第15任總統副總統,在新竹市各投開票所,新竹市,　東區,湖濱里,0147,65,356,511,932,14,946,0,946,221,1167,81.0626
第15任總統副總統,在新竹市各投開票所,新竹市,　東區,湖濱里,0148,39,376,532,947,5,952,0,952,301,1253,75.9777
第15任總統副總統,在新竹市各投開票所,新竹市,　東區,湖濱里,0149,36,318,437,791,17,808,0,808,177,985,82.0305
第15任總統副總統,在新竹市各投開票所,新竹市,　東區,柴橋里,0150,33,239,389,661,11,672,0,672,197,869,77.3303
第15任總統副總統,在新竹市各投開票所,新竹市,　東區,柴橋里,0151,31,298,361,690,9,699,0,699,234,933,74.9196
第15任總統副總統,在新竹市各投開票所,新竹市,　東區,柴橋里,0152,40,326,332,698,6,704,0,704,152,856,82.2430
第15任總統副總統,在新竹市各投開票所,新竹市,　東區,柴橋里,0153,51,282,453,786,9,795,0,795,246,1041,76.3689
第15任總統副總統,在新竹市各投開票所,新竹市,　東區,柴橋里,0154,39,399,494,932,13,945,0,945,264,1209,78.1638
第15任總統副總統,在新竹市各投開票所,新竹市,　東區,明湖里,0155,47,318,357,722,5,727,0,727,225,952,76.3655
第15任總統副總統,在新竹市各投開票所,新竹市,　東區,明湖里,0156,27,269,312,608,4,612,0,612,251,863,70.9154
第15任總統副總統,在新竹市各投開票所,新竹市,　東區,明湖里,0157,51,292,319,662,11,673,0,673,247,920,73.1522
第15任總統副總統,在新竹市各投開票所,新竹市,　東區,明湖里,0158,49,325,362,736,12,748,0,748,383,1131,66.1362
第15任總統副總統,在新竹市各投開票所,新竹市,　東區,明湖里,0159,45,288,333,666,6,672,0,672,199,871,77.1527
第15任總統副總統,在新竹市各投開票所,新竹市,　北區,西門里、中央里,0160,30,225,482,737,12,749,0,749,243,992,75.5040
第15任總統副總統,在新竹市各投開票所,新竹市,　北區,潛園里,0161,18,200,338,556,5,561,0,561,168,729,76.9547
第15任總統副總統,在新竹市各投開票所,新竹市,　北區,石坊里、興南里,0162,16,183,327,526,6,532,0,532,159,691,76.9899
第15任總統副總統,在新竹市各投開票所,新竹市,　北區,仁德里,0163,20,176,340,536,9,545,0,545,142,687,79.3304
第15任總統副總統,在新竹市各投開票所,新竹市,　北區,崇禮里,0164,51,237,527,815,13,828,0,828,279,1107,74.7967
第15任總統副總統,在新竹市各投開票所,新竹市,　北區,興南里,0165,39,292,533,864,9,873,0,873,281,1154,75.6499
第15任總統副總統,在新竹市各投開票所,新竹市,　北區,育英里,0166,37,309,500,846,6,852,0,852,288,1140,74.7368
第15任總統副總統,在新竹市各投開票所,新竹市,　北區,育英里,0167,55,297,531,883,11,894,0,894,228,1122,79.6791
第15任總統副總統,在新竹市各投開票所,新竹市,　北區,育英里,0168,51,295,552,898,17,915,0,915,277,1192,76.7617
第15任總統副總統,在新竹市各投開票所,新竹市,　北區,台溪里,0169,22,225,298,545,9,554,0,554,267,821,67.4787
第15任總統副總統,在新竹市各投開票所,新竹市,　北區,台溪里,0170,14,220,303,537,9,546,0,546,208,754,72.4138
第15任總統副總統,在新竹市各投開票所,新竹市,　北區,曲溪里,0171,40,304,267,611,5,616,0,616,270,886,69.5260
第15任總統副總統,在新竹市各投開票所,新竹市,　北區,曲溪里,0172,43,319,458,820,8,828,0,828,267,1095,75.6164
第15任總統副總統,在新竹市各投開票所,新竹市,　北區,曲溪里,0173,50,278,386,714,6,720,0,720,318,1038,69.3642
第15任總統副總統,在新竹市各投開票所,新竹市,　北區,曲溪里,0174,38,279,204,521,12,533,0,533,276,809,65.8838
第15任總統副總統,在新竹市各投開票所,新竹市,　北區,曲溪里,0175,42,296,560,898,9,907,0,907,257,1164,77.9210
第15任總統副總統,在新竹市各投開票所,新竹市,　北區,西雅里,0176,33,250,421,704,15,719,0,719,245,964,74.5851
第15任總統副總統,在新竹市各投開票所,新竹市,　北區,西雅里,0177,38,240,426,704,11,715,0,715,219,934,76.5525
第15任總統副總統,在新竹市各投開票所,新竹市,　北區,西雅里,0178,36,245,466,747,11,758,0,758,166,924,82.0346
第15任總統副總統,在新竹市各投開票所,新竹市,　北區,客雅里,0179,35,288,515,838,15,853,0,853,220,1073,79.4967
第15任總統副總統,在新竹市各投開票所,新竹市,　北區,客雅里,0180,27,158,261,446,7,453,0,453,180,633,71.5640
第15任總統副總統,在新竹市各投開票所,新竹市,　北區,中雅里,0181,34,672,213,919,11,930,0,930,244,1174,79.2164
第15任總統副總統,在新竹市各投開票所,新竹市,　北區,中雅里,0182,39,319,408,766,10,776,0,776,291,1067,72.7273
第15任總統副總統,在新竹市各投開票所,新竹市,　北區,中雅里,0183,54,315,417,786,12,798,0,798,179,977,81.6786
第15任總統副總統,在新竹市各投開票所,新竹市,　北區,南勢里,0184,33,246,574,853,8,861,0,861,237,1098,78.4153
第15任總統副總統,在新竹市各投開票所,新竹市,　北區,南勢里,0185,44,233,547,824,9,833,0,833,235,1068,77.9963
第15任總統副總統,在新竹市各投開票所,新竹市,　北區,南勢里,0186,55,226,648,929,18,947,0,947,194,1141,82.9974
第15任總統副總統,在新竹市各投開票所,新竹市,　北區,南勢里、大鵬里,0187,30,269,416,715,6,721,0,721,280,1001,72.0280
第15任總統副總統,在新竹市各投開票所,新竹市,　北區,大同里,0188,34,243,307,584,8,592,0,592,160,752,78.7234
第15任總統副總統,在新竹市各投開票所,新竹市,　北區,中山里,0189,31,165,398,594,7,601,0,601,178,779,77.1502
第15任總統副總統,在新竹市各投開票所,新竹市,　北區,中興里,0190,26,188,356,570,7,577,0,577,155,732,78.8251
第15任總統副總統,在新竹市各投開票所,新竹市,　北區,新民里,0191,40,230,406,676,10,686,0,686,180,866,79.2148
第15任總統副總統,在新竹市各投開票所,新竹市,　北區,新民里,0192,24,165,267,456,10,466,0,466,178,644,72.3602
第15任總統副總統,在新竹市各投開票所,新竹市,　北區,長和里,0193,20,202,376,598,12,610,0,610,184,794,76.8262
第15任總統副總統,在新竹市各投開票所,新竹市,　北區,長和里,0194,26,143,250,419,7,426,0,426,144,570,74.7368
第15任總統副總統,在新竹市各投開票所,新竹市,　北區,北門里,0195,30,224,444,698,15,713,0,713,230,943,75.6098
第15任總統副總統,在新竹市各投開票所,新竹市,　北區,民富里,0196,46,305,548,899,12,911,0,911,303,1214,75.0412
第15任總統副總統,在新竹市各投開票所,新竹市,　北區,民富里,0197,45,341,497,883,14,897,0,897,281,1178,76.1460
第15任總統副總統,在新竹市各投開票所,新竹市,　北區,民富里,0198,32,252,435,719,5,724,0,724,421,1145,63.2314
第15任總統副總統,在新竹市各投開票所,新竹市,　北區,民富里,0199,43,288,546,877,11,888,0,888,288,1176,75.5102
第15任總統副總統,在新竹市各投開票所,新竹市,　北區,磐石里,0200,32,266,480,778,13,791,0,791,247,1038,76.2042
第15任總統副總統,在新竹市各投開票所,新竹市,　北區,磐石里,0201,28,267,477,772,6,778,0,778,224,1002,77.6447
第15任總統副總統,在新竹市各投開票所,新竹市,　北區,磐石里,0202,26,307,426,759,7,766,0,766,209,975,78.5641
第15任總統副總統,在新竹市各投開票所,新竹市,　北區,磐石里,0203,50,320,509,879,10,889,0,889,265,1154,77.0364
第15任總統副總統,在新竹市各投開票所,新竹市,　北區,磐石里,0204,35,274,459,768,8,776,0,776,247,1023,75.8553
第15任總統副總統,在新竹市各投開票所,新竹市,　北區,新雅里,0205,35,256,501,792,11,803,0,803,306,1109,72.4076
第15任總統副總統,在新竹市各投開票所,新竹市,　北區,新雅里,0206,45,275,469,789,8,797,0,797,291,1088,73.2537
第15任總統副總統,在新竹市各投開票所,新竹市,　北區,新雅里,0207,26,250,544,820,5,825,0,825,274,1099,75.0682
第15任總統副總統,在新竹市各投開票所,新竹市,　北區,新雅里,0208,50,312,436,798,8,806,0,806,220,1026,78.5575
第15任總統副總統,在新竹市各投開票所,新竹市,　北區,文雅里,0209,51,298,478,827,7,834,0,834,248,1082,77.0795
第15任總統副總統,在新竹市各投開票所,新竹市,　北區,文雅里,0210,40,293,461,794,8,802,0,802,192,994,80.6841
第15任總統副總統,在新竹市各投開票所,新竹市,　北區,文雅里,0211,31,271,411,713,8,721,0,721,196,917,78.6260
第15任總統副總統,在新竹市各投開票所,新竹市,　北區,文雅里,0212,35,265,348,648,4,652,0,652,215,867,75.2018
第15任總統副總統,在新竹市各投開票所,新竹市,　北區,水田里,0213,45,274,395,714,8,722,0,722,191,913,79.0800
第15任總統副總統,在新竹市各投開票所,新竹市,　北區,水田里,0214,38,274,408,720,3,723,0,723,261,984,73.4756
第15任總統副總統,在新竹市各投開票所,新竹市,　北區,水田里,0215,34,285,431,750,12,762,0,762,224,986,77.2819
第15任總統副總統,在新竹市各投開票所,新竹市,　北區,光田里,0216,33,346,489,868,11,879,0,879,246,1125,78.1333
第15任總統副總統,在新竹市各投開票所,新竹市,　北區,光田里,0217,41,286,394,721,10,731,0,731,219,950,76.9474
第15任總統副總統,在新竹市各投開票所,新竹市,　北區,光華里,0218,23,180,213,416,1,417,0,417,720,1137,36.6755
第15任總統副總統,在新竹市各投開票所,新竹市,　北區,光華里,0219,39,284,384,707,9,716,0,716,206,922,77.6573
第15任總統副總統,在新竹市各投開票所,新竹市,　北區,光華里,0220,38,346,381,765,12,777,0,777,248,1025,75.8049
第15任總統副總統,在新竹市各投開票所,新竹市,　北區,光華里,0221,38,291,400,729,9,738,0,738,215,953,77.4397
第15任總統副總統,在新竹市各投開票所,新竹市,　北區,金華里,0222,37,301,497,835,11,846,0,846,329,1175,72.0000
第15任總統副總統,在新竹市各投開票所,新竹市,　北區,金華里,0223,42,348,518,908,12,920,0,920,245,1165,78.9700
第15任總統副總統,在新竹市各投開票所,新竹市,　北區,金華里,0224,43,388,449,880,6,886,0,886,252,1138,77.8559
第15任總統副總統,在新竹市各投開票所,新竹市,　北區,金華里,0225,52,387,510,949,11,960,0,960,246,1206,79.6020
第15任總統副總統,在新竹市各投開票所,新竹市,　北區,湳雅里,0226,39,276,320,635,12,647,0,647,176,823,78.6148
第15任總統副總統,在新竹市各投開票所,新竹市,　北區,湳雅里,0227,28,262,355,645,14,659,0,659,174,833,79.1116
第15任總統副總統,在新竹市各投開票所,新竹市,　北區,湳雅里,0228,44,311,385,740,13,753,0,753,223,976,77.1516
第15任總統副總統,在新竹市各投開票所,新竹市,　北區,金雅里,0229,28,278,490,796,10,806,0,806,180,986,81.7444
第15任總統副總統,在新竹市各投開票所,新竹市,　北區,金雅里,0230,58,369,503,930,8,938,0,938,209,1147,81.7786
第15任總統副總統,在新竹市各投開票所,新竹市,　北區,湳中里,0231,36,347,500,883,9,892,0,892,209,1101,81.0173
第15任總統副總統,在新竹市各投開票所,新竹市,　北區,湳中里,0232,42,338,407,787,14,801,0,801,237,1038,77.1676
第15任總統副總統,在新竹市各投開票所,新竹市,　北區,湳中里,0233,47,371,379,797,10,807,1,808,232,1040,77.5962
第15任總統副總統,在新竹市各投開票所,新竹市,　北區,湳中里,0234,52,323,369,744,11,755,0,755,222,977,77.2774
第15任總統副總統,在新竹市各投開票所,新竹市,　北區,湳中里,0235,56,355,415,826,8,834,0,834,237,1071,77.8711
第15任總統副總統,在新竹市各投開票所,新竹市,　北區,湳中里,0236,60,345,412,817,17,834,0,834,217,1051,79.3530
第15任總統副總統,在新竹市各投開票所,新竹市,　北區,舊社里,0237,37,254,348,639,11,650,0,650,181,831,78.2190
第15任總統副總統,在新竹市各投開票所,新竹市,　北區,舊社里,0238,34,247,322,603,5,608,0,608,209,817,74.4186
第15任總統副總統,在新竹市各投開票所,新竹市,　北區,舊社里,0239,29,241,394,664,10,674,0,674,168,842,80.0475
第15任總統副總統,在新竹市各投開票所,新竹市,　北區,舊社里,0240,40,267,414,721,11,732,0,732,230,962,76.0915
第15任總統副總統,在新竹市各投開票所,新竹市,　北區,舊社里,0241,42,280,505,827,10,837,0,837,269,1106,75.6781
第15任總統副總統,在新竹市各投開票所,新竹市,　北區,舊社里,0242,46,377,465,888,13,901,0,901,276,1177,76.5506
第15任總統副總統,在新竹市各投開票所,新竹市,　北區,金竹里,0243,44,341,477,862,7,869,0,869,291,1160,74.9138
第15任總統副總統,在新竹市各投開票所,新竹市,　北區,金竹里,0244,49,389,481,919,5,924,0,924,271,1195,77.3222
第15任總統副總統,在新竹市各投開票所,新竹市,　北區,金竹里,0245,49,338,374,761,10,771,0,771,285,1056,73.0114
第15任總統副總統,在新竹市各投開票所,新竹市,　北區,金竹里,0246,60,365,482,907,11,918,0,918,224,1142,80.3853
第15任總統副總統,在新竹市各投開票所,新竹市,　北區,金竹里,0247,51,318,447,816,12,828,0,828,242,1070,77.3832
第15任總統副總統,在新竹市各投開票所,新竹市,　北區,武陵里,0248,42,559,243,844,8,852,0,852,236,1088,78.3088
第15任總統副總統,在新竹市各投開票所,新竹市,　北區,武陵里,0249,44,594,206,844,7,851,0,851,264,1115,76.3229
第15任總統副總統,在新竹市各投開票所,新竹市,　北區,武陵里,0250,54,566,286,906,8,914,0,914,242,1156,79.0657
第15任總統副總統,在新竹市各投開票所,新竹市,　北區,武陵里,0251,38,611,245,894,14,908,0,908,252,1160,78.2759
第15任總統副總統,在新竹市各投開票所,新竹市,　北區,福林里,0252,45,354,487,886,9,895,0,895,238,1133,78.9938
第15任總統副總統,在新竹市各投開票所,新竹市,　北區,福林里,0253,42,386,447,875,12,887,0,887,240,1127,78.7045
第15任總統副總統,在新竹市各投開票所,新竹市,　北區,福林里,0254,34,248,267,549,14,563,0,563,177,740,76.0811
第15任總統副總統,在新竹市各投開票所,新竹市,　北區,福林里,0255,31,246,281,558,5,563,0,563,166,729,77.2291
第15任總統副總統,在新竹市各投開票所,新竹市,　北區,境福里,0256,45,316,446,807,7,814,0,814,246,1060,76.7925
第15任總統副總統,在新竹市各投開票所,新竹市,　北區,境福里,0257,45,305,470,820,13,833,0,833,266,1099,75.7962
第15任總統副總統,在新竹市各投開票所,新竹市,　北區,境福里,0258,59,353,523,935,13,948,0,948,210,1158,81.8653
第15任總統副總統,在新竹市各投開票所,新竹市,　北區,境福里,0259,51,384,493,928,13,941,0,941,310,1251,75.2198
第15任總統副總統,在新竹市各投開票所,新竹市,　北區,士林里,0260,51,245,528,824,14,838,0,838,214,1052,79.6578
第15任總統副總統,在新竹市各投開票所,新竹市,　北區,士林里,0261,28,152,303,483,2,485,0,485,149,634,76.4984
第15任總統副總統,在新竹市各投開票所,新竹市,　北區,古賢里,0262,25,189,439,653,5,658,0,658,170,828,79.4686
第15任總統副總統,在新竹市各投開票所,新竹市,　北區,南寮里,0263,51,367,551,969,12,981,0,981,282,1263,77.6722
第15任總統副總統,在新竹市各投開票所,新竹市,　北區,南寮里,0264,42,388,419,849,6,855,0,855,307,1162,73.5800
第15任總統副總統,在新竹市各投開票所,新竹市,　北區,南寮里,0265,32,240,438,710,9,719,0,719,315,1034,69.5358
第15任總統副總統,在新竹市各投開票所,新竹市,　北區,南寮里,0266,41,277,427,745,6,751,0,751,293,1044,71.9349
第15任總統副總統,在新竹市各投開票所,新竹市,　北區,南寮里,0267,27,246,473,746,8,754,0,754,343,1097,68.7329
第15任總統副總統,在新竹市各投開票所,新竹市,　北區,康樂里,0268,34,237,313,584,3,587,0,587,178,765,76.7320
第15任總統副總統,在新竹市各投開票所,新竹市,　北區,康樂里,0269,47,299,545,891,6,897,0,897,260,1157,77.5281
第15任總統副總統,在新竹市各投開票所,新竹市,　北區,康樂里,0270,30,259,384,673,7,680,0,680,213,893,76.1478
第15任總統副總統,在新竹市各投開票所,新竹市,　北區,中寮里,0271,41,291,421,753,6,759,2,761,267,1028,73.8327
第15任總統副總統,在新竹市各投開票所,新竹市,　北區,中寮里,0272,40,287,554,881,16,897,1,898,332,1230,72.9268
第15任總統副總統,在新竹市各投開票所,新竹市,　北區,中寮里,0273,49,319,453,821,11,832,0,832,253,1085,76.6820
第15任總統副總統,在新竹市各投開票所,新竹市,　北區,海濱里,0274,46,213,450,709,10,719,0,719,260,979,73.4423
第15任總統副總統,在新竹市各投開票所,新竹市,　北區,海濱里,0275,35,295,326,656,5,661,0,661,248,909,72.7173
第15任總統副總統,在新竹市各投開票所,新竹市,　北區,海濱里,0276,37,248,386,671,10,681,0,681,267,948,71.8354
第15任總統副總統,在新竹市各投開票所,新竹市,　北區,海濱里,0277,34,260,423,717,15,732,0,732,255,987,74.1641
第15任總統副總統,在新竹市各投開票所,新竹市,　北區,港北里,0278,34,186,359,579,12,591,0,591,211,802,73.6908
第15任總統副總統,在新竹市各投開票所,新竹市,　北區,港北里,0279,37,214,409,660,7,667,0,667,230,897,74.3590
第15任總統副總統,在新竹市各投開票所,新竹市,　北區,舊港里,0280,15,144,247,406,8,414,0,414,158,572,72.3776
第15任總統副總統,在新竹市各投開票所,新竹市,　香山區,頂埔里,0281,45,254,399,698,8,706,0,706,223,929,75.9957
第15任總統副總統,在新竹市各投開票所,新竹市,　香山區,頂埔里,0282,27,242,420,689,8,697,0,697,274,971,71.7817
第15任總統副總統,在新竹市各投開票所,新竹市,　香山區,頂埔里,0283,46,248,411,705,6,711,0,711,243,954,74.5283
第15任總統副總統,在新竹市各投開票所,新竹市,　香山區,頂埔里,0284,35,251,403,689,7,696,0,696,247,943,73.8070
第15任總統副總統,在新竹市各投開票所,新竹市,　香山區,頂埔里,0285,58,252,504,814,8,822,0,822,227,1049,78.3603
第15任總統副總統,在新竹市各投開票所,新竹市,　香山區,頂福里,0286,34,201,383,618,6,624,0,624,156,780,80.0000
第15任總統副總統,在新竹市各投開票所,新竹市,　香山區,頂福里,0287,45,337,502,884,11,895,0,895,217,1112,80.4856
第15任總統副總統,在新竹市各投開票所,新竹市,　香山區,頂福里,0288,50,319,495,864,5,869,0,869,252,1121,77.5201
第15任總統副總統,在新竹市各投開票所,新竹市,　香山區,頂福里,0289,39,305,429,773,6,779,0,779,326,1105,70.4977
第15任總統副總統,在新竹市各投開票所,新竹市,　香山區,中埔里,0290,27,236,421,684,8,692,0,692,191,883,78.3692
第15任總統副總統,在新竹市各投開票所,新竹市,　香山區,中埔里,0291,46,325,456,827,9,836,0,836,244,1080,77.4074
第15任總統副總統,在新竹市各投開票所,新竹市,　香山區,中埔里,0292,27,262,387,676,6,682,0,682,190,872,78.2110
第15任總統副總統,在新竹市各投開票所,新竹市,　香山區,牛埔里,0293,38,287,454,779,11,790,0,790,284,1074,73.5568
第15任總統副總統,在新竹市各投開票所,新竹市,　香山區,牛埔里,0294,27,250,393,670,9,679,0,679,381,1060,64.0566
第15任總統副總統,在新竹市各投開票所,新竹市,　香山區,牛埔里,0295,48,328,452,828,10,838,0,838,351,1189,70.4794
第15任總統副總統,在新竹市各投開票所,新竹市,　香山區,牛埔里,0296,66,334,433,833,8,841,0,841,249,1090,77.1560
第15任總統副總統,在新竹市各投開票所,新竹市,　香山區,埔前里,0297,56,254,526,836,12,848,0,848,254,1102,76.9510
第15任總統副總統,在新竹市各投開票所,新竹市,　香山區,埔前里,0298,33,239,377,649,8,657,0,657,157,814,80.7125
第15任總統副總統,在新竹市各投開票所,新竹市,　香山區,埔前里,0299,45,274,598,917,10,927,0,927,262,1189,77.9647
第15任總統副總統,在新竹市各投開票所,新竹市,　香山區,樹下里,0300,41,211,601,853,10,863,0,863,258,1121,76.9848
第15任總統副總統,在新竹市各投開票所,新竹市,　香山區,樹下里,0301,29,177,525,731,16,747,0,747,204,951,78.5489
第15任總統副總統,在新竹市各投開票所,新竹市,　香山區,浸水里,0302,54,267,578,899,10,909,0,909,277,1186,76.6442
第15任總統副總統,在新竹市各投開票所,新竹市,　香山區,浸水里,0303,46,238,570,854,9,863,0,863,249,1112,77.6079
第15任總統副總統,在新竹市各投開票所,新竹市,　香山區,虎林里,0304,36,246,392,674,13,687,0,687,237,924,74.3506
第15任總統副總統,在新竹市各投開票所,新竹市,　香山區,虎林里,0305,46,297,604,947,16,963,0,963,315,1278,75.3521
第15任總統副總統,在新竹市各投開票所,新竹市,　香山區,虎山里,0306,42,229,460,731,14,745,0,745,297,1042,71.4971
第15任總統副總統,在新竹市各投開票所,新竹市,　香山區,虎山里,0307,33,197,388,618,7,625,0,625,230,855,73.0994
第15任總統副總統,在新竹市各投開票所,新竹市,　香山區,虎山里,0308,43,269,498,810,12,822,0,822,276,1098,74.8634
第15任總統副總統,在新竹市各投開票所,新竹市,　香山區,虎山里,0309,46,236,413,695,11,706,0,706,241,947,74.5512
第15任總統副總統,在新竹市各投開票所,新竹市,　香山區,虎山里,0310,30,322,572,924,8,932,0,932,314,1246,74.7994
第15任總統副總統,在新竹市各投開票所,新竹市,　香山區,港南里,0311,37,197,402,636,5,641,0,641,194,835,76.7665
第15任總統副總統,在新竹市各投開票所,新竹市,　香山區,港南里,0312,27,212,400,639,5,644,0,644,181,825,78.0606
第15任總統副總統,在新竹市各投開票所,新竹市,　香山區,港南里,0313,34,182,404,620,9,629,0,629,224,853,73.7397
第15任總統副總統,在新竹市各投開票所,新竹市,　香山區,東香里,0314,44,355,375,774,11,785,0,785,158,943,83.2450
第15任總統副總統,在新竹市各投開票所,新竹市,　香山區,東香里,0315,43,226,334,603,5,608,0,608,206,814,74.6929
第15任總統副總統,在新竹市各投開票所,新竹市,　香山區,東香里,0316,38,319,331,688,13,701,0,701,207,908,77.2026
第15任總統副總統,在新竹市各投開票所,新竹市,　香山區,東香里,0317,34,374,449,857,13,870,0,870,264,1134,76.7196
第15任總統副總統,在新竹市各投開票所,新竹市,　香山區,香村里,0318,40,273,466,779,14,793,0,793,320,1113,71.2489
第15任總統副總統,在新竹市各投開票所,新竹市,　香山區,香村里,0319,39,355,455,849,8,857,0,857,273,1130,75.8407
第15任總統副總統,在新竹市各投開票所,新竹市,　香山區,香村里,0320,57,404,410,871,10,881,0,881,245,1126,78.2416
第15任總統副總統,在新竹市各投開票所,新竹市,　香山區,香山里,0321,41,283,496,820,9,829,0,829,260,1089,76.1249
第15任總統副總統,在新竹市各投開票所,新竹市,　香山區,香山里,0322,47,243,434,724,8,732,0,732,250,982,74.5418
第15任總統副總統,在新竹市各投開票所,新竹市,　香山區,香山里,0323,47,285,462,794,12,806,0,806,281,1087,74.1490
第15任總統副總統,在新竹市各投開票所,新竹市,　香山區,香山里,0324,56,260,437,753,3,756,0,756,201,957,78.9969
第15任總統副總統,在新竹市各投開票所,新竹市,　香山區,大庄里,0325,52,255,506,813,7,820,0,820,205,1025,80.0000
第15任總統副總統,在新竹市各投開票所,新竹市,　香山區,大庄里,0326,17,178,418,613,9,622,0,622,237,859,72.4098
第15任總統副總統,在新竹市各投開票所,新竹市,　香山區,大庄里,0327,30,181,410,621,6,627,0,627,200,827,75.8162
第15任總統副總統,在新竹市各投開票所,新竹市,　香山區,美山里,0328,26,241,505,772,14,786,0,786,310,1096,71.7153
第15任總統副總統,在新竹市各投開票所,新竹市,　香山區,朝山里,0329,49,281,469,799,5,804,0,804,273,1077,74.6518
第15任總統副總統,在新竹市各投開票所,新竹市,　香山區,朝山里,0330,40,257,442,739,7,746,0,746,218,964,77.3859
第15任總統副總統,在新竹市各投開票所,新竹市,　香山區,海山里,0331,55,338,485,878,12,890,0,890,320,1210,73.5537
第15任總統副總統,在新竹市各投開票所,新竹市,　香山區,海山里,0332,40,350,443,833,11,844,0,844,252,1096,77.0073
第15任總統副總統,在新竹市各投開票所,新竹市,　香山區,鹽水里,0333,44,201,337,582,5,587,0,587,191,778,75.4499
第15任總統副總統,在新竹市各投開票所,新竹市,　香山區,鹽水里,0334,17,147,277,441,10,451,0,451,142,593,76.0540
第15任總統副總統,在新竹市各投開票所,新竹市,　香山區,內湖里,0335,37,317,395,749,15,764,0,764,248,1012,75.4941
第15任總統副總統,在新竹市各投開票所,新竹市,　香山區,內湖里,0336,37,235,374,646,5,651,0,651,283,934,69.7002
第15任總統副總統,在新竹市各投開票所,新竹市,　香山區,內湖里,0337,42,294,537,873,10,883,0,883,358,1241,71.1523
第15任總統副總統,在新竹市各投開票所,新竹市,　香山區,內湖里,0338,36,263,394,693,9,702,0,702,273,975,72.0000
第15任總統副總統,在新竹市各投開票所,新竹市,　香山區,南港里,0339,21,160,386,567,8,575,0,575,201,776,74.0979
第15任總統副總統,在新竹市各投開票所,新竹市,　香山區,中隘里,0340,27,218,275,520,4,524,0,524,178,702,74.6439
第15任總統副總統,在新竹市各投開票所,新竹市,　香山區,中隘里,0341,31,300,368,699,7,706,0,706,328,1034,68.2785
第15任總統副總統,在新竹市各投開票所,新竹市,　香山區,南隘里,0342,27,229,304,560,14,574,0,574,180,754,76.1273
第15任總統副總統,在新竹市各投開票所,新竹市,　香山區,大湖里,0343,32,228,395,655,8,663,0,663,193,856,77.4533
第15任總統副總統,在新竹市各投開票所,新竹市,　香山區,茄苳里,0344,22,248,346,616,10,626,0,626,259,885,70.7345
第15任總統副總統,在新竹縣各投開票所,新竹縣,　竹北市,鹿場里,0001,75,417,525,1017,14,1031,0,1031,260,1291,79.8606
第15任總統副總統,在新竹縣各投開票所,新竹縣,　竹北市,鹿場里,0002,77,333,473,883,14,897,0,897,264,1161,77.2610
第15任總統副總統,在新竹縣各投開票所,新竹縣,　竹北市,鹿場里,0003,57,407,515,979,15,994,0,994,238,1232,80.6818
第15任總統副總統,在新竹縣各投開票所,新竹縣,　竹北市,鹿場里,0004,60,407,524,991,9,1000,0,1000,195,1195,83.6820
第15任總統副總統,在新竹縣各投開票所,新竹縣,　竹北市,鹿場里,0005,61,402,527,990,17,1007,0,1007,247,1254,80.3030
第15任總統副總統,在新竹縣各投開票所,新竹縣,　竹北市,鹿場里,0006,67,340,479,886,6,892,0,892,252,1144,77.9720
第15任總統副總統,在新竹縣各投開票所,新竹縣,　竹北市,鹿場里,0007,65,323,509,897,13,910,0,910,174,1084,83.9483
第15任總統副總統,在新竹縣各投開票所,新竹縣,　竹北市,鹿場里,0008,74,309,519,902,16,918,0,918,195,1113,82.4798
第15任總統副總統,在新竹縣各投開票所,新竹縣,　竹北市,東平里,0009,72,297,481,850,21,871,0,871,201,1072,81.2500
第15任總統副總統,在新竹縣各投開票所,新竹縣,　竹北市,東平里,0010,63,335,477,875,15,890,0,890,231,1121,79.3934
第15任總統副總統,在新竹縣各投開票所,新竹縣,　竹北市,東平里,0011,64,333,500,897,12,909,0,909,198,1107,82.1138
第15任總統副總統,在新竹縣各投開票所,新竹縣,　竹北市,東平里,0012,61,264,516,841,10,851,0,851,207,1058,80.4348
第15任總統副總統,在新竹縣各投開票所,新竹縣,　竹北市,東平里,0013,70,311,539,920,14,934,0,934,229,1163,80.3095
第15任總統副總統,在新竹縣各投開票所,新竹縣,　竹北市,東平里,0014,60,309,548,917,8,925,0,925,219,1144,80.8566
第15任總統副總統,在新竹縣各投開票所,新竹縣,　竹北市,東平里,0015,50,307,503,860,10,870,0,870,232,1102,78.9474
第15任總統副總統,在新竹縣各投開票所,新竹縣,　竹北市,東平里,0016,61,289,528,878,14,892,0,892,186,1078,82.7458
第15任總統副總統,在新竹縣各投開票所,新竹縣,　竹北市,東平里,0017,57,223,421,701,12,713,0,713,184,897,79.4872
第15任總統副總統,在新竹縣各投開票所,新竹縣,　竹北市,東平里,0018,57,243,531,831,9,840,0,840,218,1058,79.3951
第15任總統副總統,在新竹縣各投開票所,新竹縣,　竹北市,中興里,0019,70,390,617,1077,17,1094,0,1094,246,1340,81.6418
第15任總統副總統,在新竹縣各投開票所,新竹縣,　竹北市,中興里,0020,63,373,499,935,9,944,0,944,195,1139,82.8797
第15任總統副總統,在新竹縣各投開票所,新竹縣,　竹北市,中興里,0021,46,352,507,905,13,918,0,918,247,1165,78.7983
第15任總統副總統,在新竹縣各投開票所,新竹縣,　竹北市,中興里,0022,60,332,504,896,23,919,0,919,220,1139,80.6848
第15任總統副總統,在新竹縣各投開票所,新竹縣,　竹北市,中興里,0023,71,307,553,931,20,951,0,951,203,1154,82.4090
第15任總統副總統,在新竹縣各投開票所,新竹縣,　竹北市,中興里,0024,57,389,395,841,13,854,0,854,263,1117,76.4548
第15任總統副總統,在新竹縣各投開票所,新竹縣,　竹北市,隘口里,0025,59,417,473,949,14,963,0,963,259,1222,78.8052
第15任總統副總統,在新竹縣各投開票所,新竹縣,　竹北市,隘口里,0026,75,412,568,1055,13,1068,0,1068,255,1323,80.7256
第15任總統副總統,在新竹縣各投開票所,新竹縣,　竹北市,東海里,0027,37,362,312,711,5,716,0,716,269,985,72.6904
第15任總統副總統,在新竹縣各投開票所,新竹縣,　竹北市,東海里,0028,33,396,322,751,7,758,0,758,271,1029,73.6638
第15任總統副總統,在新竹縣各投開票所,新竹縣,　竹北市,東海里,0029,25,357,295,677,9,686,0,686,254,940,72.9787
第15任總統副總統,在新竹縣各投開票所,新竹縣,　竹北市,東興里,0030,52,359,538,949,11,960,0,960,266,1226,78.3034
第15任總統副總統,在新竹縣各投開票所,新竹縣,　竹北市,東興里,0031,60,395,505,960,9,969,0,969,267,1236,78.3981
第15任總統副總統,在新竹縣各投開票所,新竹縣,　竹北市,東興里,0032,69,240,675,984,15,999,0,999,201,1200,83.2500
第15任總統副總統,在新竹縣各投開票所,新竹縣,　竹北市,東興里,0033,60,302,559,921,10,931,0,931,280,1211,76.8786
第15任總統副總統,在新竹縣各投開票所,新竹縣,　竹北市,東興里,0034,51,402,463,916,10,926,0,926,255,1181,78.4081
第15任總統副總統,在新竹縣各投開票所,新竹縣,　竹北市,北興里,0035,96,391,683,1170,18,1188,0,1188,314,1502,79.0945
第15任總統副總統,在新竹縣各投開票所,新竹縣,　竹北市,北興里,0036,65,333,622,1020,9,1029,0,1029,309,1338,76.9058
第15任總統副總統,在新竹縣各投開票所,新竹縣,　竹北市,北興里,0037,90,352,742,1184,13,1197,0,1197,260,1457,82.1551
第15任總統副總統,在新竹縣各投開票所,新竹縣,　竹北市,十興里,0038,75,357,551,983,16,999,0,999,220,1219,81.9524
第15任總統副總統,在新竹縣各投開票所,新竹縣,　竹北市,十興里,0039,67,396,488,951,14,965,0,965,241,1206,80.0166
第15任總統副總統,在新竹縣各投開票所,新竹縣,　竹北市,十興里,0040,64,337,519,920,5,925,0,925,288,1213,76.2572
第15任總統副總統,在新竹縣各投開票所,新竹縣,　竹北市,十興里,0041,90,364,578,1032,13,1045,0,1045,251,1296,80.6327
第15任總統副總統,在新竹縣各投開票所,新竹縣,　竹北市,十興里,0042,80,334,555,969,11,980,0,980,243,1223,80.1308
第15任總統副總統,在新竹縣各投開票所,新竹縣,　竹北市,興安里,0043,58,365,390,813,8,821,0,821,258,1079,76.0890
第15任總統副總統,在新竹縣各投開票所,新竹縣,　竹北市,興安里,0044,51,358,399,808,7,815,0,815,212,1027,79.3574
第15任總統副總統,在新竹縣各投開票所,新竹縣,　竹北市,興安里,0045,46,388,431,865,10,875,0,875,234,1109,78.8999
第15任總統副總統,在新竹縣各投開票所,新竹縣,　竹北市,文化里,0046,35,399,389,823,12,835,0,835,215,1050,79.5238
第15任總統副總統,在新竹縣各投開票所,新竹縣,　竹北市,文化里,0047,57,342,380,779,14,793,0,793,216,1009,78.5927
第15任總統副總統,在新竹縣各投開票所,新竹縣,　竹北市,文化里,0048,61,351,455,867,6,873,0,873,218,1091,80.0183
第15任總統副總統,在新竹縣各投開票所,新竹縣,　竹北市,斗崙里,0049,56,372,549,977,15,992,0,992,233,1225,80.9796
第15任總統副總統,在新竹縣各投開票所,新竹縣,　竹北市,斗崙里,0050,65,374,461,900,12,912,0,912,245,1157,78.8245
第15任總統副總統,在新竹縣各投開票所,新竹縣,　竹北市,斗崙里,0051,66,412,480,958,13,971,0,971,222,1193,81.3915
第15任總統副總統,在新竹縣各投開票所,新竹縣,　竹北市,斗崙里,0052,53,440,491,984,10,994,0,994,233,1227,81.0106
第15任總統副總統,在新竹縣各投開票所,新竹縣,　竹北市,斗崙里,0053,74,364,613,1051,17,1068,0,1068,285,1353,78.9357
第15任總統副總統,在新竹縣各投開票所,新竹縣,　竹北市,中崙里,0054,57,441,457,955,10,965,0,965,208,1173,82.2677
第15任總統副總統,在新竹縣各投開票所,新竹縣,　竹北市,中崙里,0055,42,367,477,886,16,902,0,902,222,1124,80.2491
第15任總統副總統,在新竹縣各投開票所,新竹縣,　竹北市,中崙里,0056,69,280,486,835,15,850,0,850,223,1073,79.2171
第15任總統副總統,在新竹縣各投開票所,新竹縣,　竹北市,中崙里,0057,47,422,434,903,7,910,0,910,240,1150,79.1304
第15任總統副總統,在新竹縣各投開票所,新竹縣,　竹北市,中崙里,0058,51,359,537,947,15,962,0,962,217,1179,81.5946
第15任總統副總統,在新竹縣各投開票所,新竹縣,　竹北市,北崙里,0059,53,395,411,859,10,869,0,869,268,1137,76.4292
第15任總統副總統,在新竹縣各投開票所,新竹縣,　竹北市,北崙里,0060,67,432,506,1005,16,1021,0,1021,267,1288,79.2702
第15任總統副總統,在新竹縣各投開票所,新竹縣,　竹北市,北崙里,0061,65,415,431,911,15,926,0,926,280,1206,76.7828
第15任總統副總統,在新竹縣各投開票所,新竹縣,　竹北市,新崙里,0062,68,338,419,825,7,832,0,832,292,1124,74.0214
第15任總統副總統,在新竹縣各投開票所,新竹縣,　竹北市,新崙里,0063,54,407,520,981,15,996,0,996,266,1262,78.9223
第15任總統副總統,在新竹縣各投開票所,新竹縣,　竹北市,新崙里,0064,40,374,481,895,11,906,0,906,234,1140,79.4737
第15任總統副總統,在新竹縣各投開票所,新竹縣,　竹北市,新崙里,0065,58,375,497,930,13,943,0,943,271,1214,77.6771
第15任總統副總統,在新竹縣各投開票所,新竹縣,　竹北市,新崙里,0066,64,362,540,966,19,985,0,985,285,1270,77.5591
第15任總統副總統,在新竹縣各投開票所,新竹縣,　竹北市,竹北里,0067,67,502,522,1091,8,1099,0,1099,426,1525,72.0656
第15任總統副總統,在新竹縣各投開票所,新竹縣,　竹北市,竹北里,0068,64,369,570,1003,7,1010,0,1010,282,1292,78.1734
第15任總統副總統,在新竹縣各投開票所,新竹縣,　竹北市,竹北里,0069,70,431,518,1019,20,1039,0,1039,346,1385,75.0181
第15任總統副總統,在新竹縣各投開票所,新竹縣,　竹北市,竹北里,0070,45,433,457,935,11,946,0,946,241,1187,79.6967
第15任總統副總統,在新竹縣各投開票所,新竹縣,　竹北市,竹北里,0071,75,388,452,915,16,931,0,931,311,1242,74.9597
第15任總統副總統,在新竹縣各投開票所,新竹縣,　竹北市,竹仁里,0072,37,411,320,768,13,781,0,781,216,997,78.3350
第15任總統副總統,在新竹縣各投開票所,新竹縣,　竹北市,竹仁里,0073,45,348,418,811,9,820,0,820,240,1060,77.3585
第15任總統副總統,在新竹縣各投開票所,新竹縣,　竹北市,竹仁里,0074,36,430,381,847,6,853,0,853,240,1093,78.0421
第15任總統副總統,在新竹縣各投開票所,新竹縣,　竹北市,竹仁里,0075,58,362,372,792,6,798,0,798,250,1048,76.1450
第15任總統副總統,在新竹縣各投開票所,新竹縣,　竹北市,竹仁里,0076,44,351,481,876,10,886,0,886,238,1124,78.8256
第15任總統副總統,在新竹縣各投開票所,新竹縣,　竹北市,竹仁里,0077,56,417,382,855,15,870,0,870,298,1168,74.4863
第15任總統副總統,在新竹縣各投開票所,新竹縣,　竹北市,竹仁里,0078,41,359,342,742,6,748,0,748,216,964,77.5934
第15任總統副總統,在新竹縣各投開票所,新竹縣,　竹北市,竹仁里,0079,41,377,341,759,10,769,1,770,240,1010,76.1386
第15任總統副總統,在新竹縣各投開票所,新竹縣,　竹北市,福德里,0080,42,371,342,755,6,761,0,761,208,969,78.5346
第15任總統副總統,在新竹縣各投開票所,新竹縣,　竹北市,福德里,0081,36,392,410,838,8,846,0,846,232,1078,78.4787
第15任總統副總統,在新竹縣各投開票所,新竹縣,　竹北市,福德里,0082,40,339,393,772,6,778,0,778,315,1093,71.1802
第15任總統副總統,在新竹縣各投開票所,新竹縣,　竹北市,竹義里,0083,47,439,482,968,7,975,0,975,299,1274,76.5306
第15任總統副總統,在新竹縣各投開票所,新竹縣,　竹北市,竹義里,0084,27,334,408,769,9,778,0,778,270,1048,74.2366
第15任總統副總統,在新竹縣各投開票所,新竹縣,　竹北市,竹義里,0085,51,386,429,866,8,874,0,874,253,1127,77.5510
第15任總統副總統,在新竹縣各投開票所,新竹縣,　竹北市,竹義里,0086,47,389,378,814,5,819,0,819,269,1088,75.2757
第15任總統副總統,在新竹縣各投開票所,新竹縣,　竹北市,竹義里,0087,38,244,259,541,6,547,0,547,567,1114,49.1023
第15任總統副總統,在新竹縣各投開票所,新竹縣,　竹北市,泰和里,0088,52,411,445,908,10,918,0,918,256,1174,78.1942
第15任總統副總統,在新竹縣各投開票所,新竹縣,　竹北市,泰和里,0089,45,433,434,912,17,929,0,929,278,1207,76.9677
第15任總統副總統,在新竹縣各投開票所,新竹縣,　竹北市,泰和里,0090,46,361,362,769,10,779,0,779,324,1103,70.6256
第15任總統副總統,在新竹縣各投開票所,新竹縣,　竹北市,泰和里,0091,50,382,377,809,9,818,0,818,288,1106,73.9602
第15任總統副總統,在新竹縣各投開票所,新竹縣,　竹北市,泰和里,0092,46,298,346,690,9,699,0,699,259,958,72.9645
第15任總統副總統,在新竹縣各投開票所,新竹縣,　竹北市,新社里,0093,65,379,400,844,10,854,0,854,260,1114,76.6607
第15任總統副總統,在新竹縣各投開票所,新竹縣,　竹北市,新社里,0094,43,338,422,803,19,822,0,822,280,1102,74.5917
第15任總統副總統,在新竹縣各投開票所,新竹縣,　竹北市,新社里,0095,68,318,444,830,8,838,0,838,269,1107,75.7001
第15任總統副總統,在新竹縣各投開票所,新竹縣,　竹北市,新社里,0096,32,345,388,765,6,771,0,771,257,1028,75.0000
第15任總統副總統,在新竹縣各投開票所,新竹縣,　竹北市,新社里,0097,48,308,402,758,8,766,0,766,256,1022,74.9511
第15任總統副總統,在新竹縣各投開票所,新竹縣,　竹北市,新社里,0098,54,352,455,861,10,871,0,871,346,1217,71.5694
第15任總統副總統,在新竹縣各投開票所,新竹縣,　竹北市,新國里,0099,48,326,417,791,12,803,0,803,259,1062,75.6121
第15任總統副總統,在新竹縣各投開票所,新竹縣,　竹北市,新國里,0100,48,325,474,847,9,856,0,856,280,1136,75.3521
第15任總統副總統,在新竹縣各投開票所,新竹縣,　竹北市,新國里,0101,52,284,487,823,12,835,0,835,271,1106,75.4973
第15任總統副總統,在新竹縣各投開票所,新竹縣,　竹北市,新國里,0102,53,309,465,827,7,834,0,834,308,1142,73.0298
第15任總統副總統,在新竹縣各投開票所,新竹縣,　竹北市,新國里,0103,47,376,503,926,8,934,0,934,218,1152,81.0764
第15任總統副總統,在新竹縣各投開票所,新竹縣,　竹北市,聯興里,0104,45,335,378,758,9,767,0,767,258,1025,74.8293
第15任總統副總統,在新竹縣各投開票所,新竹縣,　竹北市,聯興里,0105,34,295,334,663,7,670,0,670,210,880,76.1364
第15任總統副總統,在新竹縣各投開票所,新竹縣,　竹北市,聯興里,0106,52,373,505,930,9,939,0,939,246,1185,79.2405
第15任總統副總統,在新竹縣各投開票所,新竹縣,　竹北市,聯興里,0107,64,389,472,925,13,938,0,938,283,1221,76.8223
第15任總統副總統,在新竹縣各投開票所,新竹縣,　竹北市,麻園里,0108,35,228,369,632,7,639,0,639,224,863,74.0440
第15任總統副總統,在新竹縣各投開票所,新竹縣,　竹北市,麻園里,0109,51,313,422,786,15,801,0,801,255,1056,75.8523
第15任總統副總統,在新竹縣各投開票所,新竹縣,　竹北市,溪州里,0110,28,343,449,820,13,833,0,833,238,1071,77.7778
第15任總統副總統,在新竹縣各投開票所,新竹縣,　竹北市,溪州里,0111,42,397,545,984,10,994,0,994,315,1309,75.9358
第15任總統副總統,在新竹縣各投開票所,新竹縣,　竹北市,新庄里,0112,38,317,403,758,12,770,0,770,253,1023,75.2688
第15任總統副總統,在新竹縣各投開票所,新竹縣,　竹北市,白地里,0113,42,238,405,685,15,700,0,700,214,914,76.5864
第15任總統副總統,在新竹縣各投開票所,新竹縣,　竹北市,白地里,0114,40,282,545,867,11,878,0,878,285,1163,75.4944
第15任總統副總統,在新竹縣各投開票所,新竹縣,　竹北市,新港里,0115,41,228,600,869,14,883,0,883,293,1176,75.0850
第15任總統副總統,在新竹縣各投開票所,新竹縣,　竹北市,大眉里,0116,24,273,394,691,9,700,0,700,215,915,76.5027
第15任總統副總統,在新竹縣各投開票所,新竹縣,　竹北市,大眉里,0117,36,224,288,548,7,555,0,555,220,775,71.6129
第15任總統副總統,在新竹縣各投開票所,新竹縣,　竹北市,大義里,0118,37,199,415,651,7,658,0,658,242,900,73.1111
第15任總統副總統,在新竹縣各投開票所,新竹縣,　竹北市,大義里,0119,20,135,324,479,4,483,0,483,170,653,73.9663
第15任總統副總統,在新竹縣各投開票所,新竹縣,　竹北市,尚義里,0120,28,169,426,623,3,626,0,626,185,811,77.1887
第15任總統副總統,在新竹縣各投開票所,新竹縣,　竹北市,尚義里,0121,25,180,368,573,10,583,0,583,225,808,72.1535
第15任總統副總統,在新竹縣各投開票所,新竹縣,　竹北市,崇義里,0122,33,232,450,715,10,725,0,725,215,940,77.1277
第15任總統副總統,在新竹縣各投開票所,新竹縣,　竹北市,崇義里,0123,34,194,450,678,4,682,0,682,232,914,74.6171
第15任總統副總統,在新竹縣各投開票所,新竹縣,　竹東鎮,上坪里,0124,12,138,63,213,2,215,0,215,88,303,70.9571
第15任總統副總統,在新竹縣各投開票所,新竹縣,　竹東鎮,瑞峰里,0125,10,156,116,282,5,287,0,287,111,398,72.1106
第15任總統副總統,在新竹縣各投開票所,新竹縣,　竹東鎮,軟橋里,0126,15,167,89,271,1,272,0,272,97,369,73.7127
第15任總統副總統,在新竹縣各投開票所,新竹縣,　竹東鎮,員崠里,0127,25,435,259,719,7,726,0,726,308,1034,70.2128
第15任總統副總統,在新竹縣各投開票所,新竹縣,　竹東鎮,員崠里,0128,59,491,281,831,9,840,0,840,285,1125,74.6667
第15任總統副總統,在新竹縣各投開票所,新竹縣,　竹東鎮,上舘里,0129,50,470,314,834,6,840,0,840,324,1164,72.1649
第15任總統副總統,在新竹縣各投開票所,新竹縣,　竹東鎮,上舘里,0130,68,480,353,901,10,911,0,911,266,1177,77.4002
第15任總統副總統,在新竹縣各投開票所,新竹縣,　竹東鎮,上舘里,0131,44,508,336,888,11,899,0,899,329,1228,73.2085
第15任總統副總統,在新竹縣各投開票所,新竹縣,　竹東鎮,上舘里,0132,39,460,274,773,3,776,0,776,459,1235,62.8340
第15任總統副總統,在新竹縣各投開票所,新竹縣,　竹東鎮,上舘里,0133,43,493,288,824,10,834,0,834,336,1170,71.2821
第15任總統副總統,在新竹縣各投開票所,新竹縣,　竹東鎮,上舘里,0134,40,397,276,713,9,722,0,722,190,912,79.1667
第15任總統副總統,在新竹縣各投開票所,新竹縣,　竹東鎮,上舘里,0135,34,349,314,697,7,704,0,704,230,934,75.3747
第15任總統副總統,在新竹縣各投開票所,新竹縣,　竹東鎮,上舘里,0136,49,459,320,828,7,835,0,835,257,1092,76.4652
第15任總統副總統,在新竹縣各投開票所,新竹縣,　竹東鎮,東寧里,0137,51,416,245,712,12,724,0,724,272,996,72.6908
第15任總統副總統,在新竹縣各投開票所,新竹縣,　竹東鎮,東寧里,0138,42,493,307,842,8,850,0,850,271,1121,75.8252
第15任總統副總統,在新竹縣各投開票所,新竹縣,　竹東鎮,東寧里,0139,43,425,314,782,7,789,0,789,265,1054,74.8577
第15任總統副總統,在新竹縣各投開票所,新竹縣,　竹東鎮,中正里,0140,36,340,264,640,6,646,0,646,217,863,74.8552
第15任總統副總統,在新竹縣各投開票所,新竹縣,　竹東鎮,中正里,0141,53,399,340,792,15,807,0,807,238,1045,77.2249
第15任總統副總統,在新竹縣各投開票所,新竹縣,　竹東鎮,大鄉里,0142,46,418,297,761,12,773,0,773,309,1082,71.4418
第15任總統副總統,在新竹縣各投開票所,新竹縣,　竹東鎮,大鄉里,0143,27,361,319,707,10,717,0,717,307,1024,70.0195
第15任總統副總統,在新竹縣各投開票所,新竹縣,　竹東鎮,大鄉里,0144,33,520,365,918,10,928,0,928,270,1198,77.4624
第15任總統副總統,在新竹縣各投開票所,新竹縣,　竹東鎮,大鄉里,0145,48,438,297,783,13,796,0,796,303,1099,72.4295
第15任總統副總統,在新竹縣各投開票所,新竹縣,　竹東鎮,中山里,0146,26,363,217,606,2,608,0,608,208,816,74.5098
第15任總統副總統,在新竹縣各投開票所,新竹縣,　竹東鎮,中山里,0147,51,356,229,636,12,648,0,648,183,831,77.9783
第15任總統副總統,在新竹縣各投開票所,新竹縣,　竹東鎮,南華里,0148,40,406,317,763,5,768,0,768,259,1027,74.7809
第15任總統副總統,在新竹縣各投開票所,新竹縣,　竹東鎮,東華里,0149,21,281,211,513,3,516,0,516,151,667,77.3613
第15任總統副總統,在新竹縣各投開票所,新竹縣,　竹東鎮,商華里,0150,23,319,166,508,4,512,0,512,458,970,52.7835
第15任總統副總統,在新竹縣各投開票所,新竹縣,　竹東鎮,商華里,0151,39,437,271,747,7,754,0,754,204,958,78.7056
第15任總統副總統,在新竹縣各投開票所,新竹縣,　竹東鎮,商華里,0152,36,380,261,677,8,685,0,685,369,1054,64.9905
第15任總統副總統,在新竹縣各投開票所,新竹縣,　竹東鎮,竹東里,0153,15,227,225,467,2,469,0,469,108,577,81.2825
第15任總統副總統,在新竹縣各投開票所,新竹縣,　竹東鎮,竹東里,0154,26,264,251,541,7,548,0,548,179,727,75.3783
第15任總統副總統,在新竹縣各投開票所,新竹縣,　竹東鎮,忠孝里,0155,23,285,227,535,12,547,0,547,183,730,74.9315
第15任總統副總統,在新竹縣各投開票所,新竹縣,　竹東鎮,忠孝里,0156,33,305,228,566,6,572,0,572,212,784,72.9592
第15任總統副總統,在新竹縣各投開票所,新竹縣,　竹東鎮,鷄林里,0157,39,380,252,671,9,680,0,680,256,936,72.6496
第15任總統副總統,在新竹縣各投開票所,新竹縣,　竹東鎮,鷄林里,0158,34,354,270,658,12,670,0,670,250,920,72.8261
第15任總統副總統,在新竹縣各投開票所,新竹縣,　竹東鎮,鷄林里,0159,36,408,216,660,10,670,0,670,230,900,74.4444
第15任總統副總統,在新竹縣各投開票所,新竹縣,　竹東鎮,鷄林里,0160,40,417,289,746,6,752,0,752,202,954,78.8260
第15任總統副總統,在新竹縣各投開票所,新竹縣,　竹東鎮,仁愛里,0161,22,392,266,680,10,690,0,690,230,920,75.0000
第15任總統副總統,在新竹縣各投開票所,新竹縣,　竹東鎮,仁愛里,0162,54,468,333,855,4,859,0,859,289,1148,74.8258
第15任總統副總統,在新竹縣各投開票所,新竹縣,　竹東鎮,仁愛里,0163,45,441,347,833,15,848,0,848,253,1101,77.0209
第15任總統副總統,在新竹縣各投開票所,新竹縣,　竹東鎮,榮樂里,0164,26,287,206,519,6,525,0,525,167,692,75.8671
第15任總統副總統,在新竹縣各投開票所,新竹縣,　竹東鎮,榮樂里,0165,36,295,168,499,8,507,0,507,153,660,76.8182
第15任總統副總統,在新竹縣各投開票所,新竹縣,　竹東鎮,榮華里,0166,37,474,343,854,5,859,0,859,276,1135,75.6828
第15任總統副總統,在新竹縣各投開票所,新竹縣,　竹東鎮,榮華里,0167,41,491,308,840,14,854,0,854,240,1094,78.0622
第15任總統副總統,在新竹縣各投開票所,新竹縣,　竹東鎮,榮華里,0168,39,459,317,815,20,835,0,835,289,1124,74.2883
第15任總統副總統,在新竹縣各投開票所,新竹縣,　竹東鎮,榮華里,0169,46,443,356,845,16,861,0,861,263,1124,76.6014
第15任總統副總統,在新竹縣各投開票所,新竹縣,　竹東鎮,榮華里,0170,39,486,334,859,16,875,0,875,277,1152,75.9549
第15任總統副總統,在新竹縣各投開票所,新竹縣,　竹東鎮,榮華里,0171,46,428,322,796,10,806,0,806,234,1040,77.5000
第15任總統副總統,在新竹縣各投開票所,新竹縣,　竹東鎮,五豐里,0172,48,415,357,820,8,828,0,828,344,1172,70.6485
第15任總統副總統,在新竹縣各投開票所,新竹縣,　竹東鎮,五豐里,0173,31,378,372,781,5,786,0,786,424,1210,64.9587
第15任總統副總統,在新竹縣各投開票所,新竹縣,　竹東鎮,五豐里,0174,55,444,328,827,11,838,0,838,344,1182,70.8968
第15任總統副總統,在新竹縣各投開票所,新竹縣,　竹東鎮,五豐里,0175,51,372,322,745,5,750,0,750,343,1093,68.6185
第15任總統副總統,在新竹縣各投開票所,新竹縣,　竹東鎮,五豐里,0176,64,583,452,1099,11,1110,0,1110,364,1474,75.3053
第15任總統副總統,在新竹縣各投開票所,新竹縣,　竹東鎮,五豐里,0177,45,437,265,747,14,761,0,761,310,1071,71.0551
第15任總統副總統,在新竹縣各投開票所,新竹縣,　竹東鎮,陸豐里,0178,18,229,175,422,3,425,0,425,124,549,77.4135
第15任總統副總統,在新竹縣各投開票所,新竹縣,　竹東鎮,三重里,0179,65,356,331,752,4,756,0,756,268,1024,73.8281
第15任總統副總統,在新竹縣各投開票所,新竹縣,　竹東鎮,三重里,0180,46,363,315,724,15,739,0,739,283,1022,72.3092
第15任總統副總統,在新竹縣各投開票所,新竹縣,　竹東鎮,三重里,0181,39,315,349,703,6,709,0,709,219,928,76.4009
第15任總統副總統,在新竹縣各投開票所,新竹縣,　竹東鎮,三重里,0182,45,360,382,787,8,795,0,795,250,1045,76.0766
第15任總統副總統,在新竹縣各投開票所,新竹縣,　竹東鎮,三重里,0183,37,395,334,766,6,772,0,772,255,1027,75.1704
第15任總統副總統,在新竹縣各投開票所,新竹縣,　竹東鎮,三重里,0184,45,415,281,741,7,748,0,748,286,1034,72.3404
第15任總統副總統,在新竹縣各投開票所,新竹縣,　竹東鎮,二重里,0185,57,457,347,861,8,869,0,869,288,1157,75.1080
第15任總統副總統,在新竹縣各投開票所,新竹縣,　竹東鎮,二重里,0186,30,329,305,664,6,670,0,670,230,900,74.4444
第15任總統副總統,在新竹縣各投開票所,新竹縣,　竹東鎮,二重里,0187,73,550,486,1109,17,1126,0,1126,296,1422,79.1842
第15任總統副總統,在新竹縣各投開票所,新竹縣,　竹東鎮,二重里,0188,70,277,613,960,17,977,0,977,302,1279,76.3878
第15任總統副總統,在新竹縣各投開票所,新竹縣,　竹東鎮,二重里,0189,93,276,748,1117,16,1133,0,1133,364,1497,75.6847
第15任總統副總統,在新竹縣各投開票所,新竹縣,　竹東鎮,二重里,0190,55,426,332,813,5,818,0,818,356,1174,69.6763
第15任總統副總統,在新竹縣各投開票所,新竹縣,　竹東鎮,二重里,0191,62,397,310,769,7,776,0,776,369,1145,67.7729
第15任總統副總統,在新竹縣各投開票所,新竹縣,　竹東鎮,二重里,0192,54,459,356,869,11,880,0,880,297,1177,74.7664
第15任總統副總統,在新竹縣各投開票所,新竹縣,　竹東鎮,二重里,0193,45,471,387,903,8,911,0,911,295,1206,75.5390
第15任總統副總統,在新竹縣各投開票所,新竹縣,　竹東鎮,頭重里,0194,33,363,394,790,10,800,0,800,248,1048,76.3359
第15任總統副總統,在新竹縣各投開票所,新竹縣,　竹東鎮,頭重里,0195,53,417,348,818,12,830,0,830,264,1094,75.8684
第15任總統副總統,在新竹縣各投開票所,新竹縣,　竹東鎮,頭重里,0196,45,404,364,813,11,824,0,824,236,1060,77.7358
第15任總統副總統,在新竹縣各投開票所,新竹縣,　竹東鎮,頭重里,0197,55,397,392,844,16,860,0,860,207,1067,80.5998
第15任總統副總統,在新竹縣各投開票所,新竹縣,　竹東鎮,員山里,0198,43,372,323,738,9,747,0,747,219,966,77.3292
第15任總統副總統,在新竹縣各投開票所,新竹縣,　竹東鎮,員山里,0199,41,349,317,707,6,713,0,713,184,897,79.4872
第15任總統副總統,在新竹縣各投開票所,新竹縣,　竹東鎮,柯湖里,0200,24,227,199,450,6,456,0,456,125,581,78.4854
第15任總統副總統,在新竹縣各投開票所,新竹縣,　新埔鎮,新埔里,0201,26,372,317,715,5,720,0,720,223,943,76.3521
第15任總統副總統,在新竹縣各投開票所,新竹縣,　新埔鎮,新生里,0202,14,189,229,432,1,433,0,433,132,565,76.6372
第15任總統副總統,在新竹縣各投開票所,新竹縣,　新埔鎮,新民里,0203,49,407,308,764,8,772,0,772,254,1026,75.2437
第15任總統副總統,在新竹縣各投開票所,新竹縣,　新埔鎮,田新里,0204,41,368,274,683,7,690,0,690,213,903,76.4120
第15任總統副總統,在新竹縣各投開票所,新竹縣,　新埔鎮,田新里,0205,19,274,220,513,10,523,0,523,181,704,74.2898
第15任總統副總統,在新竹縣各投開票所,新竹縣,　新埔鎮,田新里,0206,27,319,354,700,10,710,0,710,206,916,77.5109
第15任總統副總統,在新竹縣各投開票所,新竹縣,　新埔鎮,旱坑里,0207,41,345,246,632,6,638,0,638,242,880,72.5000
第15任總統副總統,在新竹縣各投開票所,新竹縣,　新埔鎮,旱坑里,0208,22,290,307,619,5,624,0,624,247,871,71.6418
第15任總統副總統,在新竹縣各投開票所,新竹縣,　新埔鎮,五埔里,0209,21,324,313,658,6,664,0,664,264,928,71.5517
第15任總統副總統,在新竹縣各投開票所,新竹縣,　新埔鎮,五埔里,0210,39,309,343,691,10,701,0,701,288,989,70.8797
第15任總統副總統,在新竹縣各投開票所,新竹縣,　新埔鎮,四座里,0211,46,393,446,885,10,895,0,895,241,1136,78.7852
第15任總統副總統,在新竹縣各投開票所,新竹縣,　新埔鎮,四座里,0212,50,345,431,826,3,829,0,829,277,1106,74.9548
第15任總統副總統,在新竹縣各投開票所,新竹縣,　新埔鎮,四座里,0213,35,272,390,697,8,705,0,705,280,985,71.5736
第15任總統副總統,在新竹縣各投開票所,新竹縣,　新埔鎮,照門里,0214,19,182,303,504,5,509,0,509,234,743,68.5061
第15任總統副總統,在新竹縣各投開票所,新竹縣,　新埔鎮,照門里,0215,21,227,184,432,5,437,0,437,186,623,70.1445
第15任總統副總統,在新竹縣各投開票所,新竹縣,　新埔鎮,清水里,0216,7,123,189,319,3,322,0,322,90,412,78.1553
第15任總統副總統,在新竹縣各投開票所,新竹縣,　新埔鎮,鹿鳴里,0217,18,196,310,524,5,529,0,529,175,704,75.1420
第15任總統副總統,在新竹縣各投開票所,新竹縣,　新埔鎮,新北里,0218,17,179,240,436,6,442,0,442,131,573,77.1379
第15任總統副總統,在新竹縣各投開票所,新竹縣,　新埔鎮,巨埔里,0219,29,325,490,844,15,859,0,859,259,1118,76.8336
第15任總統副總統,在新竹縣各投開票所,新竹縣,　新埔鎮,內立里,0220,23,373,374,770,14,784,0,784,299,1083,72.3915
第15任總統副總統,在新竹縣各投開票所,新竹縣,　新埔鎮,寶石里,0221,23,288,316,627,6,633,0,633,214,847,74.7344
第15任總統副總統,在新竹縣各投開票所,新竹縣,　新埔鎮,文山里,0222,44,344,353,741,9,750,0,750,296,1046,71.7017
第15任總統副總統,在新竹縣各投開票所,新竹縣,　新埔鎮,文山里,0223,38,344,355,737,6,743,0,743,224,967,76.8356
第15任總統副總統,在新竹縣各投開票所,新竹縣,　新埔鎮,文山里,0224,39,392,265,696,14,710,0,710,275,985,72.0812
第15任總統副總統,在新竹縣各投開票所,新竹縣,　新埔鎮,文山里,0225,43,391,428,862,12,874,0,874,291,1165,75.0215
第15任總統副總統,在新竹縣各投開票所,新竹縣,　新埔鎮,上寮里,0226,36,280,405,721,10,731,0,731,221,952,76.7857
第15任總統副總統,在新竹縣各投開票所,新竹縣,　新埔鎮,上寮里,0227,30,283,261,574,7,581,0,581,249,830,70.0000
第15任總統副總統,在新竹縣各投開票所,新竹縣,　新埔鎮,下寮里,0228,34,253,322,609,11,620,0,620,205,825,75.1515
第15任總統副總統,在新竹縣各投開票所,新竹縣,　新埔鎮,下寮里,0229,28,261,306,595,7,602,0,602,172,774,77.7778
第15任總統副總統,在新竹縣各投開票所,新竹縣,　新埔鎮,下寮里,0230,45,276,288,609,7,616,0,616,261,877,70.2395
第15任總統副總統,在新竹縣各投開票所,新竹縣,　新埔鎮,南平里,0231,35,323,374,732,13,745,0,745,218,963,77.3624
第15任總統副總統,在新竹縣各投開票所,新竹縣,　新埔鎮,北平里,0232,34,199,241,474,5,479,0,479,132,611,78.3961
第15任總統副總統,在新竹縣各投開票所,新竹縣,　關西鎮,東興里,0233,11,187,152,350,1,351,0,351,98,449,78.1737
第15任總統副總統,在新竹縣各投開票所,新竹縣,　關西鎮,西安里,0234,32,396,265,693,6,699,0,699,184,883,79.1619
第15任總統副總統,在新竹縣各投開票所,新竹縣,　關西鎮,西安里,0235,45,436,250,731,8,739,0,739,216,955,77.3822
第15任總統副總統,在新竹縣各投開票所,新竹縣,　關西鎮,南雄里,0236,22,250,240,512,8,520,0,520,155,675,77.0370
第15任總統副總統,在新竹縣各投開票所,新竹縣,　關西鎮,北斗里,0237,38,498,360,896,9,905,0,905,250,1155,78.3550
第15任總統副總統,在新竹縣各投開票所,新竹縣,　關西鎮,北斗里,0238,41,423,394,858,10,868,0,868,260,1128,76.9504
第15任總統副總統,在新竹縣各投開票所,新竹縣,　關西鎮,北斗里,0239,32,452,346,830,9,839,1,840,373,1213,69.1674
第15任總統副總統,在新竹縣各投開票所,新竹縣,　關西鎮,北山里,0240,27,282,261,570,10,580,0,580,178,758,76.5172
第15任總統副總統,在新竹縣各投開票所,新竹縣,　關西鎮,仁安里,0241,36,331,347,714,12,726,0,726,262,988,73.4818
第15任總統副總統,在新竹縣各投開票所,新竹縣,　關西鎮,南山里,0242,32,369,334,735,15,750,0,750,254,1004,74.7012
第15任總統副總統,在新竹縣各投開票所,新竹縣,　關西鎮,東安里,0243,36,436,358,830,11,841,0,841,308,1149,73.1941
第15任總統副總統,在新竹縣各投開票所,新竹縣,　關西鎮,東安里,0244,40,459,379,878,9,887,0,887,334,1221,72.6454
第15任總統副總統,在新竹縣各投開票所,新竹縣,　關西鎮,東安里,0245,38,405,418,861,10,871,0,871,292,1163,74.8925
第15任總統副總統,在新竹縣各投開票所,新竹縣,　關西鎮,東山里,0246,30,288,296,614,7,621,0,621,188,809,76.7614
第15任總統副總統,在新竹縣各投開票所,新竹縣,　關西鎮,東光里,0247,30,454,418,902,13,915,0,915,343,1258,72.7345
第15任總統副總統,在新竹縣各投開票所,新竹縣,　關西鎮,南新里,0248,32,347,231,610,6,616,0,616,248,864,71.2963
第15任總統副總統,在新竹縣各投開票所,新竹縣,　關西鎮,新富里,0249,20,149,186,355,5,360,0,360,157,517,69.6325
第15任總統副總統,在新竹縣各投開票所,新竹縣,　關西鎮,玉山里,0250,12,141,124,277,6,283,0,283,157,440,64.3182
第15任總統副總統,在新竹縣各投開票所,新竹縣,　關西鎮,金山里,0251,12,218,149,379,2,381,0,381,156,537,70.9497
第15任總統副總統,在新竹縣各投開票所,新竹縣,　關西鎮,錦山里,0252,21,358,235,614,8,622,0,622,273,895,69.4972
第15任總統副總統,在新竹縣各投開票所,新竹縣,　關西鎮,大同里,0253,25,266,314,605,11,616,0,616,165,781,78.8732
第15任總統副總統,在新竹縣各投開票所,新竹縣,　關西鎮,石光里,0254,23,364,288,675,3,678,0,678,206,884,76.6968
第15任總統副總統,在新竹縣各投開票所,新竹縣,　關西鎮,石光里,0255,33,303,298,634,9,643,0,643,218,861,74.6806
第15任總統副總統,在新竹縣各投開票所,新竹縣,　關西鎮,東平里,0256,31,337,311,679,9,688,0,688,250,938,73.3475
第15任總統副總統,在新竹縣各投開票所,新竹縣,　關西鎮,上林里,0257,24,332,238,594,6,600,0,600,187,787,76.2389
第15任總統副總統,在新竹縣各投開票所,新竹縣,　關西鎮,新力里,0258,21,224,184,429,2,431,0,431,113,544,79.2279
第15任總統副總統,在新竹縣各投開票所,新竹縣,　關西鎮,南和里,0259,28,311,297,636,9,645,0,645,175,820,78.6585
第15任總統副總統,在新竹縣各投開票所,新竹縣,　湖口鄉,和興村,0260,47,410,512,969,6,975,0,975,341,1316,74.0881
第15任總統副總統,在新竹縣各投開票所,新竹縣,　湖口鄉,和興村,0261,37,520,515,1072,12,1084,0,1084,380,1464,74.0437
第15任總統副總統,在新竹縣各投開票所,新竹縣,　湖口鄉,東興村,0262,54,395,424,873,8,881,0,881,328,1209,72.8701
第15任總統副總統,在新竹縣各投開票所,新竹縣,　湖口鄉,東興村,0263,54,423,467,944,13,957,0,957,334,1291,74.1286
第15任總統副總統,在新竹縣各投開票所,新竹縣,　湖口鄉,東興村,0264,72,510,499,1081,5,1086,0,1086,415,1501,72.3518
第15任總統副總統,在新竹縣各投開票所,新竹縣,　湖口鄉,德盛村,0265,39,406,387,832,7,839,0,839,287,1126,74.5115
第15任總統副總統,在新竹縣各投開票所,新竹縣,　湖口鄉,德盛村,0266,45,363,407,815,10,825,0,825,304,1129,73.0735
第15任總統副總統,在新竹縣各投開票所,新竹縣,　湖口鄉,德盛村,0267,44,375,336,755,22,777,0,777,390,1167,66.5810
第15任總統副總統,在新竹縣各投開票所,新竹縣,　湖口鄉,德盛村,0268,55,410,389,854,6,860,0,860,330,1190,72.2689
第15任總統副總統,在新竹縣各投開票所,新竹縣,　湖口鄉,愛勢村,0269,48,467,520,1035,17,1052,0,1052,328,1380,76.2319
第15任總統副總統,在新竹縣各投開票所,新竹縣,　湖口鄉,愛勢村,0270,58,547,391,996,6,1002,0,1002,283,1285,77.9767
第15任總統副總統,在新竹縣各投開票所,新竹縣,　湖口鄉,愛勢村,0271,52,414,419,885,14,899,0,899,255,1154,77.9029
第15任總統副總統,在新竹縣各投開票所,新竹縣,　湖口鄉,仁勢村,0272,38,299,298,635,7,642,0,642,197,839,76.5197
第15任總統副總統,在新竹縣各投開票所,新竹縣,　湖口鄉,孝勢村,0273,45,497,405,947,12,959,0,959,258,1217,78.8003
第15任總統副總統,在新竹縣各投開票所,新竹縣,　湖口鄉,中勢村,0274,102,564,591,1257,12,1269,0,1269,391,1660,76.4458
第15任總統副總統,在新竹縣各投開票所,新竹縣,　湖口鄉,中勢村,0275,46,454,467,967,14,981,0,981,280,1261,77.7954
第15任總統副總統,在新竹縣各投開票所,新竹縣,　湖口鄉,中正村,0276,52,481,526,1059,11,1070,0,1070,299,1369,78.1592
第15任總統副總統,在新竹縣各投開票所,新竹縣,　湖口鄉,中正村,0277,74,592,554,1220,10,1230,0,1230,357,1587,77.5047
第15任總統副總統,在新竹縣各投開票所,新竹縣,　湖口鄉,信勢村,0278,43,390,411,844,12,856,0,856,495,1351,63.3605
第15任總統副總統,在新竹縣各投開票所,新竹縣,　湖口鄉,信勢村,0279,62,399,370,831,9,840,0,840,299,1139,73.7489
第15任總統副總統,在新竹縣各投開票所,新竹縣,　湖口鄉,信勢村,0280,66,417,457,940,2,942,0,942,340,1282,73.4789
第15任總統副總統,在新竹縣各投開票所,新竹縣,　湖口鄉,信勢村,0281,61,452,414,927,11,938,0,938,336,1274,73.6264
第15任總統副總統,在新竹縣各投開票所,新竹縣,　湖口鄉,信義村,0282,41,342,330,713,6,719,0,719,213,932,77.1459
第15任總統副總統,在新竹縣各投開票所,新竹縣,　湖口鄉,信義村,0283,48,369,360,777,11,788,0,788,303,1091,72.2273
第15任總統副總統,在新竹縣各投開票所,新竹縣,　湖口鄉,信義村,0284,65,502,418,985,13,998,0,998,294,1292,77.2446
第15任總統副總統,在新竹縣各投開票所,新竹縣,　湖口鄉,波羅村,0285,47,316,396,759,16,775,0,775,314,1089,71.1662
第15任總統副總統,在新竹縣各投開票所,新竹縣,　湖口鄉,波羅村,0286,43,352,353,748,10,758,0,758,291,1049,72.2593
第15任總統副總統,在新竹縣各投開票所,新竹縣,　湖口鄉,長嶺村,0287,62,409,368,839,8,847,0,847,301,1148,73.7805
第15任總統副總統,在新竹縣各投開票所,新竹縣,　湖口鄉,長嶺村,0288,30,297,215,542,7,549,0,549,209,758,72.4274
第15任總統副總統,在新竹縣各投開票所,新竹縣,　湖口鄉,長嶺村,0289,39,384,383,806,7,813,0,813,344,1157,70.2679
第15任總統副總統,在新竹縣各投開票所,新竹縣,　湖口鄉,長安村,0290,43,333,414,790,13,803,0,803,257,1060,75.7547
第15任總統副總統,在新竹縣各投開票所,新竹縣,　湖口鄉,湖口村,0291,41,489,391,921,15,936,0,936,328,1264,74.0506
第15任總統副總統,在新竹縣各投開票所,新竹縣,　湖口鄉,湖口村,0292,75,517,511,1103,13,1116,0,1116,315,1431,77.9874
第15任總統副總統,在新竹縣各投開票所,新竹縣,　湖口鄉,湖鏡村,0293,47,514,379,940,14,954,0,954,291,1245,76.6265
第15任總統副總統,在新竹縣各投開票所,新竹縣,　湖口鄉,湖鏡村,0294,38,464,280,782,4,786,0,786,246,1032,76.1628
第15任總統副總統,在新竹縣各投開票所,新竹縣,　湖口鄉,湖南村,0295,64,606,426,1096,10,1106,0,1106,369,1475,74.9831
第15任總統副總統,在新竹縣各投開票所,新竹縣,　湖口鄉,中興村,0296,43,463,258,764,11,775,0,775,312,1087,71.2971
第15任總統副總統,在新竹縣各投開票所,新竹縣,　湖口鄉,中興村,0297,50,513,227,790,9,799,0,799,320,1119,71.4030
第15任總統副總統,在新竹縣各投開票所,新竹縣,　湖口鄉,中興村,0298,44,439,312,795,11,806,0,806,347,1153,69.9046
第15任總統副總統,在新竹縣各投開票所,新竹縣,　湖口鄉,中興村,0299,58,415,364,837,8,845,0,845,431,1276,66.2226
第15任總統副總統,在新竹縣各投開票所,新竹縣,　湖口鄉,中興村,0300,68,418,361,847,12,859,0,859,334,1193,72.0034
第15任總統副總統,在新竹縣各投開票所,新竹縣,　湖口鄉,鳳凰村,0301,42,369,307,718,14,732,0,732,310,1042,70.2495
第15任總統副總統,在新竹縣各投開票所,新竹縣,　湖口鄉,鳳凰村,0302,48,364,362,774,14,788,0,788,422,1210,65.1240
第15任總統副總統,在新竹縣各投開票所,新竹縣,　湖口鄉,鳳凰村,0303,45,450,411,906,11,917,0,917,358,1275,71.9216
第15任總統副總統,在新竹縣各投開票所,新竹縣,　湖口鄉,鳳凰村,0304,54,468,453,975,16,991,0,991,417,1408,70.3835
第15任總統副總統,在新竹縣各投開票所,新竹縣,　湖口鄉,勝利村,0305,59,463,403,925,9,934,0,934,336,1270,73.5433
第15任總統副總統,在新竹縣各投開票所,新竹縣,　湖口鄉,勝利村,0306,57,480,435,972,8,980,0,980,466,1446,67.7732
第15任總統副總統,在新竹縣各投開票所,新竹縣,　湖口鄉,勝利村,0307,45,585,232,862,11,873,0,873,386,1259,69.3407
第15任總統副總統,在新竹縣各投開票所,新竹縣,　湖口鄉,鳳山村,0308,36,346,299,681,5,686,0,686,296,982,69.8574
第15任總統副總統,在新竹縣各投開票所,新竹縣,　湖口鄉,鳳山村,0309,59,547,267,873,9,882,0,882,294,1176,75.0000
第15任總統副總統,在新竹縣各投開票所,新竹縣,　湖口鄉,鳳山村,0310,45,355,275,675,8,683,0,683,272,955,71.5183
第15任總統副總統,在新竹縣各投開票所,新竹縣,　新豐鄉,福興村,0311,43,315,394,752,12,764,0,764,276,1040,73.4615
第15任總統副總統,在新竹縣各投開票所,新竹縣,　新豐鄉,青埔村,0312,28,317,268,613,8,621,0,621,233,854,72.7166
第15任總統副總統,在新竹縣各投開票所,新竹縣,　新豐鄉,青埔村,0313,33,301,353,687,9,696,0,696,243,939,74.1214
第15任總統副總統,在新竹縣各投開票所,新竹縣,　新豐鄉,中崙村,0314,34,320,333,687,11,698,0,698,257,955,73.0890
第15任總統副總統,在新竹縣各投開票所,新竹縣,　新豐鄉,中崙村,0315,52,351,356,759,14,773,0,773,319,1092,70.7875
第15任總統副總統,在新竹縣各投開票所,新竹縣,　新豐鄉,中崙村,0316,41,361,335,737,5,742,0,742,306,1048,70.8015
第15任總統副總統,在新竹縣各投開票所,新竹縣,　新豐鄉,瑞興村,0317,37,254,350,641,7,648,0,648,252,900,72.0000
第15任總統副總統,在新竹縣各投開票所,新竹縣,　新豐鄉,瑞興村,0318,31,248,299,578,11,589,0,589,277,866,68.0139
第15任總統副總統,在新竹縣各投開票所,新竹縣,　新豐鄉,後湖村,0319,29,273,281,583,12,595,0,595,199,794,74.9370
第15任總統副總統,在新竹縣各投開票所,新竹縣,　新豐鄉,後湖村,0320,46,320,315,681,7,688,0,688,278,966,71.2215
第15任總統副總統,在新竹縣各投開票所,新竹縣,　新豐鄉,坡頭村,0321,13,195,371,579,7,586,0,586,235,821,71.3764
第15任總統副總統,在新竹縣各投開票所,新竹縣,　新豐鄉,埔和村,0322,40,231,359,630,5,635,0,635,277,912,69.6272
第15任總統副總統,在新竹縣各投開票所,新竹縣,　新豐鄉,埔和村,0323,35,166,407,608,5,613,0,613,244,857,71.5286
第15任總統副總統,在新竹縣各投開票所,新竹縣,　新豐鄉,埔和村,0324,39,231,416,686,6,692,0,692,208,900,76.8889
第15任總統副總統,在新竹縣各投開票所,新竹縣,　新豐鄉,新豐村,0325,40,216,458,714,11,725,0,725,273,998,72.6453
第15任總統副總統,在新竹縣各投開票所,新竹縣,　新豐鄉,新豐村,0326,44,283,440,767,13,780,0,780,250,1030,75.7282
第15任總統副總統,在新竹縣各投開票所,新竹縣,　新豐鄉,員山村,0327,62,444,395,901,12,913,0,913,369,1282,71.2168
第15任總統副總統,在新竹縣各投開票所,新竹縣,　新豐鄉,員山村,0328,47,446,378,871,12,883,0,883,293,1176,75.0850
第15任總統副總統,在新竹縣各投開票所,新竹縣,　新豐鄉,忠孝村,0329,55,476,422,953,8,961,0,961,278,1239,77.5626
第15任總統副總統,在新竹縣各投開票所,新竹縣,　新豐鄉,忠孝村,0330,44,405,367,816,7,823,0,823,257,1080,76.2037
第15任總統副總統,在新竹縣各投開票所,新竹縣,　新豐鄉,忠孝村,0331,47,434,347,828,12,840,0,840,252,1092,76.9231
第15任總統副總統,在新竹縣各投開票所,新竹縣,　新豐鄉,山崎村,0332,58,376,339,773,9,782,0,782,279,1061,73.7041
第15任總統副總統,在新竹縣各投開票所,新竹縣,　新豐鄉,山崎村,0333,36,382,321,739,6,745,0,745,225,970,76.8041
第15任總統副總統,在新竹縣各投開票所,新竹縣,　新豐鄉,山崎村,0334,52,355,410,817,9,826,0,826,209,1035,79.8068
第15任總統副總統,在新竹縣各投開票所,新竹縣,　新豐鄉,山崎村,0335,48,371,418,837,10,847,0,847,276,1123,75.4230
第15任總統副總統,在新竹縣各投開票所,新竹縣,　新豐鄉,上坑村,0336,27,263,246,536,4,540,0,540,195,735,73.4694
第15任總統副總統,在新竹縣各投開票所,新竹縣,　新豐鄉,上坑村,0337,24,260,250,534,16,550,0,550,194,744,73.9247
第15任總統副總統,在新竹縣各投開票所,新竹縣,　新豐鄉,鳳坑村,0338,29,319,375,723,12,735,0,735,271,1006,73.0616
第15任總統副總統,在新竹縣各投開票所,新竹縣,　新豐鄉,重興村,0339,40,326,314,680,6,686,0,686,243,929,73.8428
第15任總統副總統,在新竹縣各投開票所,新竹縣,　新豐鄉,重興村,0340,39,373,343,755,8,763,0,763,259,1022,74.6575
第15任總統副總統,在新竹縣各投開票所,新竹縣,　新豐鄉,重興村,0341,35,307,251,593,8,601,0,601,385,986,60.9533
第15任總統副總統,在新竹縣各投開票所,新竹縣,　新豐鄉,重興村,0342,34,298,340,672,8,680,0,680,296,976,69.6721
第15任總統副總統,在新竹縣各投開票所,新竹縣,　新豐鄉,重興村,0343,46,376,369,791,7,798,0,798,296,1094,72.9433
第15任總統副總統,在新竹縣各投開票所,新竹縣,　新豐鄉,崎頂村,0344,43,291,286,620,4,624,0,624,239,863,72.3059
第15任總統副總統,在新竹縣各投開票所,新竹縣,　新豐鄉,崎頂村,0345,34,343,314,691,8,699,0,699,209,908,76.9824
第15任總統副總統,在新竹縣各投開票所,新竹縣,　新豐鄉,崎頂村,0346,26,305,303,634,4,638,0,638,217,855,74.6199
第15任總統副總統,在新竹縣各投開票所,新竹縣,　新豐鄉,松林村,0347,51,377,367,795,7,802,0,802,308,1110,72.2523
第15任總統副總統,在新竹縣各投開票所,新竹縣,　新豐鄉,松林村,0348,37,408,297,742,4,746,0,746,286,1032,72.2868
第15任總統副總統,在新竹縣各投開票所,新竹縣,　新豐鄉,松林村,0349,61,414,384,859,8,867,0,867,258,1125,77.0667
第15任總統副總統,在新竹縣各投開票所,新竹縣,　新豐鄉,松林村,0350,43,327,360,730,11,741,0,741,196,937,79.0822
第15任總統副總統,在新竹縣各投開票所,新竹縣,　新豐鄉,松柏村,0351,41,381,386,808,11,819,0,819,249,1068,76.6854
第15任總統副總統,在新竹縣各投開票所,新竹縣,　新豐鄉,松柏村,0352,50,372,379,801,11,812,0,812,302,1114,72.8905
第15任總統副總統,在新竹縣各投開票所,新竹縣,　新豐鄉,松柏村,0353,66,375,366,807,10,817,0,817,278,1095,74.6119
第15任總統副總統,在新竹縣各投開票所,新竹縣,　新豐鄉,松柏村,0354,53,327,365,745,7,752,0,752,243,995,75.5779
第15任總統副總統,在新竹縣各投開票所,新竹縣,　新豐鄉,松柏村,0355,53,304,454,811,7,818,0,818,272,1090,75.0459
第15任總統副總統,在新竹縣各投開票所,新竹縣,　芎林鄉,華龍村,0356,6,173,107,286,3,289,0,289,103,392,73.7245
第15任總統副總統,在新竹縣各投開票所,新竹縣,　芎林鄉,五龍村,0357,15,232,132,379,5,384,0,384,110,494,77.7328
第15任總統副總統,在新竹縣各投開票所,新竹縣,　芎林鄉,秀湖村,0358,43,394,253,690,13,703,0,703,210,913,76.9989
第15任總統副總統,在新竹縣各投開票所,新竹縣,　芎林鄉,永興村,0359,10,174,108,292,3,295,0,295,108,403,73.2010
第15任總統副總統,在新竹縣各投開票所,新竹縣,　芎林鄉,石潭村,0360,47,501,352,900,12,912,0,912,341,1253,72.7853
第15任總統副總統,在新竹縣各投開票所,新竹縣,　芎林鄉,石潭村,0361,54,489,434,977,6,983,0,983,335,1318,74.5827
第15任總統副總統,在新竹縣各投開票所,新竹縣,　芎林鄉,新鳳村,0362,30,275,267,572,5,577,0,577,198,775,74.4516
第15任總統副總統,在新竹縣各投開票所,新竹縣,　芎林鄉,新鳳村,0363,34,314,234,582,12,594,0,594,198,792,75.0000
第15任總統副總統,在新竹縣各投開票所,新竹縣,　芎林鄉,中坑村,0364,30,269,142,441,6,447,0,447,154,601,74.3760
第15任總統副總統,在新竹縣各投開票所,新竹縣,　芎林鄉,水坑村,0365,29,281,237,547,9,556,0,556,196,752,73.9362
第15任總統副總統,在新竹縣各投開票所,新竹縣,　芎林鄉,文林村,0366,46,482,371,899,11,910,0,910,320,1230,73.9837
第15任總統副總統,在新竹縣各投開票所,新竹縣,　芎林鄉,文林村,0367,44,489,288,821,8,829,0,829,262,1091,75.9853
第15任總統副總統,在新竹縣各投開票所,新竹縣,　芎林鄉,芎林村,0368,38,254,248,540,7,547,0,547,138,685,79.8540
第15任總統副總統,在新竹縣各投開票所,新竹縣,　芎林鄉,芎林村,0369,36,290,303,629,7,636,0,636,195,831,76.5343
第15任總統副總統,在新竹縣各投開票所,新竹縣,　芎林鄉,上山村,0370,59,428,396,883,10,893,0,893,216,1109,80.5230
第15任總統副總統,在新竹縣各投開票所,新竹縣,　芎林鄉,上山村,0371,53,400,412,865,11,876,0,876,223,1099,79.7088
第15任總統副總統,在新竹縣各投開票所,新竹縣,　芎林鄉,上山村,0372,50,369,377,796,20,816,0,816,213,1029,79.3003
第15任總統副總統,在新竹縣各投開票所,新竹縣,　芎林鄉,上山村,0373,47,338,366,751,12,763,0,763,279,1042,73.2246
第15任總統副總統,在新竹縣各投開票所,新竹縣,　芎林鄉,下山村,0374,41,402,366,809,12,821,0,821,237,1058,77.5992
第15任總統副總統,在新竹縣各投開票所,新竹縣,　橫山鄉,橫山村,0375,36,499,300,835,10,845,0,845,315,1160,72.8448
第15任總統副總統,在新竹縣各投開票所,新竹縣,　橫山鄉,橫山村,0376,36,419,273,728,8,736,0,736,267,1003,73.3799
第15任總統副總統,在新竹縣各投開票所,新竹縣,　橫山鄉,橫山村,0377,38,466,300,804,11,815,0,815,288,1103,73.8894
第15任總統副總統,在新竹縣各投開票所,新竹縣,　橫山鄉,田寮村,0378,22,347,257,626,9,635,0,635,206,841,75.5054
第15任總統副總統,在新竹縣各投開票所,新竹縣,　橫山鄉,南昌村,0379,7,93,41,141,0,141,0,141,54,195,72.3077
第15任總統副總統,在新竹縣各投開票所,新竹縣,　橫山鄉,豐鄉村,0380,8,80,67,155,3,158,0,158,54,212,74.5283
第15任總統副總統,在新竹縣各投開票所,新竹縣,　橫山鄉,豐田村,0381,8,125,111,244,1,245,0,245,81,326,75.1534
第15任總統副總統,在新竹縣各投開票所,新竹縣,　橫山鄉,內灣村,0382,34,371,216,621,7,628,0,628,245,873,71.9359
第15任總統副總統,在新竹縣各投開票所,新竹縣,　橫山鄉,力行村,0383,8,124,80,212,5,217,0,217,50,267,81.2734
第15任總統副總統,在新竹縣各投開票所,新竹縣,　橫山鄉,力行村,0384,23,223,142,388,3,391,0,391,142,533,73.3583
第15任總統副總統,在新竹縣各投開票所,新竹縣,　橫山鄉,福興村,0385,13,144,146,303,10,313,0,313,122,435,71.9540
第15任總統副總統,在新竹縣各投開票所,新竹縣,　橫山鄉,沙坑村,0386,22,287,208,517,7,524,0,524,155,679,77.1723
第15任總統副總統,在新竹縣各投開票所,新竹縣,　橫山鄉,沙坑村,0387,8,109,96,213,2,215,0,215,61,276,77.8986
第15任總統副總統,在新竹縣各投開票所,新竹縣,　橫山鄉,新興村,0388,20,304,180,504,5,509,0,509,149,658,77.3556
第15任總統副總統,在新竹縣各投開票所,新竹縣,　橫山鄉,新興村,0389,38,380,216,634,7,641,0,641,204,845,75.8580
第15任總統副總統,在新竹縣各投開票所,新竹縣,　橫山鄉,大肚村,0390,37,346,191,574,7,581,0,581,185,766,75.8486
第15任總統副總統,在新竹縣各投開票所,新竹縣,　橫山鄉,大肚村,0391,31,368,199,598,5,603,0,603,185,788,76.5228
第15任總統副總統,在新竹縣各投開票所,新竹縣,　北埔鄉,北埔村,0392,46,462,346,854,11,865,0,865,243,1108,78.0686
第15任總統副總統,在新竹縣各投開票所,新竹縣,　北埔鄉,南興村,0393,42,514,306,862,15,877,0,877,282,1159,75.6687
第15任總統副總統,在新竹縣各投開票所,新竹縣,　北埔鄉,大湖村,0394,19,226,148,393,2,395,0,395,154,549,71.9490
第15任總統副總統,在新竹縣各投開票所,新竹縣,　北埔鄉,埔尾村,0395,35,360,282,677,5,682,0,682,220,902,75.6098
第15任總統副總統,在新竹縣各投開票所,新竹縣,　北埔鄉,埔尾村,0396,22,314,247,583,4,587,0,587,216,803,73.1009
第15任總統副總統,在新竹縣各投開票所,新竹縣,　北埔鄉,埔尾村,0397,29,317,230,576,9,585,0,585,228,813,71.9557
第15任總統副總統,在新竹縣各投開票所,新竹縣,　北埔鄉,水磜村,0398,25,293,274,592,4,596,0,596,224,820,72.6829
第15任總統副總統,在新竹縣各投開票所,新竹縣,　北埔鄉,南埔村,0399,19,154,85,258,1,259,0,259,103,362,71.5470
第15任總統副總統,在新竹縣各投開票所,新竹縣,　北埔鄉,大林村,0400,33,323,212,568,7,575,0,575,153,728,78.9835
第15任總統副總統,在新竹縣各投開票所,新竹縣,　北埔鄉,南坑村,0401,10,146,101,257,2,259,0,259,76,335,77.3134
第15任總統副總統,在新竹縣各投開票所,新竹縣,　北埔鄉,外坪村,0402,7,111,92,210,2,212,0,212,74,286,74.1259
第15任總統副總統,在新竹縣各投開票所,新竹縣,　寶山鄉,雙溪村,0403,67,367,351,785,9,794,0,794,307,1101,72.1163
第15任總統副總統,在新竹縣各投開票所,新竹縣,　寶山鄉,雙溪村,0404,83,470,570,1123,10,1133,0,1133,335,1468,77.1798
第15任總統副總統,在新竹縣各投開票所,新竹縣,　寶山鄉,雙新村,0405,58,461,519,1038,5,1043,0,1043,390,1433,72.7844
第15任總統副總統,在新竹縣各投開票所,新竹縣,　寶山鄉,雙新村,0406,40,410,382,832,10,842,0,842,294,1136,74.1197
第15任總統副總統,在新竹縣各投開票所,新竹縣,　寶山鄉,大崎村,0407,50,341,344,735,9,744,0,744,202,946,78.6469
第15任總統副總統,在新竹縣各投開票所,新竹縣,　寶山鄉,大崎村,0408,57,345,321,723,10,733,0,733,214,947,77.4023
第15任總統副總統,在新竹縣各投開票所,新竹縣,　寶山鄉,三峰村,0409,35,382,292,709,3,712,0,712,283,995,71.5578
第15任總統副總統,在新竹縣各投開票所,新竹縣,　寶山鄉,新城村,0410,38,420,398,856,6,862,0,862,292,1154,74.6967
第15任總統副總統,在新竹縣各投開票所,新竹縣,　寶山鄉,寶斗村,0411,26,267,246,539,3,542,0,542,189,731,74.1450
第15任總統副總統,在新竹縣各投開票所,新竹縣,　寶山鄉,深井村,0412,20,349,238,607,5,612,0,612,178,790,77.4684
第15任總統副總統,在新竹縣各投開票所,新竹縣,　寶山鄉,寶山村,0413,44,330,232,606,7,613,0,613,177,790,77.5949
第15任總統副總統,在新竹縣各投開票所,新竹縣,　寶山鄉,油田村,0414,17,244,193,454,4,458,0,458,125,583,78.5592
第15任總統副總統,在新竹縣各投開票所,新竹縣,　寶山鄉,山湖村,0415,28,208,167,403,12,415,0,415,123,538,77.1375
第15任總統副總統,在新竹縣各投開票所,新竹縣,　峨眉鄉,峨眉村,0416,31,372,235,638,9,647,0,647,182,829,78.0458
第15任總統副總統,在新竹縣各投開票所,新竹縣,　峨眉鄉,中盛村,0417,15,231,259,505,8,513,0,513,145,658,77.9635
第15任總統副總統,在新竹縣各投開票所,新竹縣,　峨眉鄉,石井村,0418,16,236,184,436,4,440,0,440,139,579,75.9931
第15任總統副總統,在新竹縣各投開票所,新竹縣,　峨眉鄉,七星村,0419,5,124,111,240,1,241,0,241,84,325,74.1538
第15任總統副總統,在新竹縣各投開票所,新竹縣,　峨眉鄉,七星村,0420,7,107,101,215,2,217,0,217,52,269,80.6691
第15任總統副總統,在新竹縣各投開票所,新竹縣,　峨眉鄉,富興村,0421,24,249,200,473,4,477,0,477,176,653,73.0475
第15任總統副總統,在新竹縣各投開票所,新竹縣,　峨眉鄉,富興村,0422,20,246,218,484,1,485,0,485,216,701,69.1869
第15任總統副總統,在新竹縣各投開票所,新竹縣,　峨眉鄉,湖光村,0423,10,159,160,329,4,333,0,333,112,445,74.8315
第15任總統副總統,在新竹縣各投開票所,新竹縣,　峨眉鄉,湖光村,0424,16,158,125,299,5,304,0,304,84,388,78.3505
第15任總統副總統,在新竹縣各投開票所,新竹縣,　尖石鄉,嘉樂村,0425,24,202,99,325,1,326,0,326,120,446,73.0942
第15任總統副總統,在新竹縣各投開票所,新竹縣,　尖石鄉,嘉樂村,0426,13,165,67,245,1,246,0,246,100,346,71.0983
第15任總統副總統,在新竹縣各投開票所,新竹縣,　尖石鄉,義興村,0427,4,92,52,148,3,151,0,151,58,209,72.2488
第15任總統副總統,在新竹縣各投開票所,新竹縣,　尖石鄉,義興村,0428,10,166,53,229,5,234,0,234,128,362,64.6409
第15任總統副總統,在新竹縣各投開票所,新竹縣,　尖石鄉,新樂村,0429,23,390,101,514,7,521,0,521,221,742,70.2156
第15任總統副總統,在新竹縣各投開票所,新竹縣,　尖石鄉,新樂村,0430,13,255,53,321,3,324,0,324,144,468,69.2308
第15任總統副總統,在新竹縣各投開票所,新竹縣,　尖石鄉,錦屏村,0431,14,265,69,348,3,351,0,351,150,501,70.0599
第15任總統副總統,在新竹縣各投開票所,新竹縣,　尖石鄉,錦屏村,0432,16,320,67,403,4,407,0,407,203,610,66.7213
第15任總統副總統,在新竹縣各投開票所,新竹縣,　尖石鄉,梅花村,0433,10,312,96,418,9,427,0,427,171,598,71.4047
第15任總統副總統,在新竹縣各投開票所,新竹縣,　尖石鄉,玉峰村,0434,30,287,85,402,2,404,0,404,184,588,68.7075
第15任總統副總統,在新竹縣各投開票所,新竹縣,　尖石鄉,玉峰村,0435,22,214,113,349,1,350,0,350,214,564,62.0567
第15任總統副總統,在新竹縣各投開票所,新竹縣,　尖石鄉,玉峰村,0436,0,16,70,86,0,86,0,86,39,125,68.8000
第15任總統副總統,在新竹縣各投開票所,新竹縣,　尖石鄉,秀巒村,0437,15,239,67,321,3,324,0,324,141,465,69.6774
第15任總統副總統,在新竹縣各投開票所,新竹縣,　尖石鄉,秀巒村,0438,9,278,93,380,7,387,0,387,363,750,51.6000
第15任總統副總統,在新竹縣各投開票所,新竹縣,　尖石鄉,秀巒村,0439,5,90,100,195,4,199,0,199,92,291,68.3849
第15任總統副總統,在新竹縣各投開票所,新竹縣,　五峰鄉,大隘村,0440,14,386,59,459,4,463,0,463,153,616,75.1623
第15任總統副總統,在新竹縣各投開票所,新竹縣,　五峰鄉,大隘村,0441,21,339,94,454,10,464,0,464,209,673,68.9450
第15任總統副總統,在新竹縣各投開票所,新竹縣,　五峰鄉,桃山村,0442,9,271,90,370,3,373,0,373,193,566,65.9011
第15任總統副總統,在新竹縣各投開票所,新竹縣,　五峰鄉,桃山村,0443,18,373,143,534,4,538,0,538,282,820,65.6098
第15任總統副總統,在新竹縣各投開票所,新竹縣,　五峰鄉,花園村,0444,20,324,149,493,5,498,0,498,198,696,71.5517
第15任總統副總統,在新竹縣各投開票所,新竹縣,　五峰鄉,竹林村,0445,11,189,53,253,4,257,0,257,116,373,68.9008
第15任總統副總統,在新北市各投開票所,新北市,　板橋區,留侯里,1124,58,430,557,1045,24,1069,0,1069,304,1373,77.8587
第15任總統副總統,在新北市各投開票所,新北市,　板橋區,流芳里,1125,50,345,534,929,6,935,0,935,311,1246,75.0401
第15任總統副總統,在新北市各投開票所,新北市,　板橋區,赤松里,1126,24,218,336,578,15,593,0,593,153,746,79.4906
第15任總統副總統,在新北市各投開票所,新北市,　板橋區,黃石里,1127,35,248,423,706,13,719,0,719,230,949,75.7640
第15任總統副總統,在新北市各投開票所,新北市,　板橋區,挹秀里,1128,37,289,351,677,13,690,0,690,188,878,78.5877
第15任總統副總統,在新北市各投開票所,新北市,　板橋區,挹秀里,1129,31,277,243,551,4,555,0,555,172,727,76.3411
第15任總統副總統,在新北市各投開票所,新北市,　板橋區,湳興里,1130,43,377,565,985,9,994,0,994,295,1289,77.1140
第15任總統副總統,在新北市各投開票所,新北市,　板橋區,湳興里,1131,32,287,453,772,16,788,0,788,291,1079,73.0306
第15任總統副總統,在新北市各投開票所,新北市,　板橋區,湳興里,1132,29,270,400,699,12,711,0,711,258,969,73.3746
第15任總統副總統,在新北市各投開票所,新北市,　板橋區,湳興里,1133,49,341,517,907,17,924,0,924,294,1218,75.8621
第15任總統副總統,在新北市各投開票所,新北市,　板橋區,新興里,1134,49,412,645,1106,12,1118,0,1118,379,1497,74.6827
第15任總統副總統,在新北市各投開票所,新北市,　板橋區,新興里,1135,42,357,551,950,5,955,0,955,388,1343,71.1095
第15任總統副總統,在新北市各投開票所,新北市,　板橋區,社後里,1136,64,547,741,1352,16,1368,0,1368,3464,4832,28.3113
第15任總統副總統,在新北市各投開票所,新北市,　板橋區,社後里,1137,54,363,573,990,17,1007,0,1007,306,1313,76.6946
第15任總統副總統,在新北市各投開票所,新北市,　板橋區,社後里,1138,47,272,544,863,14,877,0,877,266,1143,76.7279
第15任總統副總統,在新北市各投開票所,新北市,　板橋區,社後里,1139,36,299,505,840,11,851,0,851,265,1116,76.2545
第15任總統副總統,在新北市各投開票所,新北市,　板橋區,香社里,1140,32,322,643,997,15,1012,0,1012,291,1303,77.6669
第15任總統副總統,在新北市各投開票所,新北市,　板橋區,香社里,1141,33,305,485,823,11,834,0,834,267,1101,75.7493
第15任總統副總統,在新北市各投開票所,新北市,　板橋區,香社里,1142,45,318,631,994,8,1002,0,1002,280,1282,78.1591
第15任總統副總統,在新北市各投開票所,新北市,　板橋區,香雅里,1143,35,257,477,769,9,778,0,778,235,1013,76.8016
第15任總統副總統,在新北市各投開票所,新北市,　板橋區,香雅里,1144,39,342,548,929,7,936,0,936,280,1216,76.9737
第15任總統副總統,在新北市各投開票所,新北市,　板橋區,中正里,1145,30,303,581,914,10,924,0,924,333,1257,73.5084
第15任總統副總統,在新北市各投開票所,新北市,　板橋區,中正里,1146,44,321,575,940,7,947,0,947,332,1279,74.0422
第15任總統副總統,在新北市各投開票所,新北市,　板橋區,中正里,1147,42,320,570,932,9,941,0,941,243,1184,79.4764
第15任總統副總統,在新北市各投開票所,新北市,　板橋區,自強里,1148,29,430,416,875,17,892,0,892,196,1088,81.9853
第15任總統副總統,在新北市各投開票所,新北市,　板橋區,自強里,1149,45,352,412,809,5,814,0,814,208,1022,79.6477
第15任總統副總統,在新北市各投開票所,新北市,　板橋區,自強里,1150,42,436,507,985,13,998,0,998,221,1219,81.8704
第15任總統副總統,在新北市各投開票所,新北市,　板橋區,自強里,1151,50,424,423,897,5,902,0,902,228,1130,79.8230
第15任總統副總統,在新北市各投開票所,新北市,　板橋區,自立里,1152,52,342,560,954,9,963,0,963,263,1226,78.5481
第15任總統副總統,在新北市各投開票所,新北市,　板橋區,自立里,1153,29,326,581,936,12,948,0,948,263,1211,78.2824
第15任總統副總統,在新北市各投開票所,新北市,　板橋區,光華里,1154,33,297,516,846,11,857,0,857,265,1122,76.3815
第15任總統副總統,在新北市各投開票所,新北市,　板橋區,光華里,1155,29,437,505,971,12,983,0,983,267,1250,78.6400
第15任總統副總統,在新北市各投開票所,新北市,　板橋區,光榮里,1156,37,373,522,932,9,941,0,941,322,1263,74.5051
第15任總統副總統,在新北市各投開票所,新北市,　板橋區,光榮里,1157,28,335,396,759,11,770,0,770,230,1000,77.0000
第15任總統副總統,在新北市各投開票所,新北市,　板橋區,國光里,1158,51,643,340,1034,14,1048,0,1048,247,1295,80.9266
第15任總統副總統,在新北市各投開票所,新北市,　板橋區,國光里,1159,34,537,202,773,13,786,0,786,192,978,80.3681
第15任總統副總統,在新北市各投開票所,新北市,　板橋區,國光里,1160,55,340,398,793,5,798,0,798,218,1016,78.5433
第15任總統副總統,在新北市各投開票所,新北市,　板橋區,港尾里,1161,41,327,576,944,15,959,0,959,245,1204,79.6512
第15任總統副總統,在新北市各投開票所,新北市,　板橋區,港尾里,1162,48,397,529,974,15,989,0,989,222,1211,81.6680
第15任總統副總統,在新北市各投開票所,新北市,　板橋區,新生里,1163,34,330,529,893,10,903,0,903,288,1191,75.8186
第15任總統副總統,在新北市各投開票所,新北市,　板橋區,新生里,1164,38,381,640,1059,8,1067,0,1067,293,1360,78.4559
第15任總統副總統,在新北市各投開票所,新北市,　板橋區,新生里,1165,35,304,595,934,13,947,0,947,253,1200,78.9167
第15任總統副總統,在新北市各投開票所,新北市,　板橋區,金華里,1166,40,279,476,795,9,804,0,804,258,1062,75.7062
第15任總統副總統,在新北市各投開票所,新北市,　板橋區,金華里,1167,35,277,562,874,9,883,0,883,268,1151,76.7159
第15任總統副總統,在新北市各投開票所,新北市,　板橋區,金華里,1168,48,311,581,940,12,952,0,952,294,1246,76.4045
第15任總統副總統,在新北市各投開票所,新北市,　板橋區,港德里,1169,38,271,564,873,12,885,0,885,288,1173,75.4476
第15任總統副總統,在新北市各投開票所,新北市,　板橋區,港德里,1170,41,248,442,731,5,736,0,736,248,984,74.7967
第15任總統副總統,在新北市各投開票所,新北市,　板橋區,港德里,1171,32,187,366,585,5,590,0,590,208,798,73.9348
第15任總統副總統,在新北市各投開票所,新北市,　板橋區,港德里,1172,49,317,533,899,8,907,0,907,274,1181,76.7993
第15任總統副總統,在新北市各投開票所,新北市,　板橋區,民權里,1173,35,369,456,860,13,873,0,873,228,1101,79.2916
第15任總統副總統,在新北市各投開票所,新北市,　板橋區,民權里,1174,34,394,534,962,12,974,0,974,226,1200,81.1667
第15任總統副總統,在新北市各投開票所,新北市,　板橋區,民安里,1175,32,317,425,774,7,781,0,781,205,986,79.2089
第15任總統副總統,在新北市各投開票所,新北市,　板橋區,民安里,1176,18,247,340,605,5,610,0,610,158,768,79.4271
第15任總統副總統,在新北市各投開票所,新北市,　板橋區,建國里,1177,37,270,466,773,6,779,0,779,221,1000,77.9000
第15任總統副總統,在新北市各投開票所,新北市,　板橋區,建國里,1178,24,266,450,740,17,757,0,757,197,954,79.3501
第15任總統副總統,在新北市各投開票所,新北市,　板橋區,建國里,1179,49,299,526,874,9,883,0,883,235,1118,78.9803
第15任總統副總統,在新北市各投開票所,新北市,　板橋區,漢生里,1180,38,395,448,881,13,894,0,894,237,1131,79.0451
第15任總統副總統,在新北市各投開票所,新北市,　板橋區,漢生里,1181,48,349,513,910,7,917,0,917,260,1177,77.9099
第15任總統副總統,在新北市各投開票所,新北市,　板橋區,漢生里,1182,44,358,581,983,21,1004,0,1004,240,1244,80.7074
第15任總統副總統,在新北市各投開票所,新北市,　板橋區,公舘里,1183,33,287,474,794,7,801,0,801,216,1017,78.7611
第15任總統副總統,在新北市各投開票所,新北市,　板橋區,公舘里,1184,35,323,602,960,15,975,0,975,260,1235,78.9474
第15任總統副總統,在新北市各投開票所,新北市,　板橋區,公舘里,1185,18,229,480,727,8,735,0,735,211,946,77.6956
第15任總統副總統,在新北市各投開票所,新北市,　板橋區,新民里,1186,42,311,476,829,9,838,0,838,258,1096,76.4599
第15任總統副總統,在新北市各投開票所,新北市,　板橋區,新民里,1187,39,353,568,960,5,965,0,965,262,1227,78.6471
第15任總統副總統,在新北市各投開票所,新北市,　板橋區,新民里,1188,34,389,564,987,12,999,0,999,270,1269,78.7234
第15任總統副總統,在新北市各投開票所,新北市,　板橋區,幸福里,1189,36,310,490,836,11,847,0,847,316,1163,72.8289
第15任總統副總統,在新北市各投開票所,新北市,　板橋區,幸福里,1190,57,298,556,911,13,924,0,924,259,1183,78.1065
第15任總統副總統,在新北市各投開票所,新北市,　板橋區,幸福里,1191,35,248,480,763,7,770,1,771,254,1025,75.1220
第15任總統副總統,在新北市各投開票所,新北市,　板橋區,文德里,1192,49,400,680,1129,11,1140,0,1140,329,1469,77.6038
第15任總統副總統,在新北市各投開票所,新北市,　板橋區,文德里,1193,51,322,537,910,6,916,0,916,282,1198,76.4608
第15任總統副總統,在新北市各投開票所,新北市,　板橋區,忠誠里,1194,31,506,342,879,7,886,0,886,201,1087,81.5087
第15任總統副總統,在新北市各投開票所,新北市,　板橋區,忠誠里,1195,45,736,310,1091,11,1102,0,1102,263,1365,80.7326
第15任總統副總統,在新北市各投開票所,新北市,　板橋區,忠誠里,1196,36,431,381,848,8,856,0,856,211,1067,80.2249
第15任總統副總統,在新北市各投開票所,新北市,　板橋區,陽明里,1197,47,340,604,991,12,1003,0,1003,242,1245,80.5622
第15任總統副總統,在新北市各投開票所,新北市,　板橋區,陽明里,1198,30,267,572,869,4,873,0,873,278,1151,75.8471
第15任總統副總統,在新北市各投開票所,新北市,　板橋區,百壽里,1199,46,360,557,963,12,975,0,975,242,1217,80.1150
第15任總統副總統,在新北市各投開票所,新北市,　板橋區,百壽里,1200,34,309,477,820,7,827,0,827,237,1064,77.7256
第15任總統副總統,在新北市各投開票所,新北市,　板橋區,介壽里,1201,37,361,596,994,8,1002,0,1002,306,1308,76.6055
第15任總統副總統,在新北市各投開票所,新北市,　板橋區,介壽里,1202,37,362,574,973,17,990,0,990,292,1282,77.2231
第15任總統副總統,在新北市各投開票所,新北市,　板橋區,新埔里,1203,36,226,393,655,7,662,0,662,182,844,78.4360
第15任總統副總統,在新北市各投開票所,新北市,　板橋區,新埔里,1204,28,286,487,801,7,808,0,808,212,1020,79.2157
第15任總統副總統,在新北市各投開票所,新北市,　板橋區,華江里,1205,45,493,693,1231,15,1246,0,1246,329,1575,79.1111
第15任總統副總統,在新北市各投開票所,新北市,　板橋區,華江里,1206,57,346,617,1020,12,1032,0,1032,264,1296,79.6296
第15任總統副總統,在新北市各投開票所,新北市,　板橋區,華江里,1207,61,457,793,1311,19,1330,0,1330,338,1668,79.7362
第15任總統副總統,在新北市各投開票所,新北市,　板橋區,華江里,1208,62,500,557,1119,19,1138,0,1138,403,1541,73.8482
第15任總統副總統,在新北市各投開票所,新北市,　板橋區,江翠里,1209,42,367,716,1125,10,1135,0,1135,354,1489,76.2257
第15任總統副總統,在新北市各投開票所,新北市,　板橋區,江翠里,1210,35,319,575,929,10,939,0,939,297,1236,75.9709
第15任總統副總統,在新北市各投開票所,新北市,　板橋區,江翠里,1211,59,360,798,1217,11,1228,0,1228,360,1588,77.3300
第15任總統副總統,在新北市各投開票所,新北市,　板橋區,純翠里,1212,46,359,768,1173,21,1194,0,1194,339,1533,77.8865
第15任總統副總統,在新北市各投開票所,新北市,　板橋區,純翠里,1213,42,386,799,1227,8,1235,0,1235,366,1601,77.1393
第15任總統副總統,在新北市各投開票所,新北市,　板橋區,純翠里,1214,45,347,740,1132,16,1148,0,1148,387,1535,74.7883
第15任總統副總統,在新北市各投開票所,新北市,　板橋區,溪頭里,1215,26,280,501,807,6,813,0,813,240,1053,77.2080
第15任總統副總統,在新北市各投開票所,新北市,　板橋區,溪頭里,1216,65,476,843,1384,24,1408,0,1408,418,1826,77.1084
第15任總統副總統,在新北市各投開票所,新北市,　板橋區,溪頭里,1217,37,232,488,757,11,768,0,768,261,1029,74.6356
第15任總統副總統,在新北市各投開票所,新北市,　板橋區,溪頭里,1218,43,239,598,880,7,887,0,887,254,1141,77.7388
第15任總統副總統,在新北市各投開票所,新北市,　板橋區,聯翠里,1219,65,534,700,1299,12,1311,0,1311,452,1763,74.3619
第15任總統副總統,在新北市各投開票所,新北市,　板橋區,聯翠里,1220,48,337,682,1067,12,1079,0,1079,360,1439,74.9826
第15任總統副總統,在新北市各投開票所,新北市,　板橋區,文化里,1221,42,302,577,921,9,930,0,930,279,1209,76.9231
第15任總統副總統,在新北市各投開票所,新北市,　板橋區,文化里,1222,71,440,803,1314,11,1325,0,1325,382,1707,77.6216
第15任總統副總統,在新北市各投開票所,新北市,　板橋區,宏翠里,1223,45,371,718,1134,13,1147,0,1147,392,1539,74.5289
第15任總統副總統,在新北市各投開票所,新北市,　板橋區,宏翠里,1224,45,291,571,907,10,917,0,917,284,1201,76.3530
第15任總統副總統,在新北市各投開票所,新北市,　板橋區,宏翠里,1225,91,518,668,1277,14,1291,0,1291,357,1648,78.3374
第15任總統副總統,在新北市各投開票所,新北市,　板橋區,仁翠里,1226,38,282,680,1000,16,1016,0,1016,293,1309,77.6165
第15任總統副總統,在新北市各投開票所,新北市,　板橋區,仁翠里,1227,45,267,597,909,10,919,0,919,262,1181,77.8154
第15任總統副總統,在新北市各投開票所,新北市,　板橋區,新翠里,1228,45,351,853,1249,13,1262,0,1262,392,1654,76.2999
第15任總統副總統,在新北市各投開票所,新北市,　板橋區,新翠里,1229,58,362,794,1214,22,1236,0,1236,368,1604,77.0574
第15任總統副總統,在新北市各投開票所,新北市,　板橋區,新翠里,1230,83,535,772,1390,11,1401,5,1406,354,1760,79.6023
第15任總統副總統,在新北市各投開票所,新北市,　板橋區,新翠里,1231,71,526,793,1390,15,1405,0,1405,362,1767,79.5133
第15任總統副總統,在新北市各投開票所,新北市,　板橋區,朝陽里,1232,33,232,543,808,11,819,0,819,264,1083,75.6233
第15任總統副總統,在新北市各投開票所,新北市,　板橋區,朝陽里,1233,28,166,425,619,9,628,0,628,211,839,74.8510
第15任總統副總統,在新北市各投開票所,新北市,　板橋區,朝陽里,1234,35,235,518,788,7,795,0,795,240,1035,76.8116
第15任總統副總統,在新北市各投開票所,新北市,　板橋區,吉翠里,1235,37,235,580,852,12,864,0,864,214,1078,80.1484
第15任總統副總統,在新北市各投開票所,新北市,　板橋區,吉翠里,1236,45,256,546,847,5,852,0,852,273,1125,75.7333
第15任總統副總統,在新北市各投開票所,新北市,　板橋區,吉翠里,1237,31,256,516,803,9,812,0,812,213,1025,79.2195
第15任總統副總統,在新北市各投開票所,新北市,　板橋區,德翠里,1238,62,377,739,1178,16,1194,0,1194,413,1607,74.2999
第15任總統副總統,在新北市各投開票所,新北市,　板橋區,德翠里,1239,57,445,753,1255,8,1263,0,1263,345,1608,78.5448
第15任總統副總統,在新北市各投開票所,新北市,　板橋區,德翠里,1240,52,435,626,1113,13,1126,0,1126,275,1401,80.3712
第15任總統副總統,在新北市各投開票所,新北市,　板橋區,德翠里,1241,52,443,680,1175,11,1186,0,1186,265,1451,81.7367
第15任總統副總統,在新北市各投開票所,新北市,　板橋區,新海里,1242,33,249,497,779,9,788,0,788,245,1033,76.2827
第15任總統副總統,在新北市各投開票所,新北市,　板橋區,新海里,1243,15,206,497,718,6,724,0,724,243,967,74.8707
第15任總統副總統,在新北市各投開票所,新北市,　板橋區,新海里,1244,36,275,531,842,12,854,0,854,218,1072,79.6642
第15任總統副總統,在新北市各投開票所,新北市,　板橋區,滿翠里,1245,36,182,390,608,6,614,0,614,175,789,77.8200
第15任總統副總統,在新北市各投開票所,新北市,　板橋區,滿翠里,1246,19,166,444,629,8,637,0,637,182,819,77.7778
第15任總統副總統,在新北市各投開票所,新北市,　板橋區,滿翠里,1247,27,217,483,727,12,739,0,739,248,987,74.8734
第15任總統副總統,在新北市各投開票所,新北市,　板橋區,明翠里,1248,24,222,469,715,3,718,0,718,259,977,73.4903
第15任總統副總統,在新北市各投開票所,新北市,　板橋區,明翠里,1249,28,246,489,763,10,773,0,773,241,1014,76.2327
第15任總統副總統,在新北市各投開票所,新北市,　板橋區,明翠里,1250,30,231,439,700,5,705,0,705,248,953,73.9769
第15任總統副總統,在新北市各投開票所,新北市,　板橋區,明翠里,1251,37,324,585,946,8,954,0,954,233,1187,80.3707
第15任總統副總統,在新北市各投開票所,新北市,　板橋區,松翠里,1252,49,339,630,1018,10,1028,0,1028,321,1349,76.2046
第15任總統副總統,在新北市各投開票所,新北市,　板橋區,松翠里,1253,50,407,726,1183,15,1198,0,1198,372,1570,76.3057
第15任總統副總統,在新北市各投開票所,新北市,　板橋區,柏翠里,1254,39,264,531,834,11,845,0,845,285,1130,74.7788
第15任總統副總統,在新北市各投開票所,新北市,　板橋區,柏翠里,1255,53,360,561,974,9,983,0,983,320,1303,75.4413
第15任總統副總統,在新北市各投開票所,新北市,　板橋區,柏翠里,1256,51,338,659,1048,12,1060,0,1060,306,1366,77.5988
第15任總統副總統,在新北市各投開票所,新北市,　板橋區,龍翠里,1257,49,320,724,1093,12,1105,0,1105,339,1444,76.5235
第15任總統副總統,在新北市各投開票所,新北市,　板橋區,龍翠里,1258,47,312,724,1083,16,1099,0,1099,340,1439,76.3725
第15任總統副總統,在新北市各投開票所,新北市,　板橋區,龍翠里,1259,57,429,681,1167,16,1183,0,1183,297,1480,79.9324
第15任總統副總統,在新北市各投開票所,新北市,　板橋區,松柏里,1260,40,242,541,823,12,835,0,835,228,1063,78.5513
第15任總統副總統,在新北市各投開票所,新北市,　板橋區,松柏里,1261,35,216,426,677,16,693,0,693,200,893,77.6036
第15任總統副總統,在新北市各投開票所,新北市,　板橋區,華翠里,1262,52,342,801,1195,11,1206,0,1206,345,1551,77.7563
第15任總統副總統,在新北市各投開票所,新北市,　板橋區,華翠里,1263,56,388,704,1148,19,1167,0,1167,293,1460,79.9315
第15任總統副總統,在新北市各投開票所,新北市,　板橋區,莒光里,1264,49,308,628,985,10,995,0,995,316,1311,75.8963
第15任總統副總統,在新北市各投開票所,新北市,　板橋區,莒光里,1265,36,277,583,896,11,907,0,907,243,1150,78.8696
第15任總統副總統,在新北市各投開票所,新北市,　板橋區,忠翠里,1266,55,442,698,1195,12,1207,0,1207,302,1509,79.9867
第15任總統副總統,在新北市各投開票所,新北市,　板橋區,忠翠里,1267,51,374,695,1120,10,1130,0,1130,298,1428,79.1317
第15任總統副總統,在新北市各投開票所,新北市,　板橋區,忠翠里,1268,58,466,697,1221,20,1241,0,1241,318,1559,79.6023
第15任總統副總統,在新北市各投開票所,新北市,　板橋區,忠翠里,1269,57,462,678,1197,14,1211,0,1211,349,1560,77.6282
第15任總統副總統,在新北市各投開票所,新北市,　板橋區,忠翠里,1270,54,399,595,1048,9,1057,0,1057,315,1372,77.0408
第15任總統副總統,在新北市各投開票所,新北市,　板橋區,忠翠里,1271,45,373,620,1038,13,1051,0,1051,258,1309,80.2903
第15任總統副總統,在新北市各投開票所,新北市,　板橋區,嵐翠里,1272,33,255,525,813,9,822,0,822,252,1074,76.5363
第15任總統副總統,在新北市各投開票所,新北市,　板橋區,嵐翠里,1273,37,243,525,805,7,812,0,812,261,1073,75.6757
第15任總統副總統,在新北市各投開票所,新北市,　板橋區,文聖里,1274,45,389,826,1260,15,1275,0,1275,369,1644,77.5547
第15任總統副總統,在新北市各投開票所,新北市,　板橋區,文聖里,1275,64,430,808,1302,18,1320,0,1320,402,1722,76.6551
第15任總統副總統,在新北市各投開票所,新北市,　板橋區,文翠里,1276,37,302,599,938,17,955,0,955,285,1240,77.0161
第15任總統副總統,在新北市各投開票所,新北市,　板橋區,文翠里,1277,45,301,569,915,7,922,0,922,216,1138,81.0193
第15任總統副總統,在新北市各投開票所,新北市,　板橋區,文翠里,1278,55,313,497,865,7,872,0,872,280,1152,75.6944
第15任總統副總統,在新北市各投開票所,新北市,　板橋區,青翠里,1279,41,285,576,902,8,910,0,910,325,1235,73.6842
第15任總統副總統,在新北市各投開票所,新北市,　板橋區,青翠里,1280,39,320,670,1029,13,1042,0,1042,347,1389,75.0180
第15任總統副總統,在新北市各投開票所,新北市,　板橋區,懷翠里,1281,58,390,758,1206,17,1223,0,1223,430,1653,73.9867
第15任總統副總統,在新北市各投開票所,新北市,　板橋區,懷翠里,1282,46,402,903,1351,16,1367,0,1367,473,1840,74.2935
第15任總統副總統,在新北市各投開票所,新北市,　板橋區,懷翠里,1283,62,409,854,1325,18,1343,0,1343,411,1754,76.5678
第15任總統副總統,在新北市各投開票所,新北市,　板橋區,福翠里,1284,40,325,486,851,16,867,0,867,292,1159,74.8059
第15任總統副總統,在新北市各投開票所,新北市,　板橋區,港嘴里,1285,58,396,694,1148,11,1159,0,1159,372,1531,75.7022
第15任總統副總統,在新北市各投開票所,新北市,　板橋區,港嘴里,1286,32,325,578,935,8,943,0,943,265,1208,78.0629
第15任總統副總統,在新北市各投開票所,新北市,　板橋區,港嘴里,1287,42,333,609,984,16,1000,0,1000,311,1311,76.2777
第15任總統副總統,在新北市各投開票所,新北市,　板橋區,港嘴里,1288,34,314,605,953,6,959,1,960,256,1216,78.8651
第15任總統副總統,在新北市各投開票所,新北市,　板橋區,埤墘里,1289,41,305,561,907,12,919,0,919,310,1229,74.7762
第15任總統副總統,在新北市各投開票所,新北市,　板橋區,埤墘里,1290,40,325,588,953,8,961,0,961,304,1265,75.9684
第15任總統副總統,在新北市各投開票所,新北市,　板橋區,埤墘里,1291,61,337,599,997,18,1015,0,1015,205,1220,83.1967
第15任總統副總統,在新北市各投開票所,新北市,　板橋區,莊敬里,1292,72,545,891,1508,16,1524,0,1524,399,1923,79.2512
第15任總統副總統,在新北市各投開票所,新北市,　板橋區,莊敬里,1293,61,395,687,1143,16,1159,0,1159,291,1450,79.9310
第15任總統副總統,在新北市各投開票所,新北市,　板橋區,永安里,1294,45,334,630,1009,10,1019,0,1019,364,1383,73.6804
第15任總統副總統,在新北市各投開票所,新北市,　板橋區,永安里,1295,54,378,791,1223,16,1239,0,1239,299,1538,80.5592
第15任總統副總統,在新北市各投開票所,新北市,　板橋區,振興里,1296,42,341,795,1178,15,1193,0,1193,300,1493,79.9062
第15任總統副總統,在新北市各投開票所,新北市,　板橋區,振興里,1297,30,250,439,719,3,722,0,722,186,908,79.5154
第15任總統副總統,在新北市各投開票所,新北市,　板橋區,振興里,1298,50,404,664,1118,12,1130,0,1130,345,1475,76.6102
第15任總統副總統,在新北市各投開票所,新北市,　板橋區,振義里,1299,29,175,458,662,8,670,0,670,222,892,75.1121
第15任總統副總統,在新北市各投開票所,新北市,　板橋區,振義里,1300,35,282,579,896,9,905,0,905,272,1177,76.8904
第15任總統副總統,在新北市各投開票所,新北市,　板橋區,振義里,1301,48,409,760,1217,16,1233,0,1233,361,1594,77.3526
第15任總統副總統,在新北市各投開票所,新北市,　板橋區,光復里,1302,42,370,687,1099,10,1109,0,1109,295,1404,78.9886
第15任總統副總統,在新北市各投開票所,新北市,　板橋區,光復里,1303,47,350,696,1093,13,1106,1,1107,382,1489,74.2780
第15任總統副總統,在新北市各投開票所,新北市,　板橋區,埔墘里,1304,62,474,786,1322,19,1341,0,1341,402,1743,76.9363
第15任總統副總統,在新北市各投開票所,新北市,　板橋區,埔墘里,1305,55,444,765,1264,15,1279,0,1279,314,1593,80.2888
第15任總統副總統,在新北市各投開票所,新北市,　板橋區,埔墘里,1306,43,450,725,1218,14,1232,0,1232,381,1613,76.3794
第15任總統副總統,在新北市各投開票所,新北市,　板橋區,埔墘里,1307,16,120,286,422,0,422,0,422,111,533,79.1745
第15任總統副總統,在新北市各投開票所,新北市,　板橋區,富貴里,1308,36,224,491,751,12,763,0,763,218,981,77.7778
第15任總統副總統,在新北市各投開票所,新北市,　板橋區,富貴里,1309,38,348,425,811,9,820,0,820,182,1002,81.8363
第15任總統副總統,在新北市各投開票所,新北市,　板橋區,長壽里,1310,49,383,678,1110,8,1118,0,1118,313,1431,78.1272
第15任總統副總統,在新北市各投開票所,新北市,　板橋區,長壽里,1311,43,285,538,866,3,869,0,869,228,1097,79.2160
第15任總統副總統,在新北市各投開票所,新北市,　板橋區,福壽里,1312,58,449,550,1057,9,1066,0,1066,345,1411,75.5493
第15任總統副總統,在新北市各投開票所,新北市,　板橋區,福壽里,1313,64,421,686,1171,13,1184,0,1184,308,1492,79.3566
第15任總統副總統,在新北市各投開票所,新北市,　板橋區,居仁里,1314,42,373,716,1131,5,1136,0,1136,312,1448,78.4530
第15任總統副總統,在新北市各投開票所,新北市,　板橋區,居仁里,1315,67,408,827,1302,11,1313,0,1313,367,1680,78.1548
第15任總統副總統,在新北市各投開票所,新北市,　板橋區,海山里,1316,41,310,495,846,9,855,1,856,256,1112,76.8885
第15任總統副總統,在新北市各投開票所,新北市,　板橋區,海山里,1317,43,308,584,935,6,941,0,941,259,1200,78.4167
第15任總統副總統,在新北市各投開票所,新北市,　板橋區,海山里,1318,43,252,584,879,15,894,0,894,268,1162,76.9363
第15任總統副總統,在新北市各投開票所,新北市,　板橋區,海山里,1319,33,217,395,645,9,654,0,654,187,841,77.7646
第15任總統副總統,在新北市各投開票所,新北市,　板橋區,海山里,1320,82,675,822,1579,30,1609,0,1609,387,1996,80.6112
第15任總統副總統,在新北市各投開票所,新北市,　板橋區,九如里,1321,45,326,670,1041,15,1056,0,1056,331,1387,76.1355
第15任總統副總統,在新北市各投開票所,新北市,　板橋區,九如里,1322,42,251,528,821,14,835,0,835,210,1045,79.9043
第15任總統副總統,在新北市各投開票所,新北市,　板橋區,正泰里,1323,47,366,691,1104,20,1124,0,1124,348,1472,76.3587
第15任總統副總統,在新北市各投開票所,新北市,　板橋區,正泰里,1324,39,348,533,920,15,935,0,935,195,1130,82.7434
第15任總統副總統,在新北市各投開票所,新北市,　板橋區,玉光里,1325,62,515,803,1380,20,1400,0,1400,462,1862,75.1880
第15任總統副總統,在新北市各投開票所,新北市,　板橋區,玉光里,1326,39,274,602,915,8,923,0,923,366,1289,71.6059
第15任總統副總統,在新北市各投開票所,新北市,　板橋區,玉光里,1327,40,328,627,995,9,1004,0,1004,323,1327,75.6594
第15任總統副總統,在新北市各投開票所,新北市,　板橋區,光仁里,1328,60,339,614,1013,14,1027,0,1027,265,1292,79.4892
第15任總統副總統,在新北市各投開票所,新北市,　板橋區,光仁里,1329,40,287,576,903,11,914,0,914,234,1148,79.6167
第15任總統副總統,在新北市各投開票所,新北市,　板橋區,雙玉里,1330,57,441,785,1283,12,1295,0,1295,413,1708,75.8197
第15任總統副總統,在新北市各投開票所,新北市,　板橋區,雙玉里,1331,51,468,782,1301,18,1319,0,1319,379,1698,77.6796
第15任總統副總統,在新北市各投開票所,新北市,　板橋區,廣新里,1332,25,247,344,616,7,623,0,623,256,879,70.8760
第15任總統副總統,在新北市各投開票所,新北市,　板橋區,廣新里,1333,30,229,492,751,14,765,0,765,244,1009,75.8176
第15任總統副總統,在新北市各投開票所,新北市,　板橋區,廣新里,1334,28,284,527,839,6,845,0,845,280,1125,75.1111
第15任總統副總統,在新北市各投開票所,新北市,　板橋區,深丘里,1335,56,552,683,1291,14,1305,0,1305,426,1731,75.3899
第15任總統副總統,在新北市各投開票所,新北市,　板橋區,深丘里,1336,49,522,826,1397,16,1413,0,1413,428,1841,76.7518
第15任總統副總統,在新北市各投開票所,新北市,　板橋區,深丘里,1337,56,524,670,1250,17,1267,0,1267,392,1659,76.3713
第15任總統副總統,在新北市各投開票所,新北市,　板橋區,深丘里,1338,66,552,712,1330,25,1355,0,1355,407,1762,76.9012
第15任總統副總統,在新北市各投開票所,新北市,　板橋區,香丘里,1339,26,287,468,781,9,790,0,790,225,1015,77.8325
第15任總統副總統,在新北市各投開票所,新北市,　板橋區,香丘里,1340,40,256,496,792,8,800,0,800,242,1042,76.7754
第15任總統副總統,在新北市各投開票所,新北市,　板橋區,香丘里,1341,38,291,476,805,9,814,0,814,250,1064,76.5038
第15任總統副總統,在新北市各投開票所,新北市,　板橋區,西安里,1342,35,312,566,913,15,928,0,928,279,1207,76.8848
第15任總統副總統,在新北市各投開票所,新北市,　板橋區,西安里,1343,44,327,496,867,8,875,0,875,252,1127,77.6398
第15任總統副總統,在新北市各投開票所,新北市,　板橋區,東丘里,1344,44,295,549,888,12,900,0,900,304,1204,74.7508
第15任總統副總統,在新北市各投開票所,新北市,　板橋區,東丘里,1345,41,399,671,1111,10,1121,0,1121,279,1400,80.0714
第15任總統副總統,在新北市各投開票所,新北市,　板橋區,東丘里,1346,34,288,664,986,7,993,0,993,260,1253,79.2498
第15任總統副總統,在新北市各投開票所,新北市,　板橋區,民生里,1347,28,243,472,743,9,752,0,752,182,934,80.5139
第15任總統副總統,在新北市各投開票所,新北市,　板橋區,民生里,1348,29,266,449,744,4,748,0,748,230,978,76.4826
第15任總統副總統,在新北市各投開票所,新北市,　板橋區,長安里,1349,65,413,690,1168,21,1189,0,1189,320,1509,78.7939
第15任總統副總統,在新北市各投開票所,新北市,　板橋區,長安里,1350,47,275,572,894,8,902,0,902,221,1123,80.3206
第15任總統副總統,在新北市各投開票所,新北市,　板橋區,長安里,1351,37,302,505,844,9,853,0,853,221,1074,79.4227
第15任總統副總統,在新北市各投開票所,新北市,　板橋區,東安里,1352,26,237,461,724,8,732,0,732,252,984,74.3902
第15任總統副總統,在新北市各投開票所,新北市,　板橋區,東安里,1353,32,259,499,790,8,798,0,798,205,1003,79.5613
第15任總統副總統,在新北市各投開票所,新北市,　板橋區,福丘里,1354,58,464,590,1112,14,1126,0,1126,332,1458,77.2291
第15任總統副總統,在新北市各投開票所,新北市,　板橋區,福丘里,1355,56,477,536,1069,9,1078,0,1078,294,1372,78.5714
第15任總統副總統,在新北市各投開票所,新北市,　板橋區,福丘里,1356,41,401,486,928,18,946,0,946,304,1250,75.6800
第15任總統副總統,在新北市各投開票所,新北市,　板橋區,福祿里,1357,50,545,688,1283,15,1298,0,1298,474,1772,73.2506
第15任總統副總統,在新北市各投開票所,新北市,　板橋區,福祿里,1358,55,508,599,1162,11,1173,0,1173,333,1506,77.8884
第15任總統副總統,在新北市各投開票所,新北市,　板橋區,民族里,1359,46,416,602,1064,9,1073,0,1073,279,1352,79.3639
第15任總統副總統,在新北市各投開票所,新北市,　板橋區,民族里,1360,57,360,568,985,9,994,0,994,253,1247,79.7113
第15任總統副總統,在新北市各投開票所,新北市,　板橋區,民族里,1361,49,283,498,830,8,838,0,838,237,1075,77.9535
第15任總統副總統,在新北市各投開票所,新北市,　板橋區,國泰里,1362,42,446,529,1017,17,1034,0,1034,336,1370,75.4745
第15任總統副總統,在新北市各投開票所,新北市,　板橋區,國泰里,1363,43,486,735,1264,14,1278,0,1278,387,1665,76.7568
第15任總統副總統,在新北市各投開票所,新北市,　板橋區,後埔里,1364,47,516,655,1218,29,1247,0,1247,336,1583,78.7745
第15任總統副總統,在新北市各投開票所,新北市,　板橋區,後埔里,1365,64,492,683,1239,18,1257,0,1257,366,1623,77.4492
第15任總統副總統,在新北市各投開票所,新北市,　板橋區,福德里,1366,28,318,557,903,13,916,0,916,283,1199,76.3970
第15任總統副總統,在新北市各投開票所,新北市,　板橋區,福德里,1367,56,411,638,1105,14,1119,0,1119,287,1406,79.5875
第15任總統副總統,在新北市各投開票所,新北市,　板橋區,福德里,1368,61,510,734,1305,14,1319,0,1319,420,1739,75.8482
第15任總統副總統,在新北市各投開票所,新北市,　板橋區,景星里,1369,49,411,646,1106,22,1128,0,1128,382,1510,74.7020
第15任總統副總統,在新北市各投開票所,新北市,　板橋區,景星里,1370,45,446,614,1105,16,1121,0,1121,380,1501,74.6835
第15任總統副總統,在新北市各投開票所,新北市,　板橋區,福星里,1371,52,430,691,1173,10,1183,0,1183,298,1481,79.8785
第15任總統副總統,在新北市各投開票所,新北市,　板橋區,福星里,1372,48,442,704,1194,17,1211,0,1211,331,1542,78.5344
第15任總統副總統,在新北市各投開票所,新北市,　板橋區,鄉雲里,1373,82,591,858,1531,23,1554,0,1554,446,2000,77.7000
第15任總統副總統,在新北市各投開票所,新北市,　板橋區,鄉雲里,1374,55,358,574,987,16,1003,0,1003,304,1307,76.7406
第15任總統副總統,在新北市各投開票所,新北市,　板橋區,廣德里,1375,71,491,673,1235,14,1249,0,1249,336,1585,78.8013
第15任總統副總統,在新北市各投開票所,新北市,　板橋區,廣德里,1376,45,448,596,1089,16,1105,0,1105,333,1438,76.8428
第15任總統副總統,在新北市各投開票所,新北市,　板橋區,廣德里,1377,41,369,579,989,18,1007,0,1007,310,1317,76.4617
第15任總統副總統,在新北市各投開票所,新北市,　板橋區,廣德里,1378,51,409,620,1080,19,1099,0,1099,340,1439,76.3725
第15任總統副總統,在新北市各投開票所,新北市,　板橋區,大豐里,1379,42,508,700,1250,13,1263,0,1263,403,1666,75.8103
第15任總統副總統,在新北市各投開票所,新北市,　板橋區,大豐里,1380,62,407,508,977,10,987,0,987,252,1239,79.6610
第15任總統副總統,在新北市各投開票所,新北市,　板橋區,大豐里,1381,40,298,494,832,11,843,0,843,270,1113,75.7412
第15任總統副總統,在新北市各投開票所,新北市,　板橋區,重慶里,1382,59,388,660,1107,15,1122,0,1122,400,1522,73.7188
第15任總統副總統,在新北市各投開票所,新北市,　板橋區,重慶里,1383,51,386,613,1050,10,1060,0,1060,374,1434,73.9191
第15任總統副總統,在新北市各投開票所,新北市,　板橋區,重慶里,1384,55,419,646,1120,6,1126,0,1126,368,1494,75.3681
第15任總統副總統,在新北市各投開票所,新北市,　板橋區,重慶里,1385,47,408,581,1036,9,1045,0,1045,279,1324,78.9275
第15任總統副總統,在新北市各投開票所,新北市,　板橋區,重慶里,1386,54,448,622,1124,20,1144,0,1144,376,1520,75.2632
第15任總統副總統,在新北市各投開票所,新北市,　板橋區,仁愛里,1387,44,383,246,673,12,685,0,685,174,859,79.7439
第15任總統副總統,在新北市各投開票所,新北市,　板橋區,仁愛里,1388,38,319,360,717,8,725,0,725,191,916,79.1485
第15任總統副總統,在新北市各投開票所,新北市,　板橋區,仁愛里,1389,40,320,364,724,16,740,0,740,205,945,78.3069
第15任總統副總統,在新北市各投開票所,新北市,　板橋區,和平里,1390,84,535,706,1325,17,1342,0,1342,364,1706,78.6635
第15任總統副總統,在新北市各投開票所,新北市,　板橋區,和平里,1391,58,452,584,1094,2,1096,1,1097,320,1417,77.3465
第15任總統副總統,在新北市各投開票所,新北市,　板橋區,廣福里,1392,64,424,815,1303,11,1314,0,1314,393,1707,76.9772
第15任總統副總統,在新北市各投開票所,新北市,　板橋區,廣福里,1393,56,497,705,1258,10,1268,0,1268,462,1730,73.2948
第15任總統副總統,在新北市各投開票所,新北市,　板橋區,五權里,1394,33,372,499,904,5,909,0,909,291,1200,75.7500
第15任總統副總統,在新北市各投開票所,新北市,　板橋區,五權里,1395,45,302,564,911,8,919,0,919,243,1162,79.0878
第15任總統副總統,在新北市各投開票所,新北市,　板橋區,五權里,1396,43,290,513,846,7,853,0,853,279,1132,75.3534
第15任總統副總統,在新北市各投開票所,新北市,　板橋區,華興里,1397,55,359,547,961,12,973,0,973,319,1292,75.3096
第15任總統副總統,在新北市各投開票所,新北市,　板橋區,華興里,1398,39,300,496,835,10,845,0,845,271,1116,75.7168
第15任總統副總統,在新北市各投開票所,新北市,　板橋區,華興里,1399,53,396,541,990,17,1007,0,1007,259,1266,79.5419
第15任總統副總統,在新北市各投開票所,新北市,　板橋區,華貴里,1400,51,298,463,812,14,826,0,826,228,1054,78.3681
第15任總統副總統,在新北市各投開票所,新北市,　板橋區,華貴里,1401,36,319,524,879,10,889,0,889,293,1182,75.2115
第15任總統副總統,在新北市各投開票所,新北市,　板橋區,華福里,1402,38,307,409,754,12,766,0,766,205,971,78.8877
第15任總統副總統,在新北市各投開票所,新北市,　板橋區,華福里,1403,28,239,374,641,14,655,0,655,178,833,78.6315
第15任總統副總統,在新北市各投開票所,新北市,　板橋區,華德里,1404,43,478,796,1317,15,1332,0,1332,479,1811,73.5505
第15任總統副總統,在新北市各投開票所,新北市,　板橋區,華德里,1405,22,250,442,714,9,723,0,723,234,957,75.5486
第15任總統副總統,在新北市各投開票所,新北市,　板橋區,華德里,1406,57,494,749,1300,14,1314,0,1314,433,1747,75.2147
第15任總統副總統,在新北市各投開票所,新北市,　板橋區,華德里,1407,64,503,609,1176,18,1194,0,1194,414,1608,74.2537
第15任總統副總統,在新北市各投開票所,新北市,　板橋區,華東里,1408,57,396,529,982,17,999,0,999,218,1217,82.0871
第15任總統副總統,在新北市各投開票所,新北市,　板橋區,華東里,1409,50,520,574,1144,13,1157,0,1157,291,1448,79.9033
第15任總統副總統,在新北市各投開票所,新北市,　板橋區,華東里,1410,48,403,426,877,9,886,0,886,203,1089,81.3590
第15任總統副總統,在新北市各投開票所,新北市,　板橋區,華東里,1411,48,460,524,1032,8,1040,0,1040,303,1343,77.4386
第15任總統副總統,在新北市各投開票所,新北市,　板橋區,華東里,1412,51,436,654,1141,9,1150,0,1150,422,1572,73.1552
第15任總統副總統,在新北市各投開票所,新北市,　板橋區,信義里,1413,38,367,557,962,9,971,0,971,356,1327,73.1726
第15任總統副總統,在新北市各投開票所,新北市,　板橋區,信義里,1414,42,320,442,804,12,816,0,816,240,1056,77.2727
第15任總統副總統,在新北市各投開票所,新北市,　板橋區,信義里,1415,47,332,582,961,9,970,0,970,342,1312,73.9329
第15任總統副總統,在新北市各投開票所,新北市,　板橋區,浮洲里,1416,46,269,599,914,3,917,0,917,292,1209,75.8478
第15任總統副總統,在新北市各投開票所,新北市,　板橋區,浮洲里,1417,32,283,538,853,7,860,0,860,317,1177,73.0671
第15任總統副總統,在新北市各投開票所,新北市,　板橋區,浮洲里,1418,35,252,471,758,7,765,0,765,203,968,79.0289
第15任總統副總統,在新北市各投開票所,新北市,　板橋區,華中里,1419,34,276,693,1003,11,1014,0,1014,338,1352,75.0000
第15任總統副總統,在新北市各投開票所,新北市,　板橋區,華中里,1420,46,379,727,1152,9,1161,0,1161,364,1525,76.1311
第15任總統副總統,在新北市各投開票所,新北市,　板橋區,華中里,1421,59,358,838,1255,16,1271,0,1271,428,1699,74.8087
第15任總統副總統,在新北市各投開票所,新北市,　板橋區,僑中里,1422,48,279,514,841,8,849,0,849,254,1103,76.9719
第15任總統副總統,在新北市各投開票所,新北市,　板橋區,僑中里,1423,31,232,557,820,6,826,0,826,261,1087,75.9890
第15任總統副總統,在新北市各投開票所,新北市,　板橋區,僑中里,1424,49,353,734,1136,19,1155,0,1155,322,1477,78.1991
第15任總統副總統,在新北市各投開票所,新北市,　板橋區,大觀里,1425,49,383,784,1216,8,1224,0,1224,354,1578,77.5665
第15任總統副總統,在新北市各投開票所,新北市,　板橋區,大觀里,1426,52,325,802,1179,12,1191,0,1191,401,1592,74.8116
第15任總統副總統,在新北市各投開票所,新北市,　板橋區,歡園里,1427,43,235,550,828,5,833,0,833,251,1084,76.8450
第15任總統副總統,在新北市各投開票所,新北市,　板橋區,中山里,1428,29,286,470,785,7,792,0,792,242,1034,76.5957
第15任總統副總統,在新北市各投開票所,新北市,　板橋區,中山里,1429,27,268,416,711,5,716,0,716,294,1010,70.8911
第15任總統副總統,在新北市各投開票所,新北市,　板橋區,中山里,1430,32,287,435,754,14,768,0,768,277,1045,73.4928
第15任總統副總統,在新北市各投開票所,新北市,　板橋區,中山里,1431,60,362,444,866,9,875,0,875,248,1123,77.9163
第15任總統副總統,在新北市各投開票所,新北市,　板橋區,中山里,1432,78,494,578,1150,11,1161,0,1161,382,1543,75.2430
第15任總統副總統,在新北市各投開票所,新北市,　板橋區,復興里,1433,11,198,70,279,9,288,0,288,136,424,67.9245
第15任總統副總統,在新北市各投開票所,新北市,　板橋區,復興里,1434,20,115,256,391,3,394,0,394,94,488,80.7377
第15任總統副總統,在新北市各投開票所,新北市,　板橋區,大安里,1435,35,295,492,822,5,827,0,827,291,1118,73.9714
第15任總統副總統,在新北市各投開票所,新北市,　板橋區,大安里,1436,50,324,530,904,10,914,0,914,257,1171,78.0529
第15任總統副總統,在新北市各投開票所,新北市,　板橋區,大安里,1437,37,312,551,900,10,910,0,910,240,1150,79.1304
第15任總統副總統,在新北市各投開票所,新北市,　板橋區,福安里,1438,34,410,450,894,8,902,0,902,289,1191,75.7347
第15任總統副總統,在新北市各投開票所,新北市,　板橋區,福安里,1439,29,235,433,697,7,704,0,704,268,972,72.4280
第15任總統副總統,在新北市各投開票所,新北市,　板橋區,福安里,1440,77,576,717,1370,24,1394,0,1394,374,1768,78.8462
第15任總統副總統,在新北市各投開票所,新北市,　板橋區,福安里,1441,100,635,790,1525,22,1547,0,1547,434,1981,78.0919
第15任總統副總統,在新北市各投開票所,新北市,　板橋區,聚安里,1442,25,172,335,532,2,534,0,534,169,703,75.9602
第15任總統副總統,在新北市各投開票所,新北市,　板橋區,聚安里,1443,30,335,574,939,19,958,0,958,357,1315,72.8517
第15任總統副總統,在新北市各投開票所,新北市,　板橋區,聚安里,1444,44,307,601,952,7,959,0,959,308,1267,75.6906
第15任總統副總統,在新北市各投開票所,新北市,　板橋區,聚安里,1445,47,301,648,996,6,1002,0,1002,303,1305,76.7816
第15任總統副總統,在新北市各投開票所,新北市,　板橋區,龍安里,1446,33,304,536,873,10,883,0,883,273,1156,76.3841
第15任總統副總統,在新北市各投開票所,新北市,　板橋區,龍安里,1447,59,318,593,970,10,980,0,980,294,1274,76.9231
第15任總統副總統,在新北市各投開票所,新北市,　板橋區,崑崙里,1448,43,338,553,934,16,950,0,950,324,1274,74.5683
第15任總統副總統,在新北市各投開票所,新北市,　板橋區,崑崙里,1449,47,375,656,1078,9,1087,0,1087,323,1410,77.0922
第15任總統副總統,在新北市各投開票所,新北市,　板橋區,崑崙里,1450,42,361,621,1024,8,1032,0,1032,350,1382,74.6744
第15任總統副總統,在新北市各投開票所,新北市,　板橋區,崑崙里,1451,43,380,598,1021,11,1032,0,1032,405,1437,71.8163
第15任總統副總統,在新北市各投開票所,新北市,　板橋區,崑崙里,1452,54,372,696,1122,17,1139,0,1139,306,1445,78.8235
第15任總統副總統,在新北市各投開票所,新北市,　板橋區,崑崙里,1453,43,344,576,963,11,974,0,974,331,1305,74.6360
第15任總統副總統,在新北市各投開票所,新北市,　板橋區,成和里,1454,55,360,699,1114,12,1126,0,1126,398,1524,73.8845
第15任總統副總統,在新北市各投開票所,新北市,　板橋區,成和里,1455,54,353,609,1016,10,1026,0,1026,359,1385,74.0794
第15任總統副總統,在新北市各投開票所,新北市,　板橋區,成和里,1456,54,350,593,997,12,1009,0,1009,352,1361,74.1367
第15任總統副總統,在新北市各投開票所,新北市,　板橋區,成和里,1457,65,359,587,1011,9,1020,0,1020,413,1433,71.1793
第15任總統副總統,在新北市各投開票所,新北市,　板橋區,溪洲里,1458,56,398,758,1212,19,1231,0,1231,397,1628,75.6143
第15任總統副總統,在新北市各投開票所,新北市,　板橋區,溪洲里,1459,54,443,800,1297,17,1314,0,1314,446,1760,74.6591
第15任總統副總統,在新北市各投開票所,新北市,　板橋區,溪洲里,1460,54,406,720,1180,24,1204,0,1204,450,1654,72.7932
第15任總統副總統,在新北市各投開票所,新北市,　板橋區,溪福里,1461,56,419,677,1152,18,1170,0,1170,399,1569,74.5698
第15任總統副總統,在新北市各投開票所,新北市,　板橋區,溪福里,1462,56,380,757,1193,10,1203,0,1203,394,1597,75.3287
第15任總統副總統,在新北市各投開票所,新北市,　板橋區,溪福里,1463,46,332,651,1029,15,1044,0,1044,397,1441,72.4497
第15任總統副總統,在新北市各投開票所,新北市,　板橋區,溪福里,1464,48,375,713,1136,9,1145,0,1145,387,1532,74.7389
第15任總統副總統,在新北市各投開票所,新北市,　板橋區,溪福里,1465,49,436,659,1144,19,1163,0,1163,372,1535,75.7655
第15任總統副總統,在新北市各投開票所,新北市,　板橋區,溪福里,1466,57,435,629,1121,7,1128,0,1128,393,1521,74.1617
第15任總統副總統,在新北市各投開票所,新北市,　板橋區,溪福里,1467,42,406,568,1016,8,1024,0,1024,346,1370,74.7445
第15任總統副總統,在新北市各投開票所,新北市,　板橋區,溪福里,1468,51,291,494,836,13,849,0,849,317,1166,72.8130
第15任總統副總統,在新北市各投開票所,新北市,　板橋區,溪北里,1469,50,402,648,1100,10,1110,0,1110,364,1474,75.3053
第15任總統副總統,在新北市各投開票所,新北市,　板橋區,溪北里,1470,58,423,726,1207,6,1213,0,1213,340,1553,78.1069
第15任總統副總統,在新北市各投開票所,新北市,　板橋區,堂春里,1471,43,324,604,971,6,977,0,977,334,1311,74.5233
第15任總統副總統,在新北市各投開票所,新北市,　板橋區,堂春里,1472,45,272,543,860,11,871,0,871,249,1120,77.7679
第15任總統副總統,在新北市各投開票所,新北市,　板橋區,堂春里,1473,41,321,539,901,7,908,0,908,318,1226,74.0620
第15任總統副總統,在新北市各投開票所,新北市,　三重區,富貴里,0444,62,406,845,1313,12,1325,0,1325,421,1746,75.8877
第15任總統副總統,在新北市各投開票所,新北市,　三重區,富貴里,0445,64,632,789,1485,7,1492,0,1492,501,1993,74.8620
第15任總統副總統,在新北市各投開票所,新北市,　三重區,富貴里,0446,66,488,877,1431,16,1447,0,1447,389,1836,78.8126
第15任總統副總統,在新北市各投開票所,新北市,　三重區,碧華里,0447,44,272,579,895,10,905,0,905,292,1197,75.6057
第15任總統副總統,在新北市各投開票所,新北市,　三重區,碧華里,0448,29,252,486,767,8,775,0,775,238,1013,76.5054
第15任總統副總統,在新北市各投開票所,新北市,　三重區,碧華里,0449,69,475,699,1243,18,1261,0,1261,388,1649,76.4706
第15任總統副總統,在新北市各投開票所,新北市,　三重區,碧華里,0450,42,365,576,983,10,993,0,993,278,1271,78.1275
第15任總統副總統,在新北市各投開票所,新北市,　三重區,碧華里,0451,64,495,734,1293,12,1305,0,1305,388,1693,77.0821
第15任總統副總統,在新北市各投開票所,新北市,　三重區,仁華里,0452,50,337,631,1018,13,1031,0,1031,286,1317,78.2840
第15任總統副總統,在新北市各投開票所,新北市,　三重區,仁華里,0453,34,214,534,782,14,796,0,796,228,1024,77.7344
第15任總統副總統,在新北市各投開票所,新北市,　三重區,仁華里,0454,56,337,607,1000,14,1014,0,1014,321,1335,75.9551
第15任總統副總統,在新北市各投開票所,新北市,　三重區,永清里,0455,52,306,827,1185,13,1198,0,1198,352,1550,77.2903
第15任總統副總統,在新北市各投開票所,新北市,　三重區,永清里,0456,59,327,819,1205,14,1219,0,1219,342,1561,78.0910
第15任總統副總統,在新北市各投開票所,新北市,　三重區,永清里,0457,48,312,772,1132,10,1142,0,1142,327,1469,77.7400
第15任總統副總統,在新北市各投開票所,新北市,　三重區,永順里,0458,38,247,698,983,7,990,0,990,327,1317,75.1708
第15任總統副總統,在新北市各投開票所,新北市,　三重區,永順里,0459,72,339,764,1175,15,1190,0,1190,438,1628,73.0958
第15任總統副總統,在新北市各投開票所,新北市,　三重區,永順里,0460,50,288,728,1066,9,1075,0,1075,347,1422,75.5977
第15任總統副總統,在新北市各投開票所,新北市,　三重區,富福里,0461,34,202,385,621,7,628,0,628,228,856,73.3645
第15任總統副總統,在新北市各投開票所,新北市,　三重區,富福里,0462,28,184,444,656,7,663,0,663,256,919,72.1436
第15任總統副總統,在新北市各投開票所,新北市,　三重區,慈化里,0463,33,226,502,761,10,771,0,771,240,1011,76.2611
第15任總統副總統,在新北市各投開票所,新北市,　三重區,慈化里,0464,41,275,565,881,16,897,0,897,247,1144,78.4091
第15任總統副總統,在新北市各投開票所,新北市,　三重區,慈惠里,0465,37,189,574,800,10,810,0,810,247,1057,76.6320
第15任總統副總統,在新北市各投開票所,新北市,　三重區,慈惠里,0466,34,188,489,711,4,715,0,715,207,922,77.5488
第15任總統副總統,在新北市各投開票所,新北市,　三重區,慈愛里,0467,42,354,834,1230,14,1244,0,1244,386,1630,76.3190
第15任總統副總統,在新北市各投開票所,新北市,　三重區,慈愛里,0468,47,311,703,1061,17,1078,0,1078,353,1431,75.3319
第15任總統副總統,在新北市各投開票所,新北市,　三重區,永福里,0469,45,248,764,1057,15,1072,0,1072,295,1367,78.4199
第15任總統副總統,在新北市各投開票所,新北市,　三重區,永福里,0470,46,333,847,1226,14,1240,0,1240,383,1623,76.4017
第15任總統副總統,在新北市各投開票所,新北市,　三重區,永福里,0471,48,382,726,1156,12,1168,0,1168,368,1536,76.0417
第15任總統副總統,在新北市各投開票所,新北市,　三重區,慈生里,0472,44,265,475,784,10,794,0,794,230,1024,77.5391
第15任總統副總統,在新北市各投開票所,新北市,　三重區,慈生里,0473,37,239,538,814,5,819,0,819,195,1014,80.7692
第15任總統副總統,在新北市各投開票所,新北市,　三重區,慈福里,0474,29,167,413,609,9,618,0,618,203,821,75.2741
第15任總統副總統,在新北市各投開票所,新北市,　三重區,慈福里,0475,50,257,559,866,7,873,0,873,292,1165,74.9356
第15任總統副總統,在新北市各投開票所,新北市,　三重區,慈祐里,0476,49,375,732,1156,17,1173,0,1173,366,1539,76.2183
第15任總統副總統,在新北市各投開票所,新北市,　三重區,慈祐里,0477,44,293,724,1061,13,1074,0,1074,329,1403,76.5502
第15任總統副總統,在新北市各投開票所,新北市,　三重區,慈祐里,0478,42,268,648,958,8,966,0,966,302,1268,76.1830
第15任總統副總統,在新北市各投開票所,新北市,　三重區,富華里,0479,55,359,617,1031,14,1045,0,1045,324,1369,76.3331
第15任總統副總統,在新北市各投開票所,新北市,　三重區,富華里,0480,60,361,691,1112,19,1131,0,1131,353,1484,76.2129
第15任總統副總統,在新北市各投開票所,新北市,　三重區,五華里,0481,36,311,645,992,14,1006,0,1006,344,1350,74.5185
第15任總統副總統,在新北市各投開票所,新北市,　三重區,五華里,0482,46,374,750,1170,14,1184,0,1184,444,1628,72.7273
第15任總統副總統,在新北市各投開票所,新北市,　三重區,五華里,0483,43,372,787,1202,13,1215,0,1215,285,1500,81.0000
第15任總統副總統,在新北市各投開票所,新北市,　三重區,五福里,0484,39,226,502,767,12,779,0,779,261,1040,74.9038
第15任總統副總統,在新北市各投開票所,新北市,　三重區,五福里,0485,30,221,454,705,8,713,0,713,252,965,73.8860
第15任總統副總統,在新北市各投開票所,新北市,　三重區,五福里,0486,50,375,611,1036,10,1046,0,1046,307,1353,77.3097
第15任總統副總統,在新北市各投開票所,新北市,　三重區,大有里,0487,38,343,739,1120,9,1129,0,1129,340,1469,76.8550
第15任總統副總統,在新北市各投開票所,新北市,　三重區,大有里,0488,24,188,396,608,10,618,0,618,209,827,74.7279
第15任總統副總統,在新北市各投開票所,新北市,　三重區,大有里,0489,48,270,631,949,9,958,0,958,283,1241,77.1958
第15任總統副總統,在新北市各投開票所,新北市,　三重區,大有里,0490,46,283,581,910,6,916,0,916,231,1147,79.8605
第15任總統副總統,在新北市各投開票所,新北市,　三重區,博愛里,0491,42,307,689,1038,17,1055,0,1055,306,1361,77.5165
第15任總統副總統,在新北市各投開票所,新北市,　三重區,博愛里,0492,35,452,574,1061,15,1076,0,1076,290,1366,78.7701
第15任總統副總統,在新北市各投開票所,新北市,　三重區,博愛里,0493,34,294,654,982,11,993,0,993,293,1286,77.2162
第15任總統副總統,在新北市各投開票所,新北市,　三重區,二重里,0494,46,299,695,1040,14,1054,0,1054,345,1399,75.3395
第15任總統副總統,在新北市各投開票所,新北市,　三重區,頂崁里,0495,33,199,494,726,7,733,0,733,231,964,76.0373
第15任總統副總統,在新北市各投開票所,新北市,　三重區,頂崁里,0496,29,240,545,814,3,817,0,817,232,1049,77.8837
第15任總統副總統,在新北市各投開票所,新北市,　三重區,谷王里,0497,26,212,430,668,6,674,0,674,163,837,80.5257
第15任總統副總統,在新北市各投開票所,新北市,　三重區,五谷里,0498,21,227,366,614,5,619,0,619,215,834,74.2206
第15任總統副總統,在新北市各投開票所,新北市,　三重區,五谷里,0499,34,175,416,625,7,632,0,632,186,818,77.2616
第15任總統副總統,在新北市各投開票所,新北市,　三重區,中興里,0500,57,477,955,1489,21,1510,0,1510,382,1892,79.8097
第15任總統副總統,在新北市各投開票所,新北市,　三重區,中興里,0501,61,324,784,1169,13,1182,0,1182,400,1582,74.7155
第15任總統副總統,在新北市各投開票所,新北市,　三重區,德厚里,0502,8,79,190,277,4,281,0,281,59,340,82.6471
第15任總統副總統,在新北市各投開票所,新北市,　三重區,成功里,0503,40,261,462,763,9,772,0,772,219,991,77.9011
第15任總統副總統,在新北市各投開票所,新北市,　三重區,成功里,0504,42,261,549,852,10,862,0,862,237,1099,78.4349
第15任總統副總統,在新北市各投開票所,新北市,　三重區,成功里,0505,56,472,709,1237,20,1257,0,1257,306,1563,80.4223
第15任總統副總統,在新北市各投開票所,新北市,　三重區,成功里,0506,71,518,720,1309,7,1316,0,1316,372,1688,77.9621
第15任總統副總統,在新北市各投開票所,新北市,　三重區,福祉里,0507,47,323,596,966,8,974,0,974,266,1240,78.5484
第15任總統副總統,在新北市各投開票所,新北市,　三重區,福祉里,0508,49,383,826,1258,3,1261,0,1261,330,1591,79.2583
第15任總統副總統,在新北市各投開票所,新北市,　三重區,福祉里,0509,69,493,811,1373,17,1390,0,1390,455,1845,75.3388
第15任總統副總統,在新北市各投開票所,新北市,　三重區,福德里,0510,53,438,848,1339,10,1349,0,1349,370,1719,78.4759
第15任總統副總統,在新北市各投開票所,新北市,　三重區,福德里,0511,61,496,802,1359,20,1379,0,1379,440,1819,75.8109
第15任總統副總統,在新北市各投開票所,新北市,　三重區,福民里,0512,38,366,778,1182,11,1193,1,1194,345,1539,77.5179
第15任總統副總統,在新北市各投開票所,新北市,　三重區,福民里,0513,46,335,690,1071,12,1083,0,1083,393,1476,73.3740
第15任總統副總統,在新北市各投開票所,新北市,　三重區,過田里,0514,39,467,823,1329,10,1339,0,1339,3209,4548,29.4415
第15任總統副總統,在新北市各投開票所,新北市,　三重區,過田里,0515,30,365,520,915,14,929,0,929,280,1209,76.8404
第15任總統副總統,在新北市各投開票所,新北市,　三重區,過田里,0516,56,385,686,1127,10,1137,0,1137,286,1423,79.9016
第15任總統副總統,在新北市各投開票所,新北市,　三重區,過田里,0517,51,394,595,1040,11,1051,0,1051,276,1327,79.2012
第15任總統副總統,在新北市各投開票所,新北市,　三重區,錦田里,0518,29,237,476,742,10,752,0,752,210,962,78.1705
第15任總統副總統,在新北市各投開票所,新北市,　三重區,錦田里,0519,22,195,429,646,7,653,0,653,204,857,76.1960
第15任總統副總統,在新北市各投開票所,新北市,　三重區,重明里,0520,54,407,687,1148,15,1163,0,1163,322,1485,78.3165
第15任總統副總統,在新北市各投開票所,新北市,　三重區,重明里,0521,58,404,807,1269,24,1293,0,1293,353,1646,78.5541
第15任總統副總統,在新北市各投開票所,新北市,　三重區,光田里,0522,34,304,619,957,14,971,0,971,304,1275,76.1569
第15任總統副總統,在新北市各投開票所,新北市,　三重區,光田里,0523,66,354,578,998,11,1009,0,1009,250,1259,80.1430
第15任總統副總統,在新北市各投開票所,新北市,　三重區,光田里,0524,63,374,619,1056,11,1067,0,1067,274,1341,79.5675
第15任總統副總統,在新北市各投開票所,新北市,　三重區,光陽里,0525,65,517,864,1446,17,1463,0,1463,409,1872,78.1517
第15任總統副總統,在新北市各投開票所,新北市,　三重區,光陽里,0526,29,251,464,744,6,750,0,750,206,956,78.4519
第15任總統副總統,在新北市各投開票所,新北市,　三重區,光陽里,0527,50,325,716,1091,11,1102,0,1102,283,1385,79.5668
第15任總統副總統,在新北市各投開票所,新北市,　三重區,光陽里,0528,42,365,645,1052,13,1065,0,1065,280,1345,79.1822
第15任總統副總統,在新北市各投開票所,新北市,　三重區,田心里,0529,44,296,590,930,14,944,0,944,263,1207,78.2104
第15任總統副總統,在新北市各投開票所,新北市,　三重區,田心里,0530,41,303,564,908,11,919,0,919,279,1198,76.7112
第15任總統副總統,在新北市各投開票所,新北市,　三重區,田心里,0531,45,226,622,893,10,903,0,903,293,1196,75.5017
第15任總統副總統,在新北市各投開票所,新北市,　三重區,福田里,0532,51,358,744,1153,10,1163,0,1163,267,1430,81.3287
第15任總統副總統,在新北市各投開票所,新北市,　三重區,福田里,0533,61,395,862,1318,12,1330,0,1330,301,1631,81.5451
第15任總統副總統,在新北市各投開票所,新北市,　三重區,田中里,0534,43,277,665,985,12,997,0,997,271,1268,78.6278
第15任總統副總統,在新北市各投開票所,新北市,　三重區,田中里,0535,42,308,641,991,17,1008,0,1008,211,1219,82.6907
第15任總統副總統,在新北市各投開票所,新北市,　三重區,田中里,0536,44,311,759,1114,6,1120,0,1120,304,1424,78.6517
第15任總統副總統,在新北市各投開票所,新北市,　三重區,田中里,0537,37,291,731,1059,12,1071,0,1071,345,1416,75.6356
第15任總統副總統,在新北市各投開票所,新北市,　三重區,田安里,0538,59,396,841,1296,12,1308,0,1308,351,1659,78.8427
第15任總統副總統,在新北市各投開票所,新北市,　三重區,田安里,0539,76,488,954,1518,20,1538,0,1538,441,1979,77.7160
第15任總統副總統,在新北市各投開票所,新北市,　三重區,田安里,0540,80,435,823,1338,11,1349,0,1349,435,1784,75.6166
第15任總統副總統,在新北市各投開票所,新北市,　三重區,三民里,0541,51,328,697,1076,5,1081,0,1081,337,1418,76.2341
第15任總統副總統,在新北市各投開票所,新北市,　三重區,三民里,0542,59,363,672,1094,13,1107,0,1107,328,1435,77.1429
第15任總統副總統,在新北市各投開票所,新北市,　三重區,光明里,0543,55,369,582,1006,13,1019,0,1019,373,1392,73.2040
第15任總統副總統,在新北市各投開票所,新北市,　三重區,光明里,0544,74,423,750,1247,10,1257,0,1257,401,1658,75.8142
第15任總統副總統,在新北市各投開票所,新北市,　三重區,光明里,0545,89,444,786,1319,16,1335,0,1335,421,1756,76.0251
第15任總統副總統,在新北市各投開票所,新北市,　三重區,光明里,0546,55,406,792,1253,5,1258,0,1258,342,1600,78.6250
第15任總統副總統,在新北市各投開票所,新北市,　三重區,光正里,0547,31,368,429,828,7,835,0,835,292,1127,74.0905
第15任總統副總統,在新北市各投開票所,新北市,　三重區,光正里,0548,53,329,464,846,11,857,0,857,250,1107,77.4164
第15任總統副總統,在新北市各投開票所,新北市,　三重區,同安里,0549,51,321,529,901,14,915,0,915,366,1281,71.4286
第15任總統副總統,在新北市各投開票所,新北市,　三重區,同慶里,0550,57,467,685,1209,10,1219,0,1219,360,1579,77.2008
第15任總統副總統,在新北市各投開票所,新北市,　三重區,菜寮里,0551,40,268,487,795,8,803,0,803,249,1052,76.3308
第15任總統副總統,在新北市各投開票所,新北市,　三重區,菜寮里,0552,40,253,412,705,5,710,0,710,180,890,79.7753
第15任總統副總統,在新北市各投開票所,新北市,　三重區,永春里,0553,61,462,768,1291,12,1303,0,1303,380,1683,77.4213
第15任總統副總統,在新北市各投開票所,新北市,　三重區,中正里,0554,43,354,580,977,15,992,0,992,273,1265,78.4190
第15任總統副總統,在新北市各投開票所,新北市,　三重區,吉利里,0555,33,363,559,955,14,969,0,969,306,1275,76.0000
第15任總統副總統,在新北市各投開票所,新北市,　三重區,大同里,0556,71,469,777,1317,25,1342,0,1342,447,1789,75.0140
第15任總統副總統,在新北市各投開票所,新北市,　三重區,中民里,0557,34,337,491,862,16,878,0,878,264,1142,76.8827
第15任總統副總統,在新北市各投開票所,新北市,　三重區,平和里,0558,61,332,591,984,20,1004,0,1004,348,1352,74.2604
第15任總統副總統,在新北市各投開票所,新北市,　三重區,大安里,0559,49,434,609,1092,9,1101,0,1101,378,1479,74.4422
第15任總統副總統,在新北市各投開票所,新北市,　三重區,仁德里,0560,36,225,383,644,7,651,0,651,247,898,72.4944
第15任總統副總統,在新北市各投開票所,新北市,　三重區,仁德里,0561,24,219,445,688,6,694,0,694,222,916,75.7642
第15任總統副總統,在新北市各投開票所,新北市,　三重區,忠孝里,0562,54,405,725,1184,19,1203,0,1203,434,1637,73.4881
第15任總統副總統,在新北市各投開票所,新北市,　三重區,仁義里,0563,34,287,484,805,17,822,0,822,262,1084,75.8303
第15任總統副總統,在新北市各投開票所,新北市,　三重區,光榮里,0564,53,303,606,962,17,979,0,979,333,1312,74.6189
第15任總統副總統,在新北市各投開票所,新北市,　三重區,光輝里,0565,49,329,652,1030,8,1038,0,1038,299,1337,77.6365
第15任總統副總統,在新北市各投開票所,新北市,　三重區,福星里,0566,40,261,492,793,15,808,0,808,245,1053,76.7331
第15任總統副總統,在新北市各投開票所,新北市,　三重區,福利里,0567,41,305,500,846,5,851,0,851,232,1083,78.5780
第15任總統副總統,在新北市各投開票所,新北市,　三重區,福利里,0568,42,275,425,742,4,746,0,746,213,959,77.7894
第15任總統副總統,在新北市各投開票所,新北市,　三重區,清和里,0569,59,468,906,1433,7,1440,0,1440,403,1843,78.1335
第15任總統副總統,在新北市各投開票所,新北市,　三重區,清和里,0570,83,438,748,1269,8,1277,0,1277,369,1646,77.5820
第15任總統副總統,在新北市各投開票所,新北市,　三重區,永興里,0571,47,327,502,876,9,885,0,885,298,1183,74.8098
第15任總統副總統,在新北市各投開票所,新北市,　三重區,中山里,0572,36,343,642,1021,11,1032,0,1032,320,1352,76.3314
第15任總統副總統,在新北市各投開票所,新北市,　三重區,中山里,0573,39,272,517,828,15,843,0,843,228,1071,78.7115
第15任總統副總統,在新北市各投開票所,新北市,　三重區,大園里,0574,36,267,569,872,13,885,0,885,292,1177,75.1912
第15任總統副總統,在新北市各投開票所,新北市,　三重區,大園里,0575,61,296,586,943,10,953,0,953,323,1276,74.6865
第15任總統副總統,在新北市各投開票所,新北市,　三重區,國隆里,0576,62,312,512,886,8,894,0,894,295,1189,75.1892
第15任總統副總統,在新北市各投開票所,新北市,　三重區,國隆里,0577,52,328,563,943,12,955,0,955,230,1185,80.5907
第15任總統副總統,在新北市各投開票所,新北市,　三重區,重陽里,0578,54,389,742,1185,21,1206,0,1206,386,1592,75.7538
第15任總統副總統,在新北市各投開票所,新北市,　三重區,重陽里,0579,43,386,689,1118,12,1130,0,1130,396,1526,74.0498
第15任總統副總統,在新北市各投開票所,新北市,　三重區,民生里,0580,37,233,571,841,10,851,0,851,274,1125,75.6444
第15任總統副總統,在新北市各投開票所,新北市,　三重區,民生里,0581,49,299,676,1024,11,1035,0,1035,314,1349,76.7235
第15任總統副總統,在新北市各投開票所,新北市,　三重區,民生里,0582,47,284,583,914,11,925,0,925,285,1210,76.4463
第15任總統副總統,在新北市各投開票所,新北市,　三重區,重新里,0583,40,276,643,959,10,969,0,969,300,1269,76.3593
第15任總統副總統,在新北市各投開票所,新北市,　三重區,正德里,0584,29,271,476,776,8,784,0,784,240,1024,76.5625
第15任總統副總統,在新北市各投開票所,新北市,　三重區,正義里,0585,54,426,747,1227,15,1242,0,1242,343,1585,78.3596
第15任總統副總統,在新北市各投開票所,新北市,　三重區,正安里,0586,75,452,811,1338,10,1348,0,1348,400,1748,77.1167
第15任總統副總統,在新北市各投開票所,新北市,　三重區,自強里,0587,42,355,805,1202,23,1225,0,1225,377,1602,76.4669
第15任總統副總統,在新北市各投開票所,新北市,　三重區,文化里,0588,42,243,533,818,7,825,0,825,240,1065,77.4648
第15任總統副總統,在新北市各投開票所,新北市,　三重區,文化里,0589,41,251,458,750,2,752,0,752,227,979,76.8131
第15任總統副總統,在新北市各投開票所,新北市,　三重區,中央里,0590,55,384,742,1181,16,1197,0,1197,403,1600,74.8125
第15任總統副總統,在新北市各投開票所,新北市,　三重區,雙園里,0591,26,245,382,653,11,664,0,664,191,855,77.6608
第15任總統副總統,在新北市各投開票所,新北市,　三重區,錦通里,0592,55,354,627,1036,11,1047,0,1047,311,1358,77.0987
第15任總統副總統,在新北市各投開票所,新北市,　三重區,錦安里,0593,36,268,470,774,13,787,0,787,216,1003,78.4646
第15任總統副總統,在新北市各投開票所,新北市,　三重區,錦安里,0594,19,168,292,479,5,484,0,484,185,669,72.3468
第15任總統副總統,在新北市各投開票所,新北市,　三重區,長安里,0595,27,215,423,665,6,671,0,671,280,951,70.5573
第15任總統副總統,在新北市各投開票所,新北市,　三重區,長安里,0596,27,269,487,783,14,797,0,797,216,1013,78.6772
第15任總統副總統,在新北市各投開票所,新北市,　三重區,光華里,0597,51,451,878,1380,12,1392,0,1392,499,1891,73.6118
第15任總統副總統,在新北市各投開票所,新北市,　三重區,長生里,0598,29,156,397,582,10,592,0,592,212,804,73.6318
第15任總統副總統,在新北市各投開票所,新北市,　三重區,開元里,0599,57,347,635,1039,15,1054,0,1054,308,1362,77.3862
第15任總統副總統,在新北市各投開票所,新北市,　三重區,大德里,0600,32,202,379,613,5,618,0,618,146,764,80.8901
第15任總統副總統,在新北市各投開票所,新北市,　三重區,長元里,0601,29,232,529,790,13,803,0,803,269,1072,74.9067
第15任總統副總統,在新北市各投開票所,新北市,　三重區,長元里,0602,49,308,487,844,11,855,0,855,282,1137,75.1979
第15任總統副總統,在新北市各投開票所,新北市,　三重區,長江里,0603,30,193,443,666,13,679,0,679,213,892,76.1211
第15任總統副總統,在新北市各投開票所,新北市,　三重區,長江里,0604,25,251,442,718,9,727,0,727,227,954,76.2055
第15任總統副總統,在新北市各投開票所,新北市,　三重區,長泰里,0605,31,258,531,820,8,828,0,828,275,1103,75.0680
第15任總統副總統,在新北市各投開票所,新北市,　三重區,長泰里,0606,33,220,420,673,12,685,0,685,210,895,76.5363
第15任總統副總統,在新北市各投開票所,新北市,　三重區,長福里,0607,57,333,664,1054,9,1063,0,1063,326,1389,76.5299
第15任總統副總統,在新北市各投開票所,新北市,　三重區,介壽里,0608,38,290,462,790,12,802,0,802,248,1050,76.3810
第15任總統副總統,在新北市各投開票所,新北市,　三重區,萬壽里,0609,24,216,392,632,8,640,0,640,209,849,75.3828
第15任總統副總統,在新北市各投開票所,新北市,　三重區,萬壽里,0610,36,278,431,745,12,757,0,757,165,922,82.1041
第15任總統副總統,在新北市各投開票所,新北市,　三重區,錦江里,0611,35,260,485,780,8,788,0,788,275,1063,74.1298
第15任總統副總統,在新北市各投開票所,新北市,　三重區,錦江里,0612,40,233,467,740,10,750,0,750,281,1031,72.7449
第15任總統副總統,在新北市各投開票所,新北市,　三重區,龍濱里,0613,51,349,649,1049,10,1059,0,1059,318,1377,76.9063
第15任總統副總統,在新北市各投開票所,新北市,　三重區,龍濱里,0614,54,379,728,1161,9,1170,0,1170,345,1515,77.2277
第15任總統副總統,在新北市各投開票所,新北市,　三重區,龍門里,0615,58,400,753,1211,16,1227,0,1227,432,1659,73.9602
第15任總統副總統,在新北市各投開票所,新北市,　三重區,秀江里,0616,46,287,529,862,17,879,0,879,289,1168,75.2568
第15任總統副總統,在新北市各投開票所,新北市,　三重區,奕壽里,0617,48,364,749,1161,17,1178,0,1178,371,1549,76.0491
第15任總統副總統,在新北市各投開票所,新北市,　三重區,三安里,0618,37,288,509,834,11,845,0,845,291,1136,74.3838
第15任總統副總統,在新北市各投開票所,新北市,　三重區,三安里,0619,46,299,594,939,8,947,0,947,299,1246,76.0032
第15任總統副總統,在新北市各投開票所,新北市,　三重區,福安里,0620,48,290,654,992,7,999,0,999,299,1298,76.9646
第15任總統副總統,在新北市各投開票所,新北市,　三重區,福安里,0621,48,315,666,1029,7,1036,0,1036,307,1343,77.1407
第15任總統副總統,在新北市各投開票所,新北市,　三重區,信安里,0622,54,448,806,1308,18,1326,0,1326,460,1786,74.2441
第15任總統副總統,在新北市各投開票所,新北市,　三重區,安慶里,0623,30,221,459,710,5,715,0,715,193,908,78.7445
第15任總統副總統,在新北市各投開票所,新北市,　三重區,安慶里,0624,22,191,495,708,6,714,1,715,226,941,75.8767
第15任總統副總統,在新北市各投開票所,新北市,　三重區,幸福里,0625,56,350,678,1084,6,1090,0,1090,377,1467,74.3013
第15任總統副總統,在新北市各投開票所,新北市,　三重區,幸福里,0626,33,318,689,1040,11,1051,0,1051,346,1397,75.2326
第15任總統副總統,在新北市各投開票所,新北市,　三重區,幸福里,0627,40,297,600,937,13,950,0,950,270,1220,77.8689
第15任總統副總統,在新北市各投開票所,新北市,　三重區,六合里,0628,60,401,753,1214,8,1222,0,1222,350,1572,77.7354
第15任總統副總統,在新北市各投開票所,新北市,　三重區,六合里,0629,59,416,837,1312,14,1326,0,1326,403,1729,76.6917
第15任總統副總統,在新北市各投開票所,新北市,　三重區,六福里,0630,25,240,690,955,20,975,0,975,273,1248,78.1250
第15任總統副總統,在新北市各投開票所,新北市,　三重區,六福里,0631,38,275,586,899,9,908,0,908,217,1125,80.7111
第15任總統副總統,在新北市各投開票所,新北市,　三重區,六福里,0632,38,269,588,895,13,908,0,908,243,1151,78.8879
第15任總統副總統,在新北市各投開票所,新北市,　三重區,六福里,0633,54,254,665,973,8,981,0,981,293,1274,77.0016
第15任總統副總統,在新北市各投開票所,新北市,　三重區,順德里,0634,34,262,499,795,14,809,0,809,269,1078,75.0464
第15任總統副總統,在新北市各投開票所,新北市,　三重區,順德里,0635,30,228,412,670,11,681,0,681,224,905,75.2486
第15任總統副總統,在新北市各投開票所,新北市,　三重區,承德里,0636,41,408,750,1199,21,1220,0,1220,377,1597,76.3932
第15任總統副總統,在新北市各投開票所,新北市,　三重區,瑞德里,0637,35,230,511,776,7,783,0,783,238,1021,76.6895
第15任總統副總統,在新北市各投開票所,新北市,　三重區,瑞德里,0638,30,271,596,897,6,903,0,903,193,1096,82.3905
第15任總統副總統,在新北市各投開票所,新北市,　三重區,崇德里,0639,32,301,582,915,16,931,0,931,274,1205,77.2614
第15任總統副總統,在新北市各投開票所,新北市,　三重區,崇德里,0640,32,237,485,754,6,760,0,760,233,993,76.5358
第15任總統副總統,在新北市各投開票所,新北市,　三重區,崇德里,0641,26,275,650,951,16,967,0,967,331,1298,74.4992
第15任總統副總統,在新北市各投開票所,新北市,　三重區,厚德里,0642,54,377,771,1202,12,1214,0,1214,333,1547,78.4745
第15任總統副總統,在新北市各投開票所,新北市,　三重區,厚德里,0643,70,381,734,1185,14,1199,0,1199,328,1527,78.5200
第15任總統副總統,在新北市各投開票所,新北市,　三重區,維德里,0644,43,271,728,1042,8,1050,0,1050,234,1284,81.7757
第15任總統副總統,在新北市各投開票所,新北市,　三重區,維德里,0645,39,298,564,901,7,908,0,908,285,1193,76.1106
第15任總統副總統,在新北市各投開票所,新北市,　三重區,尚德里,0646,55,390,784,1229,13,1242,0,1242,358,1600,77.6250
第15任總統副總統,在新北市各投開票所,新北市,　三重區,尚德里,0647,43,273,500,816,12,828,0,828,263,1091,75.8937
第15任總統副總統,在新北市各投開票所,新北市,　三重區,培德里,0648,46,378,795,1219,10,1229,0,1229,341,1570,78.2803
第15任總統副總統,在新北市各投開票所,新北市,　三重區,培德里,0649,57,387,830,1274,11,1285,0,1285,362,1647,78.0206
第15任總統副總統,在新北市各投開票所,新北市,　三重區,立德里,0650,52,340,658,1050,13,1063,0,1063,248,1311,81.0831
第15任總統副總統,在新北市各投開票所,新北市,　三重區,立德里,0651,49,401,860,1310,12,1322,0,1322,355,1677,78.8312
第15任總統副總統,在新北市各投開票所,新北市,　三重區,永德里,0652,37,402,705,1144,13,1157,0,1157,352,1509,76.6733
第15任總統副總統,在新北市各投開票所,新北市,　三重區,永德里,0653,45,246,683,974,11,985,0,985,299,1284,76.7134
第15任總統副總統,在新北市各投開票所,新北市,　三重區,永德里,0654,59,316,744,1119,18,1137,0,1137,348,1485,76.5657
第15任總統副總統,在新北市各投開票所,新北市,　三重區,永煇里,0655,40,256,585,881,9,890,0,890,256,1146,77.6614
第15任總統副總統,在新北市各投開票所,新北市,　三重區,永煇里,0656,43,183,604,830,10,840,0,840,268,1108,75.8123
第15任總統副總統,在新北市各投開票所,新北市,　三重區,永發里,0657,62,405,875,1342,17,1359,0,1359,347,1706,79.6600
第15任總統副總統,在新北市各投開票所,新北市,　三重區,永發里,0658,49,308,792,1149,15,1164,0,1164,333,1497,77.7555
第15任總統副總統,在新北市各投開票所,新北市,　三重區,永發里,0659,49,392,970,1411,14,1425,0,1425,363,1788,79.6980
第15任總統副總統,在新北市各投開票所,新北市,　三重區,永盛里,0660,46,313,653,1012,13,1025,0,1025,335,1360,75.3676
第15任總統副總統,在新北市各投開票所,新北市,　三重區,永盛里,0661,52,326,729,1107,9,1116,0,1116,340,1456,76.6484
第15任總統副總統,在新北市各投開票所,新北市,　三重區,永吉里,0662,35,361,619,1015,12,1027,0,1027,291,1318,77.9211
第15任總統副總統,在新北市各投開票所,新北市,　三重區,永吉里,0663,34,265,579,878,13,891,0,891,305,1196,74.4983
第15任總統副總統,在新北市各投開票所,新北市,　三重區,永安里,0664,68,440,893,1401,12,1413,0,1413,444,1857,76.0905
第15任總統副總統,在新北市各投開票所,新北市,　三重區,永安里,0665,53,367,810,1230,15,1245,0,1245,326,1571,79.2489
第15任總統副總統,在新北市各投開票所,新北市,　三重區,永豐里,0666,40,327,775,1142,8,1150,0,1150,432,1582,72.6928
第15任總統副總統,在新北市各投開票所,新北市,　三重區,永豐里,0667,72,359,851,1282,15,1297,0,1297,369,1666,77.8511
第15任總統副總統,在新北市各投開票所,新北市,　三重區,永豐里,0668,59,373,877,1309,9,1318,0,1318,374,1692,77.8960
第15任總統副總統,在新北市各投開票所,新北市,　三重區,溪美里,0669,45,316,780,1141,16,1157,0,1157,293,1450,79.7931
第15任總統副總統,在新北市各投開票所,新北市,　三重區,溪美里,0670,47,391,697,1135,8,1143,0,1143,350,1493,76.5573
第15任總統副總統,在新北市各投開票所,新北市,　三重區,溪美里,0671,65,417,806,1288,13,1301,0,1301,389,1690,76.9822
第15任總統副總統,在新北市各投開票所,新北市,　三重區,溪美里,0672,50,360,756,1166,21,1187,0,1187,341,1528,77.6832
第15任總統副總統,在新北市各投開票所,新北市,　三重區,溪美里,0673,41,282,575,898,6,904,0,904,226,1130,80.0000
第15任總統副總統,在新北市各投開票所,新北市,　三重區,福隆里,0674,38,316,634,988,14,1002,0,1002,342,1344,74.5536
第15任總統副總統,在新北市各投開票所,新北市,　三重區,福隆里,0675,62,309,574,945,9,954,0,954,310,1264,75.4747
第15任總統副總統,在新北市各投開票所,新北市,　三重區,福隆里,0676,52,280,608,940,6,946,0,946,325,1271,74.4296
第15任總統副總統,在新北市各投開票所,新北市,　三重區,五常里,0677,41,263,540,844,11,855,0,855,245,1100,77.7273
第15任總統副總統,在新北市各投開票所,新北市,　三重區,五常里,0678,46,262,618,926,7,933,0,933,298,1231,75.7920
第15任總統副總統,在新北市各投開票所,新北市,　三重區,五常里,0679,41,287,616,944,13,957,0,957,319,1276,75.0000
第15任總統副總統,在新北市各投開票所,新北市,　三重區,仁忠里,0680,50,373,644,1067,7,1074,0,1074,412,1486,72.2746
第15任總統副總統,在新北市各投開票所,新北市,　三重區,仁忠里,0681,44,312,593,949,18,967,0,967,331,1298,74.4992
第15任總統副總統,在新北市各投開票所,新北市,　三重區,福樂里,0682,47,326,766,1139,9,1148,0,1148,400,1548,74.1602
第15任總統副總統,在新北市各投開票所,新北市,　三重區,福樂里,0683,66,402,785,1253,16,1269,0,1269,389,1658,76.5380
第15任總統副總統,在新北市各投開票所,新北市,　三重區,五順里,0684,40,395,681,1116,4,1120,0,1120,383,1503,74.5176
第15任總統副總統,在新北市各投開票所,新北市,　三重區,五順里,0685,21,175,445,641,4,645,0,645,203,848,76.0613
第15任總統副總統,在新北市各投開票所,新北市,　三重區,五順里,0686,33,255,542,830,7,837,0,837,280,1117,74.9329
第15任總統副總統,在新北市各投開票所,新北市,　中和區,中原里,1474,55,432,740,1227,22,1249,0,1249,388,1637,76.2981
第15任總統副總統,在新北市各投開票所,新北市,　中和區,中原里,1475,59,661,851,1571,13,1584,0,1584,500,2084,76.0077
第15任總統副總統,在新北市各投開票所,新北市,　中和區,中原里,1476,69,545,698,1312,15,1327,0,1327,468,1795,73.9276
第15任總統副總統,在新北市各投開票所,新北市,　中和區,連和里,1477,29,387,361,777,8,785,0,785,205,990,79.2929
第15任總統副總統,在新北市各投開票所,新北市,　中和區,連和里,1478,37,535,294,866,14,880,0,880,283,1163,75.6664
第15任總統副總統,在新北市各投開票所,新北市,　中和區,連城里,1479,60,657,716,1433,14,1447,0,1447,374,1821,79.4618
第15任總統副總統,在新北市各投開票所,新北市,　中和區,連城里,1480,34,571,250,855,8,863,0,863,189,1052,82.0342
第15任總統副總統,在新北市各投開票所,新北市,　中和區,連城里,1481,46,440,638,1124,15,1139,0,1139,342,1481,76.9075
第15任總統副總統,在新北市各投開票所,新北市,　中和區,連城里,1482,43,473,437,953,9,962,0,962,296,1258,76.4706
第15任總統副總統,在新北市各投開票所,新北市,　中和區,力行里,1483,83,653,706,1442,21,1463,0,1463,396,1859,78.6982
第15任總統副總統,在新北市各投開票所,新北市,　中和區,力行里,1484,65,509,675,1249,7,1256,0,1256,328,1584,79.2929
第15任總統副總統,在新北市各投開票所,新北市,　中和區,力行里,1485,59,549,700,1308,18,1326,0,1326,380,1706,77.7257
第15任總統副總統,在新北市各投開票所,新北市,　中和區,正行里,1486,66,367,526,959,6,965,0,965,252,1217,79.2933
第15任總統副總統,在新北市各投開票所,新北市,　中和區,正行里,1487,53,494,459,1006,9,1015,0,1015,309,1324,76.6616
第15任總統副總統,在新北市各投開票所,新北市,　中和區,德行里,1488,89,692,729,1510,21,1531,0,1531,414,1945,78.7147
第15任總統副總統,在新北市各投開票所,新北市,　中和區,德行里,1489,64,599,673,1336,13,1349,0,1349,398,1747,77.2181
第15任總統副總統,在新北市各投開票所,新北市,　中和區,德行里,1490,84,615,818,1517,20,1537,0,1537,409,1946,78.9825
第15任總統副總統,在新北市各投開票所,新北市,　中和區,枋寮里,1491,72,545,684,1301,9,1310,0,1310,419,1729,75.7663
第15任總統副總統,在新北市各投開票所,新北市,　中和區,枋寮里,1492,52,505,626,1183,17,1200,0,1200,357,1557,77.0713
第15任總統副總統,在新北市各投開票所,新北市,　中和區,漳和里,1493,68,565,763,1396,19,1415,0,1415,379,1794,78.8740
第15任總統副總統,在新北市各投開票所,新北市,　中和區,漳和里,1494,62,472,575,1109,6,1115,0,1115,333,1448,77.0028
第15任總統副總統,在新北市各投開票所,新北市,　中和區,廟美里,1495,37,365,565,967,12,979,0,979,298,1277,76.6641
第15任總統副總統,在新北市各投開票所,新北市,　中和區,廟美里,1496,41,417,466,924,20,944,0,944,277,1221,77.3137
第15任總統副總統,在新北市各投開票所,新北市,　中和區,廟美里,1497,39,447,577,1063,5,1068,0,1068,315,1383,77.2234
第15任總統副總統,在新北市各投開票所,新北市,　中和區,福真里,1498,73,626,701,1400,22,1422,0,1422,426,1848,76.9481
第15任總統副總統,在新北市各投開票所,新北市,　中和區,福真里,1499,56,497,794,1347,13,1360,0,1360,421,1781,76.3616
第15任總統副總統,在新北市各投開票所,新北市,　中和區,福善里,1500,30,401,421,852,10,862,0,862,275,1137,75.8135
第15任總統副總統,在新北市各投開票所,新北市,　中和區,福善里,1501,42,424,577,1043,8,1051,0,1051,333,1384,75.9393
第15任總統副總統,在新北市各投開票所,新北市,　中和區,福善里,1502,45,431,557,1033,16,1049,0,1049,303,1352,77.5888
第15任總統副總統,在新北市各投開票所,新北市,　中和區,福美里,1503,44,586,483,1113,15,1128,0,1128,291,1419,79.4926
第15任總統副總統,在新北市各投開票所,新北市,　中和區,福美里,1504,44,390,561,995,12,1007,0,1007,244,1251,80.4956
第15任總統副總統,在新北市各投開票所,新北市,　中和區,福美里,1505,39,337,577,953,13,966,0,966,272,1238,78.0291
第15任總統副總統,在新北市各投開票所,新北市,　中和區,福祥里,1506,41,435,595,1071,16,1087,0,1087,311,1398,77.7539
第15任總統副總統,在新北市各投開票所,新北市,　中和區,福祥里,1507,51,435,488,974,13,987,0,987,230,1217,81.1011
第15任總統副總統,在新北市各投開票所,新北市,　中和區,福祥里,1508,63,532,797,1392,25,1417,0,1417,410,1827,77.5588
第15任總統副總統,在新北市各投開票所,新北市,　中和區,瓦磘里,1509,59,501,709,1269,15,1284,0,1284,505,1789,71.7719
第15任總統副總統,在新北市各投開票所,新北市,　中和區,瓦磘里,1510,50,598,599,1247,18,1265,0,1265,370,1635,77.3700
第15任總統副總統,在新北市各投開票所,新北市,　中和區,瓦磘里,1511,38,440,622,1100,13,1113,0,1113,347,1460,76.2329
第15任總統副總統,在新北市各投開票所,新北市,　中和區,福和里,1512,31,299,396,726,6,732,0,732,225,957,76.4890
第15任總統副總統,在新北市各投開票所,新北市,　中和區,福和里,1513,41,348,496,885,13,898,0,898,247,1145,78.4279
第15任總統副總統,在新北市各投開票所,新北市,　中和區,福和里,1514,41,387,430,858,7,865,0,865,270,1135,76.2115
第15任總統副總統,在新北市各投開票所,新北市,　中和區,佳和里,1515,55,590,627,1272,19,1291,0,1291,438,1729,74.6674
第15任總統副總統,在新北市各投開票所,新北市,　中和區,佳和里,1516,54,477,647,1178,25,1203,0,1203,320,1523,78.9888
第15任總統副總統,在新北市各投開票所,新北市,　中和區,佳和里,1517,40,360,429,829,9,838,0,838,244,1082,77.4492
第15任總統副總統,在新北市各投開票所,新北市,　中和區,新南里,1518,56,635,610,1301,15,1316,0,1316,424,1740,75.6322
第15任總統副總統,在新北市各投開票所,新北市,　中和區,新南里,1519,54,672,697,1423,17,1440,0,1440,402,1842,78.1759
第15任總統副總統,在新北市各投開票所,新北市,　中和區,新南里,1520,78,610,566,1254,23,1277,0,1277,343,1620,78.8272
第15任總統副總統,在新北市各投開票所,新北市,　中和區,新南里,1521,63,665,616,1344,14,1358,0,1358,391,1749,77.6444
第15任總統副總統,在新北市各投開票所,新北市,　中和區,南山里,1522,36,502,532,1070,37,1107,0,1107,286,1393,79.4688
第15任總統副總統,在新北市各投開票所,新北市,　中和區,南山里,1523,46,423,498,967,11,978,0,978,310,1288,75.9317
第15任總統副總統,在新北市各投開票所,新北市,　中和區,南山里,1524,65,682,635,1382,17,1399,0,1399,363,1762,79.3984
第15任總統副總統,在新北市各投開票所,新北市,　中和區,平河里,1525,55,464,737,1256,12,1268,0,1268,450,1718,73.8068
第15任總統副總統,在新北市各投開票所,新北市,　中和區,平河里,1526,69,495,758,1322,16,1338,0,1338,409,1747,76.5884
第15任總統副總統,在新北市各投開票所,新北市,　中和區,平河里,1527,38,413,484,935,7,942,0,942,314,1256,75.0000
第15任總統副總統,在新北市各投開票所,新北市,　中和區,平河里,1528,78,643,676,1397,23,1420,0,1420,349,1769,80.2713
第15任總統副總統,在新北市各投開票所,新北市,　中和區,平河里,1529,67,447,474,988,18,1006,0,1006,239,1245,80.8032
第15任總統副總統,在新北市各投開票所,新北市,　中和區,信和里,1530,34,308,522,864,12,876,0,876,275,1151,76.1077
第15任總統副總統,在新北市各投開票所,新北市,　中和區,信和里,1531,36,369,508,913,10,923,0,923,284,1207,76.4706
第15任總統副總統,在新北市各投開票所,新北市,　中和區,信和里,1532,46,420,572,1038,10,1048,0,1048,329,1377,76.1075
第15任總統副總統,在新北市各投開票所,新北市,　中和區,仁和里,1533,43,450,491,984,14,998,0,998,342,1340,74.4776
第15任總統副總統,在新北市各投開票所,新北市,　中和區,仁和里,1534,37,302,436,775,10,785,0,785,220,1005,78.1095
第15任總統副總統,在新北市各投開票所,新北市,　中和區,仁和里,1535,43,405,549,997,9,1006,0,1006,262,1268,79.3375
第15任總統副總統,在新北市各投開票所,新北市,　中和區,中正里,1536,61,534,703,1298,21,1319,0,1319,438,1757,75.0711
第15任總統副總統,在新北市各投開票所,新北市,　中和區,中正里,1537,66,517,705,1288,15,1303,0,1303,414,1717,75.8882
第15任總統副總統,在新北市各投開票所,新北市,　中和區,建和里,1538,26,431,201,658,7,665,0,665,163,828,80.3140
第15任總統副總統,在新北市各投開票所,新北市,　中和區,建和里,1539,31,405,320,756,6,762,0,762,186,948,80.3797
第15任總統副總統,在新北市各投開票所,新北市,　中和區,建和里,1540,34,418,537,989,10,999,0,999,303,1302,76.7281
第15任總統副總統,在新北市各投開票所,新北市,　中和區,中山里,1541,28,314,444,786,9,795,0,795,215,1010,78.7129
第15任總統副總統,在新北市各投開票所,新北市,　中和區,中山里,1542,40,434,544,1018,19,1037,0,1037,302,1339,77.4459
第15任總統副總統,在新北市各投開票所,新北市,　中和區,碧河里,1543,26,317,451,794,12,806,0,806,221,1027,78.4810
第15任總統副總統,在新北市各投開票所,新北市,　中和區,碧河里,1544,36,355,555,946,13,959,0,959,234,1193,80.3856
第15任總統副總統,在新北市各投開票所,新北市,　中和區,碧河里,1545,59,597,580,1236,13,1249,0,1249,359,1608,77.6741
第15任總統副總統,在新北市各投開票所,新北市,　中和區,正南里,1546,32,467,314,813,15,828,0,828,302,1130,73.2743
第15任總統副總統,在新北市各投開票所,新北市,　中和區,正南里,1547,25,354,306,685,12,697,0,697,233,930,74.9462
第15任總統副總統,在新北市各投開票所,新北市,　中和區,正南里,1548,30,414,284,728,16,744,0,744,294,1038,71.6763
第15任總統副總統,在新北市各投開票所,新北市,　中和區,頂南里,1549,42,536,393,971,10,981,0,981,282,1263,77.6722
第15任總統副總統,在新北市各投開票所,新北市,　中和區,頂南里,1550,51,576,444,1071,17,1088,0,1088,304,1392,78.1609
第15任總統副總統,在新北市各投開票所,新北市,　中和區,華新里,1551,53,525,333,911,9,920,0,920,299,1219,75.4717
第15任總統副總統,在新北市各投開票所,新北市,　中和區,華新里,1552,61,691,554,1306,16,1322,0,1322,391,1713,77.1745
第15任總統副總統,在新北市各投開票所,新北市,　中和區,華新里,1553,55,625,473,1153,16,1169,0,1169,419,1588,73.6146
第15任總統副總統,在新北市各投開票所,新北市,　中和區,華新里,1554,52,639,569,1260,12,1272,0,1272,444,1716,74.1259
第15任總統副總統,在新北市各投開票所,新北市,　中和區,東南里,1555,31,635,211,877,8,885,0,885,274,1159,76.3589
第15任總統副總統,在新北市各投開票所,新北市,　中和區,東南里,1556,24,489,343,856,12,868,0,868,271,1139,76.2072
第15任總統副總統,在新北市各投開票所,新北市,　中和區,東南里,1557,63,750,366,1179,17,1196,0,1196,349,1545,77.4110
第15任總統副總統,在新北市各投開票所,新北市,　中和區,華南里,1558,43,607,487,1137,19,1156,0,1156,395,1551,74.5326
第15任總統副總統,在新北市各投開票所,新北市,　中和區,華南里,1559,61,613,464,1138,17,1155,0,1155,322,1477,78.1991
第15任總統副總統,在新北市各投開票所,新北市,　中和區,華南里,1560,43,541,429,1013,9,1022,0,1022,352,1374,74.3814
第15任總統副總統,在新北市各投開票所,新北市,　中和區,忠孝里,1561,27,322,238,587,6,593,0,593,229,822,72.1411
第15任總統副總統,在新北市各投開票所,新北市,　中和區,忠孝里,1562,26,336,261,623,5,628,0,628,148,776,80.9278
第15任總統副總統,在新北市各投開票所,新北市,　中和區,忠孝里,1563,43,563,414,1020,13,1033,0,1033,334,1367,75.5669
第15任總統副總統,在新北市各投開票所,新北市,　中和區,忠孝里,1564,32,479,372,883,16,899,0,899,340,1239,72.5585
第15任總統副總統,在新北市各投開票所,新北市,　中和區,崇南里,1565,56,541,457,1054,15,1069,0,1069,280,1349,79.2439
第15任總統副總統,在新北市各投開票所,新北市,　中和區,崇南里,1566,51,553,405,1009,20,1029,0,1029,283,1312,78.4299
第15任總統副總統,在新北市各投開票所,新北市,　中和區,崇南里,1567,28,500,358,886,8,894,0,894,247,1141,78.3523
第15任總統副總統,在新北市各投開票所,新北市,　中和區,興南里,1568,38,494,525,1057,11,1068,0,1068,356,1424,75.0000
第15任總統副總統,在新北市各投開票所,新北市,　中和區,興南里,1569,39,562,399,1000,11,1011,1,1012,342,1354,74.6677
第15任總統副總統,在新北市各投開票所,新北市,　中和區,景南里,1570,37,498,448,983,7,990,0,990,319,1309,75.6303
第15任總統副總統,在新北市各投開票所,新北市,　中和區,景南里,1571,42,543,528,1113,14,1127,0,1127,359,1486,75.8412
第15任總統副總統,在新北市各投開票所,新北市,　中和區,景本里,1572,24,293,364,681,5,686,1,687,186,873,78.5796
第15任總統副總統,在新北市各投開票所,新北市,　中和區,景本里,1573,39,382,382,803,16,819,0,819,226,1045,78.3732
第15任總統副總統,在新北市各投開票所,新北市,　中和區,橫路里,1574,14,84,145,243,4,247,0,247,67,314,78.6624
第15任總統副總統,在新北市各投開票所,新北市,　中和區,內南里,1575,39,512,484,1035,10,1045,0,1045,355,1400,74.6429
第15任總統副總統,在新北市各投開票所,新北市,　中和區,內南里,1576,42,546,508,1096,14,1110,0,1110,338,1448,76.6575
第15任總統副總統,在新北市各投開票所,新北市,　中和區,內南里,1577,59,537,540,1136,18,1154,0,1154,403,1557,74.1169
第15任總統副總統,在新北市各投開票所,新北市,　中和區,壽南里,1578,39,492,486,1017,10,1027,0,1027,280,1307,78.5769
第15任總統副總統,在新北市各投開票所,新北市,　中和區,壽南里,1579,22,242,290,554,6,560,0,560,205,765,73.2026
第15任總統副總統,在新北市各投開票所,新北市,　中和區,福南里,1580,43,537,444,1024,12,1036,0,1036,335,1371,75.5653
第15任總統副總統,在新北市各投開票所,新北市,　中和區,福南里,1581,37,534,422,993,13,1006,0,1006,370,1376,73.1105
第15任總統副總統,在新北市各投開票所,新北市,　中和區,福南里,1582,34,401,314,749,7,756,0,756,205,961,78.6681
第15任總統副總統,在新北市各投開票所,新北市,　中和區,外南里,1583,62,603,641,1306,15,1321,0,1321,3216,4537,29.1162
第15任總統副總統,在新北市各投開票所,新北市,　中和區,外南里,1584,50,420,429,899,7,906,0,906,249,1155,78.4416
第15任總統副總統,在新北市各投開票所,新北市,　中和區,外南里,1585,35,399,399,833,11,844,0,844,247,1091,77.3602
第15任總統副總統,在新北市各投開票所,新北市,　中和區,中興里,1586,51,538,524,1113,9,1122,0,1122,355,1477,75.9648
第15任總統副總統,在新北市各投開票所,新北市,　中和區,中興里,1587,57,543,536,1136,16,1152,0,1152,326,1478,77.9432
第15任總統副總統,在新北市各投開票所,新北市,　中和區,中興里,1588,48,470,574,1092,17,1109,0,1109,336,1445,76.7474
第15任總統副總統,在新北市各投開票所,新北市,　中和區,中興里,1589,61,512,544,1117,8,1125,0,1125,281,1406,80.0142
第15任總統副總統,在新北市各投開票所,新北市,　中和區,吉興里,1590,56,515,452,1023,12,1035,0,1035,296,1331,77.7611
第15任總統副總統,在新北市各投開票所,新北市,　中和區,吉興里,1591,36,435,448,919,13,932,0,932,323,1255,74.2629
第15任總統副總統,在新北市各投開票所,新北市,　中和區,復興里,1592,50,675,479,1204,19,1223,0,1223,361,1584,77.2096
第15任總統副總統,在新北市各投開票所,新北市,　中和區,復興里,1593,58,464,606,1128,17,1145,0,1145,343,1488,76.9489
第15任總統副總統,在新北市各投開票所,新北市,　中和區,復興里,1594,41,494,514,1049,11,1060,0,1060,274,1334,79.4603
第15任總統副總統,在新北市各投開票所,新北市,　中和區,和興里,1595,30,402,380,812,14,826,0,826,216,1042,79.2706
第15任總統副總統,在新北市各投開票所,新北市,　中和區,和興里,1596,40,537,643,1220,18,1238,0,1238,390,1628,76.0442
第15任總統副總統,在新北市各投開票所,新北市,　中和區,和興里,1597,46,477,373,896,10,906,0,906,260,1166,77.7015
第15任總統副總統,在新北市各投開票所,新北市,　中和區,景平里,1598,37,477,378,892,14,906,0,906,272,1178,76.9100
第15任總統副總統,在新北市各投開票所,新北市,　中和區,景平里,1599,82,662,583,1327,20,1347,0,1347,431,1778,75.7593
第15任總統副總統,在新北市各投開票所,新北市,　中和區,景平里,1600,33,369,330,732,8,740,0,740,197,937,78.9755
第15任總統副總統,在新北市各投開票所,新北市,　中和區,景平里,1601,27,329,328,684,13,697,0,697,244,941,74.0701
第15任總統副總統,在新北市各投開票所,新北市,　中和區,景新里,1602,68,585,588,1241,15,1256,0,1256,360,1616,77.7228
第15任總統副總統,在新北市各投開票所,新北市,　中和區,景新里,1603,66,579,541,1186,16,1202,0,1202,344,1546,77.7490
第15任總統副總統,在新北市各投開票所,新北市,　中和區,景福里,1604,56,725,583,1364,16,1380,0,1380,474,1854,74.4337
第15任總統副總統,在新北市各投開票所,新北市,　中和區,景福里,1605,56,542,532,1130,19,1149,0,1149,375,1524,75.3937
第15任總統副總統,在新北市各投開票所,新北市,　中和區,景福里,1606,57,636,615,1308,16,1324,0,1324,358,1682,78.7158
第15任總統副總統,在新北市各投開票所,新北市,　中和區,景安里,1607,24,293,290,607,8,615,0,615,150,765,80.3922
第15任總統副總統,在新北市各投開票所,新北市,　中和區,景安里,1608,37,536,350,923,23,946,0,946,254,1200,78.8333
第15任總統副總統,在新北市各投開票所,新北市,　中和區,景安里,1609,54,436,501,991,14,1005,0,1005,282,1287,78.0886
第15任總統副總統,在新北市各投開票所,新北市,　中和區,景安里,1610,39,359,363,761,9,770,0,770,185,955,80.6283
第15任總統副總統,在新北市各投開票所,新北市,　中和區,景文里,1611,84,706,709,1499,18,1517,0,1517,371,1888,80.3496
第15任總統副總統,在新北市各投開票所,新北市,　中和區,景文里,1612,66,456,483,1005,9,1014,0,1014,340,1354,74.8892
第15任總統副總統,在新北市各投開票所,新北市,　中和區,錦和里,1613,64,513,673,1250,12,1262,0,1262,310,1572,80.2799
第15任總統副總統,在新北市各投開票所,新北市,　中和區,錦和里,1614,44,504,535,1083,9,1092,0,1092,347,1439,75.8860
第15任總統副總統,在新北市各投開票所,新北市,　中和區,錦和里,1615,42,495,722,1259,12,1271,0,1271,373,1644,77.3114
第15任總統副總統,在新北市各投開票所,新北市,　中和區,錦昌里,1616,55,711,681,1447,17,1464,0,1464,449,1913,76.5290
第15任總統副總統,在新北市各投開票所,新北市,　中和區,灰磘里,1617,29,152,292,473,7,480,0,480,199,679,70.6922
第15任總統副總統,在新北市各投開票所,新北市,　中和區,積穗里,1618,52,380,725,1157,18,1175,0,1175,348,1523,77.1504
第15任總統副總統,在新北市各投開票所,新北市,　中和區,積穗里,1619,47,364,446,857,5,862,0,862,275,1137,75.8135
第15任總統副總統,在新北市各投開票所,新北市,　中和區,積穗里,1620,53,424,443,920,10,930,0,930,243,1173,79.2839
第15任總統副總統,在新北市各投開票所,新北市,　中和區,積穗里,1621,55,368,374,797,8,805,0,805,206,1011,79.6241
第15任總統副總統,在新北市各投開票所,新北市,　中和區,積穗里,1622,28,198,253,479,1,480,0,480,115,595,80.6723
第15任總統副總統,在新北市各投開票所,新北市,　中和區,積穗里,1623,55,522,720,1297,11,1308,0,1308,321,1629,80.2947
第15任總統副總統,在新北市各投開票所,新北市,　中和區,民享里,1624,30,297,530,857,13,870,0,870,188,1058,82.2306
第15任總統副總統,在新北市各投開票所,新北市,　中和區,民享里,1625,26,298,595,919,14,933,0,933,198,1131,82.4934
第15任總統副總統,在新北市各投開票所,新北市,　中和區,員山里,1626,51,378,619,1048,13,1061,0,1061,275,1336,79.4162
第15任總統副總統,在新北市各投開票所,新北市,　中和區,員山里,1627,49,448,701,1198,6,1204,0,1204,358,1562,77.0807
第15任總統副總統,在新北市各投開票所,新北市,　中和區,員山里,1628,65,449,647,1161,12,1173,0,1173,277,1450,80.8966
第15任總統副總統,在新北市各投開票所,新北市,　中和區,員山里,1629,50,400,466,916,10,926,0,926,266,1192,77.6846
第15任總統副總統,在新北市各投開票所,新北市,　中和區,嘉穗里,1630,54,472,613,1139,7,1146,0,1146,315,1461,78.4394
第15任總統副總統,在新北市各投開票所,新北市,　中和區,嘉穗里,1631,38,297,468,803,7,810,0,810,200,1010,80.1980
第15任總統副總統,在新北市各投開票所,新北市,　中和區,文元里,1632,56,429,652,1137,11,1148,0,1148,345,1493,76.8922
第15任總統副總統,在新北市各投開票所,新北市,　中和區,文元里,1633,52,376,697,1125,15,1140,0,1140,404,1544,73.8342
第15任總統副總統,在新北市各投開票所,新北市,　中和區,文元里,1634,56,487,689,1232,16,1248,0,1248,297,1545,80.7767
第15任總統副總統,在新北市各投開票所,新北市,　中和區,嘉新里,1635,51,496,706,1253,11,1264,0,1264,398,1662,76.0529
第15任總統副總統,在新北市各投開票所,新北市,　中和區,嘉新里,1636,61,496,790,1347,19,1366,0,1366,432,1798,75.9733
第15任總統副總統,在新北市各投開票所,新北市,　中和區,民安里,1637,57,378,654,1089,20,1109,0,1109,289,1398,79.3276
第15任總統副總統,在新北市各投開票所,新北市,　中和區,民安里,1638,41,434,627,1102,19,1121,0,1121,325,1446,77.5242
第15任總統副總統,在新北市各投開票所,新北市,　中和區,民安里,1639,60,414,633,1107,15,1122,0,1122,339,1461,76.7967
第15任總統副總統,在新北市各投開票所,新北市,　中和區,安穗里,1640,44,302,583,929,10,939,0,939,273,1212,77.4752
第15任總統副總統,在新北市各投開票所,新北市,　中和區,安穗里,1641,50,446,571,1067,13,1080,0,1080,360,1440,75.0000
第15任總統副總統,在新北市各投開票所,新北市,　中和區,安穗里,1642,57,318,592,967,13,980,0,980,302,1282,76.4431
第15任總統副總統,在新北市各投開票所,新北市,　中和區,瑞穗里,1643,25,306,488,819,14,833,0,833,255,1088,76.5625
第15任總統副總統,在新北市各投開票所,新北市,　中和區,瑞穗里,1644,40,383,348,771,8,779,0,779,196,975,79.8974
第15任總統副總統,在新北市各投開票所,新北市,　中和區,明穗里,1645,41,379,604,1024,9,1033,0,1033,264,1297,79.6453
第15任總統副總統,在新北市各投開票所,新北市,　中和區,明穗里,1646,55,381,588,1024,7,1031,0,1031,256,1287,80.1088
第15任總統副總統,在新北市各投開票所,新北市,　中和區,明穗里,1647,49,372,643,1064,9,1073,0,1073,291,1364,78.6657
第15任總統副總統,在新北市各投開票所,新北市,　中和區,清穗里,1648,42,370,544,956,9,965,0,965,318,1283,75.2143
第15任總統副總統,在新北市各投開票所,新北市,　中和區,清穗里,1649,46,440,660,1146,12,1158,0,1158,298,1456,79.5330
第15任總統副總統,在新北市各投開票所,新北市,　中和區,自強里,1650,40,378,583,1001,10,1011,0,1011,345,1356,74.5575
第15任總統副總統,在新北市各投開票所,新北市,　中和區,自強里,1651,72,407,793,1272,14,1286,0,1286,363,1649,77.9867
第15任總統副總統,在新北市各投開票所,新北市,　中和區,自強里,1652,44,379,587,1010,11,1021,0,1021,304,1325,77.0566
第15任總統副總統,在新北市各投開票所,新北市,　中和區,德穗里,1653,50,434,553,1037,17,1054,0,1054,324,1378,76.4877
第15任總統副總統,在新北市各投開票所,新北市,　中和區,德穗里,1654,40,399,639,1078,18,1096,0,1096,313,1409,77.7857
第15任總統副總統,在新北市各投開票所,新北市,　中和區,德穗里,1655,43,498,397,938,9,947,0,947,276,1223,77.4325
第15任總統副總統,在新北市各投開票所,新北市,　中和區,民生里,1656,70,555,736,1361,13,1374,0,1374,387,1761,78.0239
第15任總統副總統,在新北市各投開票所,新北市,　中和區,民生里,1657,59,592,828,1479,25,1504,0,1504,439,1943,77.4061
第15任總統副總統,在新北市各投開票所,新北市,　中和區,國光里,1658,50,437,668,1155,16,1171,0,1171,353,1524,76.8373
第15任總統副總統,在新北市各投開票所,新北市,　中和區,國光里,1659,73,587,795,1455,20,1475,0,1475,419,1894,77.8775
第15任總統副總統,在新北市各投開票所,新北市,　中和區,壽德里,1660,63,571,433,1067,13,1080,0,1080,287,1367,79.0051
第15任總統副總統,在新北市各投開票所,新北市,　中和區,壽德里,1661,34,393,462,889,10,899,0,899,229,1128,79.6986
第15任總統副總統,在新北市各投開票所,新北市,　中和區,壽德里,1662,46,727,297,1070,13,1083,1,1084,268,1352,80.1036
第15任總統副總統,在新北市各投開票所,新北市,　中和區,明德里,1663,38,282,471,791,10,801,0,801,255,1056,75.8523
第15任總統副總統,在新北市各投開票所,新北市,　中和區,明德里,1664,44,334,493,871,16,887,0,887,267,1154,76.8631
第15任總統副總統,在新北市各投開票所,新北市,　中和區,明德里,1665,45,356,523,924,10,934,0,934,274,1208,77.3179
第15任總統副總統,在新北市各投開票所,新北市,　中和區,錦中里,1666,39,413,528,980,6,986,0,986,353,1339,73.6370
第15任總統副總統,在新北市各投開票所,新北市,　中和區,錦中里,1667,34,311,422,767,8,775,0,775,243,1018,76.1297
第15任總統副總統,在新北市各投開票所,新北市,　中和區,錦中里,1668,45,391,554,990,8,998,0,998,297,1295,77.0656
第15任總統副總統,在新北市各投開票所,新北市,　中和區,錦盛里,1669,42,476,738,1256,25,1281,0,1281,421,1702,75.2644
第15任總統副總統,在新北市各投開票所,新北市,　中和區,錦盛里,1670,48,499,717,1264,18,1282,0,1282,375,1657,77.3687
第15任總統副總統,在新北市各投開票所,新北市,　中和區,民有里,1671,35,350,506,891,11,902,0,902,263,1165,77.4249
第15任總統副總統,在新北市各投開票所,新北市,　中和區,民有里,1672,40,405,568,1013,13,1026,0,1026,274,1300,78.9231
第15任總統副總統,在新北市各投開票所,新北市,　中和區,員富里,1673,46,375,603,1024,14,1038,0,1038,351,1389,74.7300
第15任總統副總統,在新北市各投開票所,新北市,　中和區,員富里,1674,49,436,727,1212,14,1226,0,1226,414,1640,74.7561
第15任總統副總統,在新北市各投開票所,新北市,　中和區,嘉慶里,1675,50,331,530,911,6,917,0,917,316,1233,74.3715
第15任總統副總統,在新北市各投開票所,新北市,　中和區,嘉慶里,1676,45,370,539,954,18,972,0,972,305,1277,76.1159
第15任總統副總統,在新北市各投開票所,新北市,　中和區,嘉慶里,1677,48,371,520,939,11,950,0,950,327,1277,74.3931
第15任總統副總統,在新北市各投開票所,新北市,　中和區,冠穗里,1678,64,423,768,1255,15,1270,0,1270,352,1622,78.2984
第15任總統副總統,在新北市各投開票所,新北市,　中和區,冠穗里,1679,47,460,593,1100,16,1116,0,1116,253,1369,81.5194
第15任總統副總統,在新北市各投開票所,新北市,　中和區,國華里,1680,38,332,504,874,5,879,0,879,279,1158,75.9067
第15任總統副總統,在新北市各投開票所,新北市,　中和區,國華里,1681,66,478,746,1290,16,1306,3,1309,422,1731,75.4477
第15任總統副總統,在新北市各投開票所,新北市,　中和區,宜安里,1682,63,673,548,1284,23,1307,0,1307,362,1669,78.3104
第15任總統副總統,在新北市各投開票所,新北市,　中和區,安樂里,1683,51,541,556,1148,14,1162,1,1163,295,1458,79.6982
第15任總統副總統,在新北市各投開票所,新北市,　中和區,安樂里,1684,76,745,559,1380,16,1396,0,1396,383,1779,78.4711
第15任總統副總統,在新北市各投開票所,新北市,　中和區,安和里,1685,59,443,517,1019,10,1029,0,1029,329,1358,75.7732
第15任總統副總統,在新北市各投開票所,新北市,　中和區,安和里,1686,58,577,484,1119,9,1128,6,1134,279,1413,79.8301
第15任總統副總統,在新北市各投開票所,新北市,　中和區,安順里,1687,35,445,376,856,10,866,0,866,227,1093,79.2315
第15任總統副總統,在新北市各投開票所,新北市,　中和區,安順里,1688,41,551,555,1147,21,1168,0,1168,299,1467,79.6183
第15任總統副總統,在新北市各投開票所,新北市,　中和區,安順里,1689,49,549,412,1010,12,1022,0,1022,308,1330,76.8421
第15任總統副總統,在新北市各投開票所,新北市,　中和區,安平里,1690,72,757,601,1430,16,1446,0,1446,380,1826,79.1895
第15任總統副總統,在新北市各投開票所,新北市,　中和區,安平里,1691,77,715,581,1373,10,1383,0,1383,410,1793,77.1333
第15任總統副總統,在新北市各投開票所,新北市,　中和區,安平里,1692,50,703,576,1329,15,1344,0,1344,315,1659,81.0127
第15任總統副總統,在新北市各投開票所,新北市,　中和區,中安里,1693,48,550,438,1036,8,1044,0,1044,288,1332,78.3784
第15任總統副總統,在新北市各投開票所,新北市,　中和區,中安里,1694,40,532,364,936,11,947,0,947,256,1203,78.7199
第15任總統副總統,在新北市各投開票所,新北市,　中和區,中安里,1695,56,566,451,1073,9,1082,0,1082,247,1329,81.4146
第15任總統副總統,在新北市各投開票所,新北市,　中和區,泰安里,1696,36,426,442,904,6,910,0,910,253,1163,78.2459
第15任總統副總統,在新北市各投開票所,新北市,　中和區,泰安里,1697,38,310,272,620,9,629,0,629,181,810,77.6543
第15任總統副總統,在新北市各投開票所,新北市,　中和區,泰安里,1698,37,387,451,875,12,887,0,887,274,1161,76.3997
第15任總統副總統,在新北市各投開票所,新北市,　中和區,秀山里,1699,42,452,486,980,10,990,0,990,312,1302,76.0369
第15任總統副總統,在新北市各投開票所,新北市,　中和區,秀山里,1700,36,472,470,978,11,989,0,989,305,1294,76.4297
第15任總統副總統,在新北市各投開票所,新北市,　中和區,秀山里,1701,56,536,494,1086,6,1092,0,1092,262,1354,80.6499
第15任總統副總統,在新北市各投開票所,新北市,　中和區,秀成里,1702,52,548,540,1140,20,1160,0,1160,326,1486,78.0619
第15任總統副總統,在新北市各投開票所,新北市,　中和區,秀成里,1703,55,595,576,1226,12,1238,0,1238,403,1641,75.4418
第15任總統副總統,在新北市各投開票所,新北市,　中和區,秀義里,1704,57,399,559,1015,5,1020,0,1020,302,1322,77.1558
第15任總統副總統,在新北市各投開票所,新北市,　中和區,秀義里,1705,44,384,368,796,15,811,0,811,247,1058,76.6541
第15任總統副總統,在新北市各投開票所,新北市,　中和區,秀福里,1706,50,508,586,1144,10,1154,0,1154,370,1524,75.7218
第15任總統副總統,在新北市各投開票所,新北市,　中和區,秀福里,1707,47,464,464,975,8,983,1,984,305,1289,76.2607
第15任總統副總統,在新北市各投開票所,新北市,　中和區,秀福里,1708,32,563,533,1128,12,1140,0,1140,286,1426,79.9439
第15任總統副總統,在新北市各投開票所,新北市,　中和區,秀景里,1709,65,709,505,1279,18,1297,0,1297,385,1682,77.1106
第15任總統副總統,在新北市各投開票所,新北市,　中和區,秀景里,1710,50,675,603,1328,21,1349,0,1349,507,1856,72.6832
第15任總統副總統,在新北市各投開票所,新北市,　中和區,秀景里,1711,25,333,306,664,3,667,0,667,186,853,78.1946
第15任總統副總統,在新北市各投開票所,新北市,　中和區,秀景里,1712,54,477,405,936,10,946,0,946,226,1172,80.7167
第15任總統副總統,在新北市各投開票所,新北市,　中和區,秀明里,1713,59,655,390,1104,18,1122,0,1122,331,1453,77.2195
第15任總統副總統,在新北市各投開票所,新北市,　中和區,秀明里,1714,61,646,425,1132,9,1141,0,1141,427,1568,72.7679
第15任總統副總統,在新北市各投開票所,新北市,　中和區,秀明里,1715,49,588,426,1063,15,1078,0,1078,335,1413,76.2916
第15任總統副總統,在新北市各投開票所,新北市,　中和區,秀峰里,1716,42,494,370,906,8,914,0,914,243,1157,78.9974
第15任總統副總統,在新北市各投開票所,新北市,　中和區,秀峰里,1717,51,575,563,1189,17,1206,0,1206,344,1550,77.8065
第15任總統副總統,在新北市各投開票所,新北市,　中和區,秀峰里,1718,44,574,507,1125,13,1138,0,1138,306,1444,78.8089
第15任總統副總統,在新北市各投開票所,新北市,　中和區,秀士里,1719,28,474,278,780,9,789,0,789,271,1060,74.4340
第15任總統副總統,在新北市各投開票所,新北市,　中和區,秀士里,1720,29,433,407,869,10,879,0,879,261,1140,77.1053
第15任總統副總統,在新北市各投開票所,新北市,　中和區,秀水里,1721,34,428,367,829,12,841,0,841,273,1114,75.4937
第15任總統副總統,在新北市各投開票所,新北市,　中和區,秀水里,1722,41,459,353,853,11,864,0,864,289,1153,74.9350
第15任總統副總統,在新北市各投開票所,新北市,　中和區,秀水里,1723,32,463,286,781,5,786,0,786,240,1026,76.6082
第15任總統副總統,在新北市各投開票所,新北市,　中和區,秀仁里,1724,45,542,511,1098,17,1115,0,1115,355,1470,75.8503
第15任總統副總統,在新北市各投開票所,新北市,　中和區,秀仁里,1725,45,556,526,1127,6,1133,0,1133,314,1447,78.2999
第15任總統副總統,在新北市各投開票所,新北市,　永和區,光復里,1726,51,591,492,1134,19,1153,0,1153,345,1498,76.9693
第15任總統副總統,在新北市各投開票所,新北市,　永和區,網溪里,1727,40,386,333,759,11,770,0,770,241,1011,76.1622
第15任總統副總統,在新北市各投開票所,新北市,　永和區,復興里,1728,39,397,334,770,13,783,0,783,247,1030,76.0194
第15任總統副總統,在新北市各投開票所,新北市,　永和區,復興里,1729,38,432,354,824,11,835,0,835,220,1055,79.1469
第15任總統副總統,在新北市各投開票所,新北市,　永和區,竹林里,1730,64,650,597,1311,18,1329,0,1329,377,1706,77.9015
第15任總統副總統,在新北市各投開票所,新北市,　永和區,竹林里,1731,39,615,497,1151,19,1170,0,1170,382,1552,75.3866
第15任總統副總統,在新北市各投開票所,新北市,　永和區,桂林里,1732,62,685,545,1292,18,1310,0,1310,394,1704,76.8779
第15任總統副總統,在新北市各投開票所,新北市,　永和區,桂林里,1733,64,617,474,1155,15,1170,0,1170,384,1554,75.2896
第15任總統副總統,在新北市各投開票所,新北市,　永和區,上林里,1734,54,625,459,1138,14,1152,0,1152,337,1489,77.3674
第15任總統副總統,在新北市各投開票所,新北市,　永和區,上林里,1735,49,607,458,1114,9,1123,0,1123,390,1513,74.2234
第15任總統副總統,在新北市各投開票所,新北市,　永和區,福林里,1736,65,530,518,1113,13,1126,0,1126,382,1508,74.6684
第15任總統副總統,在新北市各投開票所,新北市,　永和區,福林里,1737,60,560,479,1099,9,1108,0,1108,304,1412,78.4703
第15任總統副總統,在新北市各投開票所,新北市,　永和區,勵行里,1738,36,325,467,828,11,839,0,839,262,1101,76.2035
第15任總統副總統,在新北市各投開票所,新北市,　永和區,中興里,1739,37,478,452,967,12,979,0,979,291,1270,77.0866
第15任總統副總統,在新北市各投開票所,新北市,　永和區,中興里,1740,47,547,474,1068,11,1079,0,1079,353,1432,75.3492
第15任總統副總統,在新北市各投開票所,新北市,　永和區,永興里,1741,29,522,435,986,16,1002,0,1002,356,1358,73.7850
第15任總統副總統,在新北市各投開票所,新北市,　永和區,永興里,1742,45,528,482,1055,10,1065,0,1065,352,1417,75.1588
第15任總統副總統,在新北市各投開票所,新北市,　永和區,正興里,1743,27,399,358,784,10,794,0,794,275,1069,74.2750
第15任總統副總統,在新北市各投開票所,新北市,　永和區,正興里,1744,30,363,276,669,10,679,0,679,241,920,73.8043
第15任總統副總統,在新北市各投開票所,新北市,　永和區,豫溪里,1745,57,626,518,1201,22,1223,0,1223,320,1543,79.2612
第15任總統副總統,在新北市各投開票所,新北市,　永和區,豫溪里,1746,55,769,603,1427,13,1440,0,1440,1655,3095,46.5267
第15任總統副總統,在新北市各投開票所,新北市,　永和區,光明里,1747,39,481,434,954,11,965,0,965,259,1224,78.8399
第15任總統副總統,在新北市各投開票所,新北市,　永和區,光明里,1748,50,543,492,1085,14,1099,0,1099,323,1422,77.2855
第15任總統副總統,在新北市各投開票所,新北市,　永和區,福和里,1749,50,580,480,1110,11,1121,0,1121,342,1463,76.6234
第15任總統副總統,在新北市各投開票所,新北市,　永和區,福和里,1750,58,586,501,1145,8,1153,0,1153,291,1444,79.8476
第15任總統副總統,在新北市各投開票所,新北市,　永和區,福和里,1751,66,590,530,1186,12,1198,1,1199,357,1556,76.9923
第15任總統副總統,在新北市各投開票所,新北市,　永和區,得和里,1752,42,503,449,994,10,1004,0,1004,273,1277,78.6218
第15任總統副總統,在新北市各投開票所,新北市,　永和區,得和里,1753,50,520,377,947,9,956,0,956,262,1218,78.4893
第15任總統副總統,在新北市各投開票所,新北市,　永和區,得和里,1754,41,496,395,932,10,942,0,942,272,1214,77.5947
第15任總統副總統,在新北市各投開票所,新北市,　永和區,永貞里,1755,50,589,535,1174,14,1188,0,1188,350,1538,77.2432
第15任總統副總統,在新北市各投開票所,新北市,　永和區,永貞里,1756,45,538,529,1112,12,1124,0,1124,319,1443,77.8933
第15任總統副總統,在新北市各投開票所,新北市,　永和區,永福里,1757,49,496,449,994,8,1002,0,1002,240,1242,80.6763
第15任總統副總統,在新北市各投開票所,新北市,　永和區,永福里,1758,42,460,416,918,7,925,0,925,235,1160,79.7414
第15任總統副總統,在新北市各投開票所,新北市,　永和區,河濱里,1759,42,488,441,971,12,983,0,983,338,1321,74.4133
第15任總統副總統,在新北市各投開票所,新北市,　永和區,河濱里,1760,48,549,512,1109,15,1124,0,1124,308,1432,78.4916
第15任總統副總統,在新北市各投開票所,新北市,　永和區,秀和里,1761,44,563,609,1216,17,1233,0,1233,374,1607,76.7268
第15任總統副總統,在新北市各投開票所,新北市,　永和區,秀和里,1762,33,469,444,946,14,960,0,960,227,1187,80.8762
第15任總統副總統,在新北市各投開票所,新北市,　永和區,秀和里,1763,59,530,547,1136,14,1150,0,1150,314,1464,78.5519
第15任總統副總統,在新北市各投開票所,新北市,　永和區,永元里,1764,36,528,535,1099,17,1116,0,1116,318,1434,77.8243
第15任總統副總統,在新北市各投開票所,新北市,　永和區,永元里,1765,45,463,443,951,16,967,0,967,279,1246,77.6083
第15任總統副總統,在新北市各投開票所,新北市,　永和區,永元里,1766,48,485,511,1044,5,1049,0,1049,308,1357,77.3029
第15任總統副總統,在新北市各投開票所,新北市,　永和區,民權里,1767,42,528,413,983,14,997,0,997,316,1313,75.9330
第15任總統副總統,在新北市各投開票所,新北市,　永和區,民權里,1768,41,555,463,1059,12,1071,0,1071,320,1391,76.9950
第15任總統副總統,在新北市各投開票所,新北市,　永和區,民權里,1769,28,390,393,811,10,821,0,821,226,1047,78.4145
第15任總統副總統,在新北市各投開票所,新北市,　永和區,民族里,1770,58,538,414,1010,7,1017,0,1017,269,1286,79.0824
第15任總統副總統,在新北市各投開票所,新北市,　永和區,民族里,1771,52,474,456,982,9,991,0,991,303,1294,76.5842
第15任總統副總統,在新北市各投開票所,新北市,　永和區,民族里,1772,31,538,447,1016,11,1027,0,1027,365,1392,73.7787
第15任總統副總統,在新北市各投開票所,新北市,　永和區,秀朗里,1773,59,629,582,1270,14,1284,0,1284,390,1674,76.7025
第15任總統副總統,在新北市各投開票所,新北市,　永和區,秀朗里,1774,51,534,686,1271,14,1285,0,1285,414,1699,75.6327
第15任總統副總統,在新北市各投開票所,新北市,　永和區,秀成里,1775,48,434,470,952,14,966,0,966,289,1255,76.9721
第15任總統副總統,在新北市各投開票所,新北市,　永和區,秀成里,1776,35,488,462,985,10,995,0,995,304,1299,76.5974
第15任總統副總統,在新北市各投開票所,新北市,　永和區,秀林里,1777,42,514,702,1258,20,1278,1,1279,325,1604,79.6758
第15任總統副總統,在新北市各投開票所,新北市,　永和區,秀林里,1778,51,609,641,1301,17,1318,0,1318,359,1677,78.5927
第15任總統副總統,在新北市各投開票所,新北市,　永和區,秀得里,1779,36,478,415,929,10,939,0,939,251,1190,78.9076
第15任總統副總統,在新北市各投開票所,新北市,　永和區,秀得里,1780,40,406,363,809,12,821,0,821,244,1065,77.0892
第15任總統副總統,在新北市各投開票所,新北市,　永和區,秀元里,1781,47,497,481,1025,18,1043,0,1043,297,1340,77.8358
第15任總統副總統,在新北市各投開票所,新北市,　永和區,秀元里,1782,52,466,457,975,15,990,0,990,256,1246,79.4543
第15任總統副總統,在新北市各投開票所,新北市,　永和區,民生里,1783,29,411,368,808,8,816,0,816,266,1082,75.4159
第15任總統副總統,在新北市各投開票所,新北市,　永和區,民生里,1784,37,411,382,830,12,842,0,842,241,1083,77.7470
第15任總統副總統,在新北市各投開票所,新北市,　永和區,民生里,1785,48,420,468,936,9,945,0,945,261,1206,78.3582
第15任總統副總統,在新北市各投開票所,新北市,　永和區,民本里,1786,61,569,642,1272,11,1283,0,1283,408,1691,75.8723
第15任總統副總統,在新北市各投開票所,新北市,　永和區,民本里,1787,51,602,593,1246,16,1262,0,1262,436,1698,74.3227
第15任總統副總統,在新北市各投開票所,新北市,　永和區,民富里,1788,47,420,456,923,6,929,0,929,338,1267,73.3228
第15任總統副總統,在新北市各投開票所,新北市,　永和區,民富里,1789,47,440,478,965,11,976,0,976,255,1231,79.2851
第15任總統副總統,在新北市各投開票所,新北市,　永和區,民樂里,1790,40,557,429,1026,11,1037,0,1037,268,1305,79.4636
第15任總統副總統,在新北市各投開票所,新北市,　永和區,民樂里,1791,51,611,459,1121,17,1138,0,1138,304,1442,78.9182
第15任總統副總統,在新北市各投開票所,新北市,　永和區,民樂里,1792,54,481,469,1004,13,1017,0,1017,313,1330,76.4662
第15任總統副總統,在新北市各投開票所,新北市,　永和區,民治里,1793,29,478,362,869,8,877,0,877,315,1192,73.5738
第15任總統副總統,在新北市各投開票所,新北市,　永和區,民治里,1794,52,492,427,971,15,986,0,986,305,1291,76.3749
第15任總統副總統,在新北市各投開票所,新北市,　永和區,智光里,1795,54,563,477,1094,8,1102,0,1102,387,1489,74.0094
第15任總統副總統,在新北市各投開票所,新北市,　永和區,智光里,1796,58,514,482,1054,9,1063,0,1063,327,1390,76.4748
第15任總統副總統,在新北市各投開票所,新北市,　永和區,潭安里,1797,36,392,330,758,13,771,0,771,199,970,79.4845
第15任總統副總統,在新北市各投開票所,新北市,　永和區,潭安里,1798,44,390,328,762,11,773,0,773,211,984,78.5569
第15任總統副總統,在新北市各投開票所,新北市,　永和區,潭安里,1799,35,455,355,845,10,855,0,855,246,1101,77.6567
第15任總統副總統,在新北市各投開票所,新北市,　永和區,潭安里,1800,36,418,336,790,8,798,0,798,229,1027,77.7020
第15任總統副總統,在新北市各投開票所,新北市,　永和區,潭墘里,1801,47,559,405,1011,11,1022,0,1022,270,1292,79.1022
第15任總統副總統,在新北市各投開票所,新北市,　永和區,潭墘里,1802,37,502,464,1003,12,1015,0,1015,310,1325,76.6038
第15任總統副總統,在新北市各投開票所,新北市,　永和區,潭墘里,1803,47,538,401,986,9,995,0,995,280,1275,78.0392
第15任總統副總統,在新北市各投開票所,新北市,　永和區,店街里,1804,38,440,404,882,11,893,0,893,273,1166,76.5866
第15任總統副總統,在新北市各投開票所,新北市,　永和區,店街里,1805,41,468,396,905,6,911,0,911,286,1197,76.1069
第15任總統副總統,在新北市各投開票所,新北市,　永和區,店街里,1806,28,490,423,941,9,950,0,950,294,1244,76.3666
第15任總統副總統,在新北市各投開票所,新北市,　永和區,大新里,1807,51,444,407,902,9,911,0,911,231,1142,79.7723
第15任總統副總統,在新北市各投開票所,新北市,　永和區,大新里,1808,44,457,400,901,6,907,0,907,239,1146,79.1449
第15任總統副總統,在新北市各投開票所,新北市,　永和區,永安里,1809,44,489,397,930,12,942,0,942,262,1204,78.2392
第15任總統副總統,在新北市各投開票所,新北市,　永和區,永安里,1810,41,431,362,834,9,843,0,843,249,1092,77.1978
第15任總統副總統,在新北市各投開票所,新北市,　永和區,永安里,1811,45,514,431,990,5,995,0,995,287,1282,77.6131
第15任總統副總統,在新北市各投開票所,新北市,　永和區,永樂里,1812,22,365,417,804,8,812,0,812,224,1036,78.3784
第15任總統副總統,在新北市各投開票所,新北市,　永和區,永樂里,1813,30,342,388,760,6,766,0,766,246,1012,75.6917
第15任總統副總統,在新北市各投開票所,新北市,　永和區,水源里,1814,38,504,366,908,9,917,0,917,261,1178,77.8438
第15任總統副總統,在新北市各投開票所,新北市,　永和區,水源里,1815,48,419,385,852,11,863,0,863,282,1145,75.3712
第15任總統副總統,在新北市各投開票所,新北市,　永和區,水源里,1816,42,411,460,913,13,926,0,926,239,1165,79.4850
第15任總統副總統,在新北市各投開票所,新北市,　永和區,協和里,1817,40,451,465,956,13,969,0,969,286,1255,77.2112
第15任總統副總統,在新北市各投開票所,新北市,　永和區,協和里,1818,43,500,498,1041,9,1050,0,1050,311,1361,77.1492
第15任總統副總統,在新北市各投開票所,新北市,　永和區,雙和里,1819,53,688,577,1318,22,1340,0,1340,345,1685,79.5252
第15任總統副總統,在新北市各投開票所,新北市,　永和區,雙和里,1820,57,625,651,1333,8,1341,0,1341,358,1699,78.9288
第15任總統副總統,在新北市各投開票所,新北市,　永和區,安和里,1821,59,630,582,1271,13,1284,0,1284,360,1644,78.1022
第15任總統副總統,在新北市各投開票所,新北市,　永和區,安和里,1822,63,729,547,1339,16,1355,0,1355,393,1748,77.5172
第15任總統副總統,在新北市各投開票所,新北市,　永和區,前溪里,1823,51,736,594,1381,24,1405,0,1405,468,1873,75.0133
第15任總統副總統,在新北市各投開票所,新北市,　永和區,和平里,1824,68,538,543,1149,10,1159,0,1159,314,1473,78.6830
第15任總統副總統,在新北市各投開票所,新北市,　永和區,和平里,1825,42,471,461,974,11,985,0,985,310,1295,76.0618
第15任總統副總統,在新北市各投開票所,新北市,　永和區,和平里,1826,35,530,525,1090,12,1102,0,1102,340,1442,76.4216
第15任總統副總統,在新北市各投開票所,新北市,　永和區,保平里,1827,39,472,473,984,14,998,0,998,311,1309,76.2414
第15任總統副總統,在新北市各投開票所,新北市,　永和區,保平里,1828,49,444,530,1023,7,1030,0,1030,302,1332,77.3273
第15任總統副總統,在新北市各投開票所,新北市,　永和區,保平里,1829,57,461,604,1122,14,1136,0,1136,299,1435,79.1638
第15任總統副總統,在新北市各投開票所,新北市,　永和區,中溪里,1830,55,528,578,1161,13,1174,0,1174,339,1513,77.5942
第15任總統副總統,在新北市各投開票所,新北市,　永和區,中溪里,1831,62,501,534,1097,9,1106,0,1106,318,1424,77.6685
第15任總統副總統,在新北市各投開票所,新北市,　永和區,中溪里,1832,39,458,561,1058,16,1074,0,1074,319,1393,77.0998
第15任總統副總統,在新北市各投開票所,新北市,　永和區,保安里,1833,43,471,648,1162,17,1179,0,1179,384,1563,75.4319
第15任總統副總統,在新北市各投開票所,新北市,　永和區,保安里,1834,55,589,564,1208,16,1224,0,1224,349,1573,77.8131
第15任總統副總統,在新北市各投開票所,新北市,　永和區,保安里,1835,52,550,557,1159,18,1177,0,1177,310,1487,79.1527
第15任總統副總統,在新北市各投開票所,新北市,　永和區,保安里,1836,49,560,529,1138,14,1152,0,1152,335,1487,77.4714
第15任總統副總統,在新北市各投開票所,新北市,　永和區,保順里,1837,35,350,495,880,8,888,0,888,302,1190,74.6218
第15任總統副總統,在新北市各投開票所,新北市,　永和區,保順里,1838,39,428,399,866,8,874,0,874,272,1146,76.2653
第15任總統副總統,在新北市各投開票所,新北市,　永和區,保順里,1839,57,466,462,985,16,1001,0,1001,253,1254,79.8246
第15任總統副總統,在新北市各投開票所,新北市,　永和區,保順里,1840,45,443,403,891,14,905,0,905,253,1158,78.1520
第15任總統副總統,在新北市各投開票所,新北市,　永和區,保順里,1841,48,491,402,941,8,949,1,950,292,1242,76.4090
第15任總統副總統,在新北市各投開票所,新北市,　永和區,保順里,1842,58,540,416,1014,10,1024,0,1024,326,1350,75.8519
第15任總統副總統,在新北市各投開票所,新北市,　永和區,保順里,1843,50,436,382,868,13,881,0,881,293,1174,75.0426
第15任總統副總統,在新北市各投開票所,新北市,　永和區,下溪里,1844,66,616,620,1302,21,1323,0,1323,392,1715,77.1429
第15任總統副總統,在新北市各投開票所,新北市,　永和區,下溪里,1845,70,624,680,1374,19,1393,0,1393,400,1793,77.6910
第15任總統副總統,在新北市各投開票所,新北市,　永和區,大同里,1846,26,317,160,503,5,508,0,508,160,668,76.0479
第15任總統副總統,在新北市各投開票所,新北市,　永和區,新生里,1847,32,283,151,466,9,475,0,475,179,654,72.6300
第15任總統副總統,在新北市各投開票所,新北市,　永和區,永成里,1848,20,466,157,643,8,651,0,651,222,873,74.5704
第15任總統副總統,在新北市各投開票所,新北市,　永和區,忠義里,1849,34,378,141,553,6,559,0,559,164,723,77.3167
第15任總統副總統,在新北市各投開票所,新北市,　永和區,仁愛里,1850,46,419,429,894,18,912,0,912,240,1152,79.1667
第15任總統副總統,在新北市各投開票所,新北市,　永和區,仁愛里,1851,39,441,449,929,11,940,0,940,280,1220,77.0492
第15任總統副總統,在新北市各投開票所,新北市,　永和區,文化里,1852,55,426,390,871,8,879,0,879,269,1148,76.5679
第15任總統副總統,在新北市各投開票所,新北市,　永和區,文化里,1853,37,548,439,1024,17,1041,0,1041,284,1325,78.5660
第15任總統副總統,在新北市各投開票所,新北市,　永和區,信義里,1854,48,504,436,988,12,1000,0,1000,330,1330,75.1880
第15任總統副總統,在新北市各投開票所,新北市,　永和區,信義里,1855,35,373,378,786,10,796,0,796,229,1025,77.6585
第15任總統副總統,在新北市各投開票所,新北市,　永和區,後溪里,1856,30,252,329,611,6,617,0,617,178,795,77.6101
第15任總統副總統,在新北市各投開票所,新北市,　永和區,後溪里,1857,29,314,370,713,7,720,0,720,197,917,78.5169
第15任總統副總統,在新北市各投開票所,新北市,　永和區,上溪里,1858,24,312,274,610,12,622,0,622,250,872,71.3303
第15任總統副總統,在新北市各投開票所,新北市,　永和區,上溪里,1859,20,303,335,658,14,672,0,672,215,887,75.7610
第15任總統副總統,在新北市各投開票所,新北市,　永和區,頂溪里,1860,44,451,452,947,15,962,0,962,258,1220,78.8525
第15任總統副總統,在新北市各投開票所,新北市,　永和區,頂溪里,1861,38,377,344,759,12,771,0,771,232,1003,76.8694
第15任總統副總統,在新北市各投開票所,新北市,　永和區,河堤里,1862,48,600,526,1174,10,1184,0,1184,400,1584,74.7475
第15任總統副總統,在新北市各投開票所,新北市,　永和區,河堤里,1863,42,519,477,1038,11,1049,0,1049,327,1376,76.2355
第15任總統副總統,在新北市各投開票所,新北市,　永和區,新廍里,1864,34,393,346,773,15,788,0,788,250,1038,75.9152
第15任總統副總統,在新北市各投開票所,新北市,　永和區,新廍里,1865,36,404,306,746,12,758,0,758,211,969,78.2250
第15任總統副總統,在新北市各投開票所,新北市,　新莊區,海山里,0687,50,214,538,802,3,805,0,805,288,1093,73.6505
第15任總統副總統,在新北市各投開票所,新北市,　新莊區,海山里,0688,37,332,564,933,7,940,0,940,296,1236,76.0518
第15任總統副總統,在新北市各投開票所,新北市,　新莊區,海山里,0689,32,303,505,840,5,845,0,845,243,1088,77.6654
第15任總統副總統,在新北市各投開票所,新北市,　新莊區,海山里,0690,33,330,580,943,8,951,0,951,276,1227,77.5061
第15任總統副總統,在新北市各投開票所,新北市,　新莊區,全安里,0691,44,297,581,922,9,931,0,931,251,1182,78.7648
第15任總統副總統,在新北市各投開票所,新北市,　新莊區,全安里,0692,47,262,578,887,10,897,0,897,257,1154,77.7296
第15任總統副總統,在新北市各投開票所,新北市,　新莊區,全安里,0693,66,413,706,1185,16,1201,0,1201,331,1532,78.3943
第15任總統副總統,在新北市各投開票所,新北市,　新莊區,全泰里,0694,58,438,611,1107,9,1116,0,1116,353,1469,75.9700
第15任總統副總統,在新北市各投開票所,新北市,　新莊區,全泰里,0695,47,438,648,1133,13,1146,0,1146,324,1470,77.9592
第15任總統副總統,在新北市各投開票所,新北市,　新莊區,全泰里,0696,41,385,619,1045,15,1060,0,1060,273,1333,79.5199
第15任總統副總統,在新北市各投開票所,新北市,　新莊區,忠孝里,0697,43,356,583,982,14,996,0,996,295,1291,77.1495
第15任總統副總統,在新北市各投開票所,新北市,　新莊區,忠孝里,0698,38,394,651,1083,18,1101,0,1101,291,1392,79.0948
第15任總統副總統,在新北市各投開票所,新北市,　新莊區,忠孝里,0699,59,356,674,1089,10,1099,0,1099,344,1443,76.1608
第15任總統副總統,在新北市各投開票所,新北市,　新莊區,文衡里,0700,44,242,439,725,2,727,0,727,213,940,77.3404
第15任總統副總統,在新北市各投開票所,新北市,　新莊區,文衡里,0701,17,241,450,708,5,713,0,713,180,893,79.8432
第15任總統副總統,在新北市各投開票所,新北市,　新莊區,文聖里,0702,57,464,638,1159,10,1169,0,1169,298,1467,79.6864
第15任總統副總統,在新北市各投開票所,新北市,　新莊區,文聖里,0703,63,450,683,1196,8,1204,0,1204,303,1507,79.8938
第15任總統副總統,在新北市各投開票所,新北市,　新莊區,興漢里,0704,33,147,315,495,4,499,0,499,148,647,77.1252
第15任總統副總統,在新北市各投開票所,新北市,　新莊區,興漢里,0705,37,406,475,918,12,930,0,930,257,1187,78.3488
第15任總統副總統,在新北市各投開票所,新北市,　新莊區,興漢里,0706,30,359,458,847,11,858,0,858,236,1094,78.4278
第15任總統副總統,在新北市各投開票所,新北市,　新莊區,榮和里,0707,28,277,409,714,5,719,0,719,258,977,73.5926
第15任總統副總統,在新北市各投開票所,新北市,　新莊區,榮和里,0708,67,497,801,1365,21,1386,0,1386,2422,3808,36.3971
第15任總統副總統,在新北市各投開票所,新北市,　新莊區,文德里,0709,51,422,712,1185,17,1202,0,1202,326,1528,78.6649
第15任總統副總統,在新北市各投開票所,新北市,　新莊區,文明里,0710,60,374,739,1173,10,1183,0,1183,362,1545,76.5696
第15任總統副總統,在新北市各投開票所,新北市,　新莊區,化成里,0711,36,212,528,776,12,788,0,788,237,1025,76.8780
第15任總統副總統,在新北市各投開票所,新北市,　新莊區,化成里,0712,36,246,518,800,7,807,0,807,246,1053,76.6382
第15任總統副總統,在新北市各投開票所,新北市,　新莊區,化成里,0713,45,290,518,853,13,866,0,866,265,1131,76.5694
第15任總統副總統,在新北市各投開票所,新北市,　新莊區,頭前里,0714,42,284,763,1089,8,1097,0,1097,351,1448,75.7597
第15任總統副總統,在新北市各投開票所,新北市,　新莊區,頭前里,0715,52,370,715,1137,14,1151,0,1151,335,1486,77.4563
第15任總統副總統,在新北市各投開票所,新北市,　新莊區,頭前里,0716,73,380,602,1055,7,1062,0,1062,357,1419,74.8414
第15任總統副總統,在新北市各投開票所,新北市,　新莊區,頭前里,0717,55,351,688,1094,12,1106,0,1106,385,1491,74.1784
第15任總統副總統,在新北市各投開票所,新北市,　新莊區,頭前里,0718,51,345,680,1076,10,1086,0,1086,354,1440,75.4167
第15任總統副總統,在新北市各投開票所,新北市,　新莊區,福基里,0719,61,399,680,1140,17,1157,0,1157,362,1519,76.1685
第15任總統副總統,在新北市各投開票所,新北市,　新莊區,福基里,0720,74,459,796,1329,14,1343,0,1343,413,1756,76.4806
第15任總統副總統,在新北市各投開票所,新北市,　新莊區,福基里,0721,24,175,366,565,3,568,0,568,167,735,77.2789
第15任總統副總統,在新北市各投開票所,新北市,　新莊區,福興里,0722,44,326,614,984,5,989,0,989,281,1270,77.8740
第15任總統副總統,在新北市各投開票所,新北市,　新莊區,福興里,0723,41,278,653,972,10,982,0,982,279,1261,77.8747
第15任總統副總統,在新北市各投開票所,新北市,　新莊區,福興里,0724,38,272,595,905,9,914,0,914,261,1175,77.7872
第15任總統副總統,在新北市各投開票所,新北市,　新莊區,福興里,0725,38,339,542,919,10,929,0,929,312,1241,74.8590
第15任總統副總統,在新北市各投開票所,新北市,　新莊區,昌平里,0726,63,498,614,1175,16,1191,0,1191,413,1604,74.2519
第15任總統副總統,在新北市各投開票所,新北市,　新莊區,昌平里,0727,71,462,736,1269,7,1276,0,1276,345,1621,78.7168
第15任總統副總統,在新北市各投開票所,新北市,　新莊區,昌平里,0728,70,369,689,1128,18,1146,0,1146,343,1489,76.9644
第15任總統副總統,在新北市各投開票所,新北市,　新莊區,昌平里,0729,56,355,640,1051,19,1070,0,1070,331,1401,76.3740
第15任總統副總統,在新北市各投開票所,新北市,　新莊區,和平里,0730,34,288,632,954,14,968,0,968,349,1317,73.5004
第15任總統副總統,在新北市各投開票所,新北市,　新莊區,和平里,0731,46,277,706,1029,12,1041,0,1041,322,1363,76.3756
第15任總統副總統,在新北市各投開票所,新北市,　新莊區,和平里,0732,56,355,727,1138,8,1146,0,1146,347,1493,76.7582
第15任總統副總統,在新北市各投開票所,新北市,　新莊區,幸福里,0733,51,272,600,923,8,931,0,931,295,1226,75.9380
第15任總統副總統,在新北市各投開票所,新北市,　新莊區,幸福里,0734,41,251,580,872,6,878,0,878,343,1221,71.9083
第15任總統副總統,在新北市各投開票所,新北市,　新莊區,幸福里,0735,32,260,669,961,7,968,0,968,311,1279,75.6841
第15任總統副總統,在新北市各投開票所,新北市,　新莊區,昌隆里,0736,52,315,570,937,15,952,0,952,290,1242,76.6506
第15任總統副總統,在新北市各投開票所,新北市,　新莊區,昌隆里,0737,37,304,601,942,9,951,0,951,292,1243,76.5084
第15任總統副總統,在新北市各投開票所,新北市,　新莊區,昌隆里,0738,44,334,587,965,16,981,0,981,245,1226,80.0163
第15任總統副總統,在新北市各投開票所,新北市,　新莊區,信義里,0739,22,309,518,849,5,854,0,854,305,1159,73.6842
第15任總統副總統,在新北市各投開票所,新北市,　新莊區,信義里,0740,38,280,500,818,7,825,0,825,220,1045,78.9474
第15任總統副總統,在新北市各投開票所,新北市,　新莊區,信義里,0741,35,283,613,931,8,939,0,939,337,1276,73.5893
第15任總統副總統,在新北市各投開票所,新北市,　新莊區,信義里,0742,42,317,492,851,12,863,0,863,272,1135,76.0352
第15任總統副總統,在新北市各投開票所,新北市,　新莊區,昌信里,0743,33,282,555,870,8,878,0,878,259,1137,77.2208
第15任總統副總統,在新北市各投開票所,新北市,　新莊區,昌信里,0744,37,209,501,747,5,752,0,752,188,940,80.0000
第15任總統副總統,在新北市各投開票所,新北市,　新莊區,昌信里,0745,35,286,499,820,6,826,0,826,229,1055,78.2938
第15任總統副總統,在新北市各投開票所,新北市,　新莊區,昌明里,0746,31,239,506,776,12,788,0,788,218,1006,78.3300
第15任總統副總統,在新北市各投開票所,新北市,　新莊區,昌明里,0747,36,237,547,820,14,834,0,834,203,1037,80.4243
第15任總統副總統,在新北市各投開票所,新北市,　新莊區,昌明里,0748,44,313,509,866,8,874,0,874,248,1122,77.8966
第15任總統副總統,在新北市各投開票所,新北市,　新莊區,仁義里,0749,27,207,549,783,10,793,0,793,263,1056,75.0947
第15任總統副總統,在新北市各投開票所,新北市,　新莊區,仁義里,0750,32,225,501,758,7,765,0,765,259,1024,74.7070
第15任總統副總統,在新北市各投開票所,新北市,　新莊區,仁義里,0751,34,237,511,782,11,793,0,793,324,1117,70.9937
第15任總統副總統,在新北市各投開票所,新北市,　新莊區,仁愛里,0752,39,243,550,832,9,841,0,841,307,1148,73.2578
第15任總統副總統,在新北市各投開票所,新北市,　新莊區,仁愛里,0753,35,284,578,897,4,901,0,901,304,1205,74.7718
第15任總統副總統,在新北市各投開票所,新北市,　新莊區,自信里,0754,53,222,497,772,13,785,0,785,258,1043,75.2637
第15任總統副總統,在新北市各投開票所,新北市,　新莊區,自信里,0755,22,281,548,851,6,857,0,857,267,1124,76.2456
第15任總統副總統,在新北市各投開票所,新北市,　新莊區,自立里,0756,46,278,598,922,5,927,0,927,253,1180,78.5593
第15任總統副總統,在新北市各投開票所,新北市,　新莊區,自立里,0757,31,304,611,946,11,957,0,957,274,1231,77.7417
第15任總統副總統,在新北市各投開票所,新北市,　新莊區,自立里,0758,35,223,577,835,13,848,0,848,361,1209,70.1406
第15任總統副總統,在新北市各投開票所,新北市,　新莊區,自立里,0759,30,223,455,708,10,718,0,718,291,1009,71.1596
第15任總統副總統,在新北市各投開票所,新北市,　新莊區,自強里,0760,36,265,545,846,9,855,0,855,309,1164,73.4536
第15任總統副總統,在新北市各投開票所,新北市,　新莊區,自強里,0761,35,269,528,832,11,843,0,843,338,1181,71.3802
第15任總統副總統,在新北市各投開票所,新北市,　新莊區,思源里,0762,32,251,581,864,11,875,0,875,257,1132,77.2968
第15任總統副總統,在新北市各投開票所,新北市,　新莊區,思源里,0763,22,293,527,842,4,846,0,846,261,1107,76.4228
第15任總統副總統,在新北市各投開票所,新北市,　新莊區,思源里,0764,38,258,579,875,1,876,0,876,301,1177,74.4265
第15任總統副總統,在新北市各投開票所,新北市,　新莊區,思源里,0765,44,273,551,868,12,880,0,880,287,1167,75.4070
第15任總統副總統,在新北市各投開票所,新北市,　新莊區,思賢里,0766,53,336,548,937,12,949,0,949,243,1192,79.6141
第15任總統副總統,在新北市各投開票所,新北市,　新莊區,思賢里,0767,24,271,601,896,6,902,0,902,293,1195,75.4812
第15任總統副總統,在新北市各投開票所,新北市,　新莊區,思賢里,0768,41,316,639,996,7,1003,0,1003,244,1247,80.4330
第15任總統副總統,在新北市各投開票所,新北市,　新莊區,中華里,0769,35,302,588,925,6,931,1,932,282,1214,76.6886
第15任總統副總統,在新北市各投開票所,新北市,　新莊區,中華里,0770,48,356,570,974,12,986,0,986,284,1270,77.6378
第15任總統副總統,在新北市各投開票所,新北市,　新莊區,中美里,0771,48,289,547,884,7,891,0,891,249,1140,78.1579
第15任總統副總統,在新北市各投開票所,新北市,　新莊區,中美里,0772,42,296,601,939,13,952,0,952,322,1274,74.7253
第15任總統副總統,在新北市各投開票所,新北市,　新莊區,中美里,0773,40,309,526,875,10,885,1,886,271,1157,76.4909
第15任總統副總統,在新北市各投開票所,新北市,　新莊區,中美里,0774,41,349,686,1076,14,1090,0,1090,276,1366,79.7950
第15任總統副總統,在新北市各投開票所,新北市,　新莊區,恆安里,0775,59,331,616,1006,8,1014,0,1014,321,1335,75.9551
第15任總統副總統,在新北市各投開票所,新北市,　新莊區,恆安里,0776,49,331,593,973,8,981,0,981,326,1307,75.0574
第15任總統副總統,在新北市各投開票所,新北市,　新莊區,恆安里,0777,42,345,561,948,6,954,0,954,259,1213,78.6480
第15任總統副總統,在新北市各投開票所,新北市,　新莊區,立人里,0778,25,240,366,631,7,638,0,638,206,844,75.5924
第15任總統副總統,在新北市各投開票所,新北市,　新莊區,立人里,0779,46,408,270,724,9,733,0,733,190,923,79.4150
第15任總統副總統,在新北市各投開票所,新北市,　新莊區,立德里,0780,30,334,532,896,5,901,0,901,222,1123,80.2315
第15任總統副總統,在新北市各投開票所,新北市,　新莊區,立德里,0781,39,296,529,864,7,871,0,871,298,1169,74.5081
第15任總統副總統,在新北市各投開票所,新北市,　新莊區,中和里,0782,46,358,606,1010,9,1019,0,1019,301,1320,77.1970
第15任總統副總統,在新北市各投開票所,新北市,　新莊區,中和里,0783,35,309,647,991,7,998,0,998,323,1321,75.5488
第15任總統副總統,在新北市各投開票所,新北市,　新莊區,中和里,0784,39,292,669,1000,8,1008,0,1008,314,1322,76.2481
第15任總統副總統,在新北市各投開票所,新北市,　新莊區,中泰里,0785,45,263,610,918,8,926,0,926,308,1234,75.0405
第15任總統副總統,在新北市各投開票所,新北市,　新莊區,中泰里,0786,26,270,616,912,13,925,0,925,301,1226,75.4486
第15任總統副總統,在新北市各投開票所,新北市,　新莊區,中泰里,0787,45,347,693,1085,13,1098,0,1098,321,1419,77.3784
第15任總統副總統,在新北市各投開票所,新北市,　新莊區,中宏里,0788,33,233,505,771,6,777,0,777,266,1043,74.4966
第15任總統副總統,在新北市各投開票所,新北市,　新莊區,中宏里,0789,48,266,551,865,4,869,0,869,251,1120,77.5893
第15任總統副總統,在新北市各投開票所,新北市,　新莊區,中宏里,0790,32,240,453,725,13,738,0,738,245,983,75.0763
第15任總統副總統,在新北市各投開票所,新北市,　新莊區,中全里,0791,36,218,523,777,8,785,0,785,286,1071,73.2960
第15任總統副總統,在新北市各投開票所,新北市,　新莊區,中全里,0792,23,201,495,719,8,727,0,727,282,1009,72.0515
第15任總統副總統,在新北市各投開票所,新北市,　新莊區,中全里,0793,27,166,559,752,6,758,0,758,256,1014,74.7535
第15任總統副總統,在新北市各投開票所,新北市,　新莊區,立志里,0794,39,257,557,853,9,862,0,862,288,1150,74.9565
第15任總統副總統,在新北市各投開票所,新北市,　新莊區,立志里,0795,47,286,568,901,12,913,1,914,260,1174,77.7683
第15任總統副總統,在新北市各投開票所,新北市,　新莊區,立志里,0796,33,269,532,834,12,846,0,846,229,1075,78.6977
第15任總統副總統,在新北市各投開票所,新北市,　新莊區,立廷里,0797,57,395,720,1172,6,1178,0,1178,323,1501,78.4810
第15任總統副總統,在新北市各投開票所,新北市,　新莊區,立廷里,0798,51,326,688,1065,6,1071,0,1071,319,1390,77.0504
第15任總統副總統,在新北市各投開票所,新北市,　新莊區,立廷里,0799,56,378,595,1029,9,1038,0,1038,288,1326,78.2805
第15任總統副總統,在新北市各投開票所,新北市,　新莊區,立廷里,0800,40,363,567,970,9,979,0,979,327,1306,74.9617
第15任總統副總統,在新北市各投開票所,新北市,　新莊區,立廷里,0801,50,351,530,931,13,944,0,944,257,1201,78.6012
第15任總統副總統,在新北市各投開票所,新北市,　新莊區,立廷里,0802,65,340,568,973,10,983,0,983,311,1294,75.9660
第15任總統副總統,在新北市各投開票所,新北市,　新莊區,立廷里,0803,49,369,520,938,11,949,0,949,299,1248,76.0417
第15任總統副總統,在新北市各投開票所,新北市,　新莊區,立基里,0804,50,375,606,1031,10,1041,0,1041,308,1349,77.1683
第15任總統副總統,在新北市各投開票所,新北市,　新莊區,立基里,0805,37,314,558,909,11,920,1,921,288,1209,76.0959
第15任總統副總統,在新北市各投開票所,新北市,　新莊區,立基里,0806,55,372,629,1056,11,1067,0,1067,280,1347,79.2131
第15任總統副總統,在新北市各投開票所,新北市,　新莊區,立基里,0807,40,363,640,1043,13,1056,0,1056,270,1326,79.6380
第15任總統副總統,在新北市各投開票所,新北市,　新莊區,中誠里,0808,35,198,489,722,6,728,0,728,234,962,75.6757
第15任總統副總統,在新北市各投開票所,新北市,　新莊區,中誠里,0809,21,215,438,674,6,680,0,680,246,926,73.4341
第15任總統副總統,在新北市各投開票所,新北市,　新莊區,中港里,0810,46,306,660,1012,7,1019,0,1019,341,1360,74.9265
第15任總統副總統,在新北市各投開票所,新北市,　新莊區,中港里,0811,62,331,641,1034,8,1042,0,1042,334,1376,75.7267
第15任總統副總統,在新北市各投開票所,新北市,　新莊區,中港里,0812,37,368,678,1083,10,1093,0,1093,312,1405,77.7936
第15任總統副總統,在新北市各投開票所,新北市,　新莊區,中港里,0813,31,345,582,958,11,969,0,969,268,1237,78.3347
第15任總統副總統,在新北市各投開票所,新北市,　新莊區,中信里,0814,44,357,722,1123,7,1130,0,1130,311,1441,78.4178
第15任總統副總統,在新北市各投開票所,新北市,　新莊區,中信里,0815,40,309,747,1096,5,1101,0,1101,292,1393,79.0380
第15任總統副總統,在新北市各投開票所,新北市,　新莊區,中信里,0816,55,346,707,1108,12,1120,0,1120,317,1437,77.9402
第15任總統副總統,在新北市各投開票所,新北市,　新莊區,中信里,0817,44,365,667,1076,12,1088,0,1088,337,1425,76.3509
第15任總統副總統,在新北市各投開票所,新北市,　新莊區,中信里,0818,60,346,678,1084,12,1096,0,1096,325,1421,77.1288
第15任總統副總統,在新北市各投開票所,新北市,　新莊區,中平里,0819,48,414,638,1100,11,1111,0,1111,312,1423,78.0745
第15任總統副總統,在新北市各投開票所,新北市,　新莊區,中平里,0820,51,439,620,1110,8,1118,0,1118,335,1453,76.9443
第15任總統副總統,在新北市各投開票所,新北市,　新莊區,中平里,0821,76,379,649,1104,10,1114,0,1114,327,1441,77.3074
第15任總統副總統,在新北市各投開票所,新北市,　新莊區,中平里,0822,42,379,669,1090,14,1104,0,1104,318,1422,77.6371
第15任總統副總統,在新北市各投開票所,新北市,　新莊區,中平里,0823,45,325,658,1028,5,1033,0,1033,321,1354,76.2925
第15任總統副總統,在新北市各投開票所,新北市,　新莊區,中原里,0824,58,457,729,1244,19,1263,0,1263,440,1703,74.1632
第15任總統副總統,在新北市各投開票所,新北市,　新莊區,中原里,0825,47,229,544,820,7,827,0,827,269,1096,75.4562
第15任總統副總統,在新北市各投開票所,新北市,　新莊區,中原里,0826,41,308,580,929,6,935,0,935,329,1264,73.9715
第15任總統副總統,在新北市各投開票所,新北市,　新莊區,中原里,0827,57,377,671,1105,14,1119,0,1119,295,1414,79.1372
第15任總統副總統,在新北市各投開票所,新北市,　新莊區,中原里,0828,46,328,690,1064,6,1070,0,1070,269,1339,79.9104
第15任總統副總統,在新北市各投開票所,新北市,　新莊區,中原里,0829,43,330,684,1057,3,1060,0,1060,359,1419,74.7005
第15任總統副總統,在新北市各投開票所,新北市,　新莊區,中原里,0830,63,375,696,1134,13,1147,0,1147,375,1522,75.3614
第15任總統副總統,在新北市各投開票所,新北市,　新莊區,中隆里,0831,48,367,739,1154,19,1173,0,1173,398,1571,74.6658
第15任總統副總統,在新北市各投開票所,新北市,　新莊區,中隆里,0832,58,441,705,1204,4,1208,0,1208,379,1587,76.1185
第15任總統副總統,在新北市各投開票所,新北市,　新莊區,中隆里,0833,31,192,431,654,11,665,0,665,258,923,72.0477
第15任總統副總統,在新北市各投開票所,新北市,　新莊區,立功里,0834,19,250,451,720,6,726,0,726,252,978,74.2331
第15任總統副總統,在新北市各投開票所,新北市,　新莊區,立功里,0835,31,307,495,833,6,839,0,839,267,1106,75.8590
第15任總統副總統,在新北市各投開票所,新北市,　新莊區,立功里,0836,40,238,544,822,8,830,0,830,268,1098,75.5920
第15任總統副總統,在新北市各投開票所,新北市,　新莊區,立泰里,0837,56,358,684,1098,12,1110,0,1110,356,1466,75.7162
第15任總統副總統,在新北市各投開票所,新北市,　新莊區,立泰里,0838,33,332,646,1011,16,1027,0,1027,316,1343,76.4706
第15任總統副總統,在新北市各投開票所,新北市,　新莊區,立泰里,0839,49,384,604,1037,13,1050,0,1050,327,1377,76.2527
第15任總統副總統,在新北市各投開票所,新北市,　新莊區,立言里,0840,66,368,685,1119,12,1131,0,1131,359,1490,75.9060
第15任總統副總統,在新北市各投開票所,新北市,　新莊區,立言里,0841,60,421,635,1116,8,1124,0,1124,312,1436,78.2730
第15任總統副總統,在新北市各投開票所,新北市,　新莊區,立言里,0842,47,394,654,1095,12,1107,0,1107,313,1420,77.9577
第15任總統副總統,在新北市各投開票所,新北市,　新莊區,豐年里,0843,41,264,486,791,9,800,0,800,285,1085,73.7327
第15任總統副總統,在新北市各投開票所,新北市,　新莊區,豐年里,0844,22,238,511,771,9,780,0,780,224,1004,77.6892
第15任總統副總統,在新北市各投開票所,新北市,　新莊區,豐年里,0845,30,253,537,820,11,831,1,832,284,1116,74.4624
第15任總統副總統,在新北市各投開票所,新北市,　新莊區,國泰里,0846,51,333,574,958,12,970,0,970,315,1285,75.4864
第15任總統副總統,在新北市各投開票所,新北市,　新莊區,泰豐里,0847,43,293,451,787,8,795,0,795,269,1064,74.7180
第15任總統副總統,在新北市各投開票所,新北市,　新莊區,泰豐里,0848,33,291,515,839,5,844,0,844,239,1083,77.9317
第15任總統副總統,在新北市各投開票所,新北市,　新莊區,瓊林里,0849,42,320,612,974,7,981,0,981,316,1297,75.6361
第15任總統副總統,在新北市各投開票所,新北市,　新莊區,瓊林里,0850,29,247,592,868,6,874,0,874,257,1131,77.2767
第15任總統副總統,在新北市各投開票所,新北市,　新莊區,瓊林里,0851,44,255,617,916,10,926,0,926,353,1279,72.4003
第15任總統副總統,在新北市各投開票所,新北市,　新莊區,瓊林里,0852,48,270,624,942,3,945,0,945,357,1302,72.5806
第15任總統副總統,在新北市各投開票所,新北市,　新莊區,福營里,0853,42,289,562,893,11,904,0,904,383,1287,70.2409
第15任總統副總統,在新北市各投開票所,新北市,　新莊區,福營里,0854,26,240,524,790,5,795,0,795,216,1011,78.6350
第15任總統副總統,在新北市各投開票所,新北市,　新莊區,營盤里,0855,31,216,391,638,5,643,0,643,222,865,74.3353
第15任總統副總統,在新北市各投開票所,新北市,　新莊區,營盤里,0856,39,286,541,866,15,881,0,881,217,1098,80.2368
第15任總統副總統,在新北市各投開票所,新北市,　新莊區,丹鳳里,0857,42,349,590,981,4,985,0,985,340,1325,74.3396
第15任總統副總統,在新北市各投開票所,新北市,　新莊區,丹鳳里,0858,43,326,619,988,8,996,0,996,353,1349,73.8325
第15任總統副總統,在新北市各投開票所,新北市,　新莊區,丹鳳里,0859,72,310,641,1023,8,1031,0,1031,304,1335,77.2285
第15任總統副總統,在新北市各投開票所,新北市,　新莊區,丹鳳里,0860,39,284,564,887,5,892,0,892,316,1208,73.8411
第15任總統副總統,在新北市各投開票所,新北市,　新莊區,丹鳳里,0861,46,393,427,866,21,887,0,887,344,1231,72.0552
第15任總統副總統,在新北市各投開票所,新北市,　新莊區,丹鳳里,0862,49,290,359,698,8,706,0,706,248,954,74.0042
第15任總統副總統,在新北市各投開票所,新北市,　新莊區,合鳳里,0863,56,347,633,1036,9,1045,0,1045,389,1434,72.8731
第15任總統副總統,在新北市各投開票所,新北市,　新莊區,合鳳里,0864,45,274,555,874,5,879,0,879,348,1227,71.6381
第15任總統副總統,在新北市各投開票所,新北市,　新莊區,合鳳里,0865,54,286,583,923,12,935,0,935,322,1257,74.3835
第15任總統副總統,在新北市各投開票所,新北市,　新莊區,祥鳳里,0866,45,300,470,815,7,822,0,822,248,1070,76.8224
第15任總統副總統,在新北市各投開票所,新北市,　新莊區,祥鳳里,0867,26,242,472,740,11,751,0,751,248,999,75.1752
第15任總統副總統,在新北市各投開票所,新北市,　新莊區,雙鳳里,0868,66,402,602,1070,6,1076,0,1076,345,1421,75.7213
第15任總統副總統,在新北市各投開票所,新北市,　新莊區,雙鳳里,0869,45,405,564,1014,12,1026,0,1026,352,1378,74.4557
第15任總統副總統,在新北市各投開票所,新北市,　新莊區,雙鳳里,0870,30,264,519,813,5,818,0,818,298,1116,73.2975
第15任總統副總統,在新北市各投開票所,新北市,　新莊區,雙鳳里,0871,36,336,435,807,12,819,0,819,366,1185,69.1139
第15任總統副總統,在新北市各投開票所,新北市,　新莊區,雙鳳里,0872,60,416,643,1119,11,1130,0,1130,377,1507,74.9834
第15任總統副總統,在新北市各投開票所,新北市,　新莊區,雙鳳里,0873,66,301,590,957,10,967,0,967,335,1302,74.2704
第15任總統副總統,在新北市各投開票所,新北市,　新莊區,雙鳳里,0874,38,317,568,923,9,932,0,932,327,1259,74.0270
第15任總統副總統,在新北市各投開票所,新北市,　新莊區,龍福里,0875,48,273,433,754,7,761,0,761,247,1008,75.4960
第15任總統副總統,在新北市各投開票所,新北市,　新莊區,龍福里,0876,42,250,377,669,6,675,0,675,238,913,73.9321
第15任總統副總統,在新北市各投開票所,新北市,　新莊區,龍鳳里,0877,35,304,686,1025,7,1032,0,1032,312,1344,76.7857
第15任總統副總統,在新北市各投開票所,新北市,　新莊區,龍鳳里,0878,55,361,658,1074,11,1085,0,1085,317,1402,77.3894
第15任總統副總統,在新北市各投開票所,新北市,　新莊區,龍鳳里,0879,35,284,622,941,11,952,0,952,317,1269,75.0197
第15任總統副總統,在新北市各投開票所,新北市,　新莊區,龍鳳里,0880,38,301,632,971,7,978,0,978,331,1309,74.7135
第15任總統副總統,在新北市各投開票所,新北市,　新莊區,龍鳳里,0881,43,344,513,900,12,912,0,912,304,1216,75.0000
第15任總統副總統,在新北市各投開票所,新北市,　新莊區,龍鳳里,0882,40,363,612,1015,9,1024,0,1024,293,1317,77.7525
第15任總統副總統,在新北市各投開票所,新北市,　新莊區,裕民里,0883,52,362,693,1107,13,1120,0,1120,367,1487,75.3194
第15任總統副總統,在新北市各投開票所,新北市,　新莊區,裕民里,0884,50,338,702,1090,4,1094,0,1094,418,1512,72.3545
第15任總統副總統,在新北市各投開票所,新北市,　新莊區,裕民里,0885,48,293,709,1050,10,1060,0,1060,384,1444,73.4072
第15任總統副總統,在新北市各投開票所,新北市,　新莊區,裕民里,0886,49,345,670,1064,14,1078,0,1078,378,1456,74.0385
第15任總統副總統,在新北市各投開票所,新北市,　新莊區,龍安里,0887,31,222,489,742,5,747,0,747,308,1055,70.8057
第15任總統副總統,在新北市各投開票所,新北市,　新莊區,龍安里,0888,37,266,448,751,6,757,0,757,228,985,76.8528
第15任總統副總統,在新北市各投開票所,新北市,　新莊區,富國里,0889,35,222,486,743,4,747,0,747,270,1017,73.4513
第15任總統副總統,在新北市各投開票所,新北市,　新莊區,富國里,0890,38,251,483,772,9,781,0,781,266,1047,74.5941
第15任總統副總統,在新北市各投開票所,新北市,　新莊區,富民里,0891,48,230,556,834,8,842,0,842,260,1102,76.4065
第15任總統副總統,在新北市各投開票所,新北市,　新莊區,富民里,0892,45,280,463,788,4,792,0,792,225,1017,77.8761
第15任總統副總統,在新北市各投開票所,新北市,　新莊區,富民里,0893,48,286,554,888,10,898,0,898,322,1220,73.6066
第15任總統副總統,在新北市各投開票所,新北市,　新莊區,後德里,0894,70,347,611,1028,11,1039,0,1039,271,1310,79.3130
第15任總統副總統,在新北市各投開票所,新北市,　新莊區,後德里,0895,59,349,677,1085,9,1094,0,1094,256,1350,81.0370
第15任總統副總統,在新北市各投開票所,新北市,　新莊區,萬安里,0896,33,262,494,789,4,793,0,793,233,1026,77.2904
第15任總統副總統,在新北市各投開票所,新北市,　新莊區,萬安里,0897,29,252,457,738,7,745,0,745,280,1025,72.6829
第15任總統副總統,在新北市各投開票所,新北市,　新莊區,萬安里,0898,35,265,522,822,7,829,0,829,334,1163,71.2812
第15任總統副總統,在新北市各投開票所,新北市,　新莊區,建福里,0899,34,322,480,836,10,846,0,846,267,1113,76.0108
第15任總統副總統,在新北市各投開票所,新北市,　新莊區,建福里,0900,44,256,520,820,10,830,0,830,238,1068,77.7154
第15任總統副總統,在新北市各投開票所,新北市,　新莊區,後港里,0901,43,228,545,816,7,823,0,823,243,1066,77.2045
第15任總統副總統,在新北市各投開票所,新北市,　新莊區,後港里,0902,55,302,640,997,10,1007,0,1007,316,1323,76.1149
第15任總統副總統,在新北市各投開票所,新北市,　新莊區,後港里,0903,35,268,649,952,4,956,0,956,218,1174,81.4310
第15任總統副總統,在新北市各投開票所,新北市,　新莊區,後港里,0904,55,320,605,980,11,991,0,991,284,1275,77.7255
第15任總統副總統,在新北市各投開票所,新北市,　新莊區,後港里,0905,38,351,608,997,8,1005,0,1005,272,1277,78.7001
第15任總統副總統,在新北市各投開票所,新北市,　新莊區,四維里,0906,38,285,619,942,11,953,0,953,436,1389,68.6105
第15任總統副總統,在新北市各投開票所,新北市,　新莊區,四維里,0907,34,270,620,924,8,932,0,932,366,1298,71.8028
第15任總統副總統,在新北市各投開票所,新北市,　新莊區,四維里,0908,43,290,652,985,6,991,0,991,384,1375,72.0727
第15任總統副總統,在新北市各投開票所,新北市,　新莊區,南港里,0909,48,246,527,821,9,830,0,830,274,1104,75.1812
第15任總統副總統,在新北市各投開票所,新北市,　新莊區,南港里,0910,47,245,511,803,11,814,0,814,296,1110,73.3333
第15任總統副總統,在新北市各投開票所,新北市,　新莊區,南港里,0911,46,272,554,872,11,883,0,883,283,1166,75.7290
第15任總統副總統,在新北市各投開票所,新北市,　新莊區,南港里,0912,46,305,541,892,13,905,0,905,279,1184,76.4358
第15任總統副總統,在新北市各投開票所,新北市,　新莊區,建安里,0913,52,358,675,1085,9,1094,0,1094,339,1433,76.3433
第15任總統副總統,在新北市各投開票所,新北市,　新莊區,建安里,0914,66,319,671,1056,11,1067,0,1067,346,1413,75.5131
第15任總統副總統,在新北市各投開票所,新北市,　新莊區,建安里,0915,49,337,675,1061,10,1071,0,1071,389,1460,73.3562
第15任總統副總統,在新北市各投開票所,新北市,　新莊區,建安里,0916,41,327,710,1078,16,1094,0,1094,322,1416,77.2599
第15任總統副總統,在新北市各投開票所,新北市,　新莊區,民全里,0917,37,260,476,773,10,783,0,783,220,1003,78.0658
第15任總統副總統,在新北市各投開票所,新北市,　新莊區,民全里,0918,38,256,561,855,6,861,0,861,266,1127,76.3975
第15任總統副總統,在新北市各投開票所,新北市,　新莊區,民全里,0919,38,241,505,784,7,791,0,791,265,1056,74.9053
第15任總統副總統,在新北市各投開票所,新北市,　新莊區,八德里,0920,28,292,651,971,8,979,0,979,439,1418,69.0409
第15任總統副總統,在新北市各投開票所,新北市,　新莊區,八德里,0921,51,300,625,976,16,992,0,992,283,1275,77.8039
第15任總統副總統,在新北市各投開票所,新北市,　新莊區,成德里,0922,55,302,634,991,16,1007,0,1007,372,1379,73.0239
第15任總統副總統,在新北市各投開票所,新北市,　新莊區,成德里,0923,45,338,677,1060,9,1069,0,1069,399,1468,72.8202
第15任總統副總統,在新北市各投開票所,新北市,　新莊區,成德里,0924,53,345,621,1019,14,1033,0,1033,379,1412,73.1586
第15任總統副總統,在新北市各投開票所,新北市,　新莊區,民安里,0925,42,253,636,931,12,943,0,943,354,1297,72.7062
第15任總統副總統,在新北市各投開票所,新北市,　新莊區,民安里,0926,54,367,638,1059,14,1073,0,1073,300,1373,78.1500
第15任總統副總統,在新北市各投開票所,新北市,　新莊區,民安里,0927,51,258,594,903,7,910,0,910,279,1189,76.5349
第15任總統副總統,在新北市各投開票所,新北市,　新莊區,民安里,0928,30,344,520,894,5,899,0,899,310,1209,74.3590
第15任總統副總統,在新北市各投開票所,新北市,　新莊區,民有里,0929,47,268,534,849,12,861,4,865,281,1146,75.1309
第15任總統副總統,在新北市各投開票所,新北市,　新莊區,民有里,0930,49,268,414,731,9,740,0,740,214,954,77.5681
第15任總統副總統,在新北市各投開票所,新北市,　新莊區,民有里,0931,39,330,646,1015,16,1031,0,1031,269,1300,79.3077
第15任總統副總統,在新北市各投開票所,新北市,　新莊區,民本里,0932,33,241,652,926,17,943,0,943,362,1305,72.2605
第15任總統副總統,在新北市各投開票所,新北市,　新莊區,民本里,0933,32,279,573,884,9,893,0,893,388,1281,69.7112
第15任總統副總統,在新北市各投開票所,新北市,　新莊區,光明里,0934,37,311,609,957,9,966,0,966,384,1350,71.5556
第15任總統副總統,在新北市各投開票所,新北市,　新莊區,光明里,0935,48,316,613,977,9,986,0,986,340,1326,74.3590
第15任總統副總統,在新北市各投開票所,新北市,　新莊區,光明里,0936,48,290,683,1021,8,1029,0,1029,306,1335,77.0787
第15任總統副總統,在新北市各投開票所,新北市,　新莊區,光正里,0937,45,273,581,899,10,909,0,909,277,1186,76.6442
第15任總統副總統,在新北市各投開票所,新北市,　新莊區,光正里,0938,54,310,590,954,11,965,0,965,280,1245,77.5100
第15任總統副總統,在新北市各投開票所,新北市,　新莊區,光正里,0939,49,361,519,929,9,938,0,938,307,1245,75.3414
第15任總統副總統,在新北市各投開票所,新北市,　新莊區,光榮里,0940,40,331,535,906,10,916,0,916,328,1244,73.6334
第15任總統副總統,在新北市各投開票所,新北市,　新莊區,光榮里,0941,40,309,548,897,14,911,0,911,292,1203,75.7273
第15任總統副總統,在新北市各投開票所,新北市,　新莊區,光榮里,0942,30,306,543,879,6,885,0,885,345,1230,71.9512
第15任總統副總統,在新北市各投開票所,新北市,　新莊區,光和里,0943,35,232,625,892,13,905,0,905,319,1224,73.9379
第15任總統副總統,在新北市各投開票所,新北市,　新莊區,光和里,0944,46,239,550,835,9,844,0,844,331,1175,71.8298
第15任總統副總統,在新北市各投開票所,新北市,　新莊區,光華里,0945,43,278,531,852,8,860,0,860,350,1210,71.0744
第15任總統副總統,在新北市各投開票所,新北市,　新莊區,光華里,0946,29,290,564,883,6,889,0,889,310,1199,74.1451
第15任總統副總統,在新北市各投開票所,新北市,　新莊區,光華里,0947,31,282,565,878,6,884,0,884,348,1232,71.7532
第15任總統副總統,在新北市各投開票所,新北市,　新莊區,光華里,0948,38,219,560,817,7,824,0,824,353,1177,70.0085
第15任總統副總統,在新北市各投開票所,新北市,　新莊區,光華里,0949,47,312,555,914,10,924,0,924,273,1197,77.1930
第15任總統副總統,在新北市各投開票所,新北市,　新莊區,西盛里,0950,37,260,540,837,10,847,0,847,273,1120,75.6250
第15任總統副總統,在新北市各投開票所,新北市,　新莊區,西盛里,0951,34,253,564,851,8,859,0,859,249,1108,77.5271
第15任總統副總統,在新北市各投開票所,新北市,　新莊區,西盛里,0952,51,389,680,1120,12,1132,0,1132,318,1450,78.0690
第15任總統副總統,在新北市各投開票所,新北市,　新莊區,西盛里,0953,31,244,513,788,10,798,0,798,239,1037,76.9527
第15任總統副總統,在新北市各投開票所,新北市,　新莊區,西盛里,0954,55,227,498,780,9,789,0,789,316,1105,71.4027
第15任總統副總統,在新北市各投開票所,新北市,　新莊區,西盛里,0955,55,412,532,999,13,1012,0,1012,322,1334,75.8621
第15任總統副總統,在新北市各投開票所,新北市,　新莊區,西盛里,0956,58,338,647,1043,17,1060,0,1060,344,1404,75.4986
第15任總統副總統,在新北市各投開票所,新北市,　新莊區,西盛里,0957,48,317,608,973,15,988,0,988,351,1339,73.7864
第15任總統副總統,在新北市各投開票所,新北市,　新店區,新店里,2080,59,469,660,1188,13,1201,0,1201,388,1589,75.5821
第15任總統副總統,在新北市各投開票所,新北市,　新店區,張南里,2081,61,735,635,1431,12,1443,0,1443,452,1895,76.1478
第15任總統副總統,在新北市各投開票所,新北市,　新店區,國校里,2082,31,361,377,769,12,781,0,781,261,1042,74.9520
第15任總統副總統,在新北市各投開票所,新北市,　新店區,國校里,2083,30,438,427,895,12,907,0,907,282,1189,76.2826
第15任總統副總統,在新北市各投開票所,新北市,　新店區,文中里,2084,56,652,459,1167,14,1181,0,1181,363,1544,76.4896
第15任總統副總統,在新北市各投開票所,新北市,　新店區,廣明里,2085,15,207,361,583,4,587,0,587,189,776,75.6443
第15任總統副總統,在新北市各投開票所,新北市,　新店區,文明里,2086,51,390,528,969,9,978,0,978,277,1255,77.9283
第15任總統副總統,在新北市各投開票所,新北市,　新店區,文明里,2087,38,372,357,767,13,780,0,780,212,992,78.6290
第15任總統副總統,在新北市各投開票所,新北市,　新店區,中興里,2088,48,657,423,1128,12,1140,0,1140,339,1479,77.0791
第15任總統副總統,在新北市各投開票所,新北市,　新店區,中興里,2089,48,691,475,1214,8,1222,0,1222,343,1565,78.0831
第15任總統副總統,在新北市各投開票所,新北市,　新店區,中興里,2090,68,529,521,1118,8,1126,0,1126,390,1516,74.2744
第15任總統副總統,在新北市各投開票所,新北市,　新店區,新生里,2091,74,994,524,1592,15,1607,0,1607,392,1999,80.3902
第15任總統副總統,在新北市各投開票所,新北市,　新店區,新生里,2092,37,523,577,1137,11,1148,0,1148,347,1495,76.7893
第15任總統副總統,在新北市各投開票所,新北市,　新店區,新生里,2093,60,595,602,1257,12,1269,0,1269,449,1718,73.8650
第15任總統副總統,在新北市各投開票所,新北市,　新店區,新德里,2094,45,500,478,1023,12,1035,1,1036,309,1345,76.9517
第15任總統副總統,在新北市各投開票所,新北市,　新店區,新德里,2095,40,360,403,803,5,808,0,808,283,1091,74.0605
第15任總統副總統,在新北市各投開票所,新北市,　新店區,張北里,2096,40,507,464,1011,13,1024,0,1024,400,1424,71.9101
第15任總統副總統,在新北市各投開票所,新北市,　新店區,張北里,2097,43,600,544,1187,18,1205,0,1205,355,1560,77.2436
第15任總統副總統,在新北市各投開票所,新北市,　新店區,張北里,2098,39,555,426,1020,13,1033,0,1033,361,1394,74.1033
第15任總統副總統,在新北市各投開票所,新北市,　新店區,張北里,2099,40,676,467,1183,16,1199,0,1199,352,1551,77.3050
第15任總統副總統,在新北市各投開票所,新北市,　新店區,張北里,2100,74,830,549,1453,9,1462,0,1462,439,1901,76.9069
第15任總統副總統,在新北市各投開票所,新北市,　新店區,五峯里,2101,52,735,613,1400,25,1425,0,1425,434,1859,76.6541
第15任總統副總統,在新北市各投開票所,新北市,　新店區,五峯里,2102,47,724,612,1383,17,1400,0,1400,442,1842,76.0043
第15任總統副總統,在新北市各投開票所,新北市,　新店區,五峯里,2103,35,681,481,1197,11,1208,0,1208,346,1554,77.7349
第15任總統副總統,在新北市各投開票所,新北市,　新店區,五峯里,2104,47,550,554,1151,15,1166,0,1166,356,1522,76.6097
第15任總統副總統,在新北市各投開票所,新北市,　新店區,長春里,2105,49,457,389,895,8,903,0,903,275,1178,76.6553
第15任總統副總統,在新北市各投開票所,新北市,　新店區,長春里,2106,33,450,327,810,15,825,0,825,274,1099,75.0682
第15任總統副總統,在新北市各投開票所,新北市,　新店區,新安里,2107,31,468,341,840,5,845,0,845,270,1115,75.7848
第15任總統副總統,在新北市各投開票所,新北市,　新店區,新安里,2108,32,367,248,647,7,654,0,654,1978,2632,24.8480
第15任總統副總統,在新北市各投開票所,新北市,　新店區,新安里,2109,25,400,306,731,8,739,0,739,199,938,78.7846
第15任總統副總統,在新北市各投開票所,新北市,　新店區,新安里,2110,40,447,324,811,5,816,0,816,302,1118,72.9875
第15任總統副總統,在新北市各投開票所,新北市,　新店區,忠誠里,2111,31,473,365,869,10,879,0,879,209,1088,80.7904
第15任總統副總統,在新北市各投開票所,新北市,　新店區,忠誠里,2112,27,435,362,824,9,833,0,833,252,1085,76.7742
第15任總統副總統,在新北市各投開票所,新北市,　新店區,中正里,2113,35,555,479,1069,13,1082,0,1082,293,1375,78.6909
第15任總統副總統,在新北市各投開票所,新北市,　新店區,中正里,2114,47,646,500,1193,10,1203,0,1203,418,1621,74.2134
第15任總統副總統,在新北市各投開票所,新北市,　新店區,中正里,2115,33,520,324,877,13,890,0,890,261,1151,77.3241
第15任總統副總統,在新北市各投開票所,新北市,　新店區,中正里,2116,41,551,331,923,9,932,0,932,377,1309,71.1994
第15任總統副總統,在新北市各投開票所,新北市,　新店區,中華里,2117,44,582,336,962,10,972,0,972,291,1263,76.9596
第15任總統副總統,在新北市各投開票所,新北市,　新店區,中華里,2118,39,530,336,905,13,918,0,918,290,1208,75.9934
第15任總統副總統,在新北市各投開票所,新北市,　新店區,中華里,2119,38,590,401,1029,16,1045,0,1045,333,1378,75.8345
第15任總統副總統,在新北市各投開票所,新北市,　新店區,仁愛里,2120,41,380,304,725,6,731,0,731,203,934,78.2655
第15任總統副總統,在新北市各投開票所,新北市,　新店區,仁愛里,2121,26,404,244,674,8,682,0,682,197,879,77.5882
第15任總統副總統,在新北市各投開票所,新北市,　新店區,建國里,2122,43,668,456,1167,13,1180,0,1180,361,1541,76.5737
第15任總統副總統,在新北市各投開票所,新北市,　新店區,建國里,2123,49,561,360,970,12,982,0,982,283,1265,77.6285
第15任總統副總統,在新北市各投開票所,新北市,　新店區,百忍里,2124,39,385,271,695,12,707,0,707,225,932,75.8584
第15任總統副總統,在新北市各投開票所,新北市,　新店區,百忍里,2125,30,476,335,841,11,852,0,852,256,1108,76.8953
第15任總統副總統,在新北市各投開票所,新北市,　新店區,百忍里,2126,31,585,445,1061,10,1071,0,1071,313,1384,77.3844
第15任總統副總統,在新北市各投開票所,新北市,　新店區,百和里,2127,39,553,528,1120,10,1130,0,1130,310,1440,78.4722
第15任總統副總統,在新北市各投開票所,新北市,　新店區,百和里,2128,37,559,445,1041,7,1048,0,1048,364,1412,74.2210
第15任總統副總統,在新北市各投開票所,新北市,　新店區,福德里,2129,54,616,573,1243,13,1256,0,1256,450,1706,73.6225
第15任總統副總統,在新北市各投開票所,新北市,　新店區,福德里,2130,54,693,609,1356,18,1374,0,1374,408,1782,77.1044
第15任總統副總統,在新北市各投開票所,新北市,　新店區,百福里,2131,49,617,482,1148,9,1157,0,1157,308,1465,78.9761
第15任總統副總統,在新北市各投開票所,新北市,　新店區,百福里,2132,66,745,570,1381,16,1397,0,1397,396,1793,77.9141
第15任總統副總統,在新北市各投開票所,新北市,　新店區,福民里,2133,38,642,349,1029,12,1041,0,1041,254,1295,80.3861
第15任總統副總統,在新北市各投開票所,新北市,　新店區,福民里,2134,40,585,312,937,14,951,1,952,315,1267,75.0592
第15任總統副總統,在新北市各投開票所,新北市,　新店區,福民里,2135,40,498,288,826,6,832,0,832,309,1141,72.9185
第15任總統副總統,在新北市各投開票所,新北市,　新店區,中山里,2136,32,383,206,621,6,627,0,627,165,792,79.1667
第15任總統副總統,在新北市各投開票所,新北市,　新店區,中山里,2137,72,850,522,1444,21,1465,0,1465,422,1887,77.6365
第15任總統副總統,在新北市各投開票所,新北市,　新店區,中山里,2138,45,644,371,1060,10,1070,0,1070,299,1369,78.1592
第15任總統副總統,在新北市各投開票所,新北市,　新店區,和平里,2139,26,329,240,595,9,604,0,604,196,800,75.5000
第15任總統副總統,在新北市各投開票所,新北市,　新店區,中央里,2140,35,633,426,1094,15,1109,0,1109,299,1408,78.7642
第15任總統副總統,在新北市各投開票所,新北市,　新店區,中央里,2141,46,526,325,897,10,907,0,907,246,1153,78.6644
第15任總統副總統,在新北市各投開票所,新北市,　新店區,中央里,2142,60,588,431,1079,12,1091,0,1091,301,1392,78.3764
第15任總統副總統,在新北市各投開票所,新北市,　新店區,中央里,2143,43,554,387,984,12,996,0,996,255,1251,79.6163
第15任總統副總統,在新北市各投開票所,新北市,　新店區,國豐里,2144,49,644,426,1119,16,1135,0,1135,337,1472,77.1060
第15任總統副總統,在新北市各投開票所,新北市,　新店區,國豐里,2145,36,627,413,1076,11,1087,0,1087,345,1432,75.9078
第15任總統副總統,在新北市各投開票所,新北市,　新店區,明德里,2146,30,537,349,916,10,926,0,926,295,1221,75.8395
第15任總統副總統,在新北市各投開票所,新北市,　新店區,明德里,2147,32,460,366,858,13,871,0,871,266,1137,76.6051
第15任總統副總統,在新北市各投開票所,新北市,　新店區,明德里,2148,52,470,390,912,6,918,0,918,258,1176,78.0612
第15任總統副總統,在新北市各投開票所,新北市,　新店區,大豐里,2149,53,644,581,1278,13,1291,0,1291,376,1667,77.4445
第15任總統副總統,在新北市各投開票所,新北市,　新店區,大豐里,2150,46,637,490,1173,15,1188,0,1188,479,1667,71.2657
第15任總統副總統,在新北市各投開票所,新北市,　新店區,大同里,2151,68,664,640,1372,12,1384,0,1384,343,1727,80.1390
第15任總統副總統,在新北市各投開票所,新北市,　新店區,大同里,2152,56,725,620,1401,12,1413,0,1413,369,1782,79.2929
第15任總統副總統,在新北市各投開票所,新北市,　新店區,江陵里,2153,38,698,553,1289,21,1310,0,1310,378,1688,77.6066
第15任總統副總統,在新北市各投開票所,新北市,　新店區,江陵里,2154,47,680,528,1255,6,1261,0,1261,361,1622,77.7435
第15任總統副總統,在新北市各投開票所,新北市,　新店區,江陵里,2155,55,596,509,1160,21,1181,0,1181,377,1558,75.8023
第15任總統副總統,在新北市各投開票所,新北市,　新店區,復興里,2156,56,464,512,1032,11,1043,3,1046,418,1464,71.2432
第15任總統副總統,在新北市各投開票所,新北市,　新店區,復興里,2157,38,572,437,1047,16,1063,0,1063,418,1481,71.7758
第15任總統副總統,在新北市各投開票所,新北市,　新店區,寶興里,2158,42,720,453,1215,18,1233,5,1238,387,1625,75.8769
第15任總統副總統,在新北市各投開票所,新北市,　新店區,寶興里,2159,45,682,526,1253,19,1272,0,1272,367,1639,77.6083
第15任總統副總統,在新北市各投開票所,新北市,　新店區,寶興里,2160,51,536,579,1166,15,1181,0,1181,317,1498,78.8385
第15任總統副總統,在新北市各投開票所,新北市,　新店區,寶福里,2161,47,418,494,959,7,966,0,966,321,1287,75.0583
第15任總統副總統,在新北市各投開票所,新北市,　新店區,寶福里,2162,63,592,484,1139,18,1157,0,1157,382,1539,75.1787
第15任總統副總統,在新北市各投開票所,新北市,　新店區,寶福里,2163,76,899,564,1539,18,1557,0,1557,413,1970,79.0355
第15任總統副總統,在新北市各投開票所,新北市,　新店區,寶福里,2164,50,639,448,1137,23,1160,0,1160,316,1476,78.5908
第15任總統副總統,在新北市各投開票所,新北市,　新店區,寶安里,2165,58,698,525,1281,15,1296,0,1296,413,1709,75.8338
第15任總統副總統,在新北市各投開票所,新北市,　新店區,寶安里,2166,41,729,483,1253,20,1273,0,1273,426,1699,74.9264
第15任總統副總統,在新北市各投開票所,新北市,　新店區,寶安里,2167,54,651,488,1193,11,1204,0,1204,337,1541,78.1311
第15任總統副總統,在新北市各投開票所,新北市,　新店區,信義里,2168,48,554,454,1056,13,1069,0,1069,286,1355,78.8930
第15任總統副總統,在新北市各投開票所,新北市,　新店區,信義里,2169,65,593,591,1249,24,1273,0,1273,359,1632,78.0025
第15任總統副總統,在新北市各投開票所,新北市,　新店區,信義里,2170,41,438,570,1049,12,1061,0,1061,344,1405,75.5160
第15任總統副總統,在新北市各投開票所,新北市,　新店區,信義里,2171,50,594,569,1213,14,1227,0,1227,385,1612,76.1166
第15任總統副總統,在新北市各投開票所,新北市,　新店區,忠孝里,2172,44,548,397,989,7,996,0,996,341,1337,74.4951
第15任總統副總統,在新北市各投開票所,新北市,　新店區,忠孝里,2173,19,536,284,839,8,847,0,847,289,1136,74.5599
第15任總統副總統,在新北市各投開票所,新北市,　新店區,大鵬里,2174,29,720,235,984,6,990,0,990,223,1213,81.6158
第15任總統副總統,在新北市各投開票所,新北市,　新店區,大鵬里,2175,29,692,234,955,4,959,0,959,262,1221,78.5422
第15任總統副總統,在新北市各投開票所,新北市,　新店區,太平里,2176,49,555,509,1113,4,1117,0,1117,390,1507,74.1208
第15任總統副總統,在新北市各投開票所,新北市,　新店區,太平里,2177,58,519,356,933,9,942,0,942,322,1264,74.5253
第15任總統副總統,在新北市各投開票所,新北市,　新店區,美城里,2178,40,461,402,903,13,916,0,916,308,1224,74.8366
第15任總統副總統,在新北市各投開票所,新北市,　新店區,美城里,2179,47,476,402,925,21,946,0,946,275,1221,77.4775
第15任總統副總統,在新北市各投開票所,新北市,　新店區,頂城里,2180,50,506,461,1017,20,1037,0,1037,518,1555,66.6881
第15任總統副總統,在新北市各投開票所,新北市,　新店區,下城里,2181,33,484,530,1047,10,1057,0,1057,390,1447,73.0477
第15任總統副總統,在新北市各投開票所,新北市,　新店區,下城里,2182,36,461,556,1053,8,1061,0,1061,393,1454,72.9711
第15任總統副總統,在新北市各投開票所,新北市,　新店區,柴埕里,2183,45,584,517,1146,12,1158,0,1158,358,1516,76.3852
第15任總統副總統,在新北市各投開票所,新北市,　新店區,柴埕里,2184,40,569,544,1153,13,1166,0,1166,419,1585,73.5647
第15任總統副總統,在新北市各投開票所,新北市,　新店區,柴埕里,2185,51,447,660,1158,19,1177,0,1177,437,1614,72.9244
第15任總統副總統,在新北市各投開票所,新北市,　新店區,柴埕里,2186,60,503,595,1158,13,1171,0,1171,388,1559,75.1123
第15任總統副總統,在新北市各投開票所,新北市,　新店區,柴埕里,2187,39,594,487,1120,10,1130,0,1130,412,1542,73.2815
第15任總統副總統,在新北市各投開票所,新北市,　新店區,安和里,2188,70,685,640,1395,18,1413,0,1413,433,1846,76.5439
第15任總統副總統,在新北市各投開票所,新北市,　新店區,安和里,2189,47,581,647,1275,22,1297,0,1297,422,1719,75.4508
第15任總統副總統,在新北市各投開票所,新北市,　新店區,安和里,2190,48,456,485,989,9,998,0,998,335,1333,74.8687
第15任總統副總統,在新北市各投開票所,新北市,　新店區,安和里,2191,67,664,616,1347,8,1355,0,1355,427,1782,76.0382
第15任總統副總統,在新北市各投開票所,新北市,　新店區,永安里,2192,57,481,517,1055,16,1071,0,1071,376,1447,74.0152
第15任總統副總統,在新北市各投開票所,新北市,　新店區,永安里,2193,55,494,615,1164,10,1174,0,1174,395,1569,74.8247
第15任總統副總統,在新北市各投開票所,新北市,　新店區,永安里,2194,52,495,529,1076,7,1083,0,1083,391,1474,73.4735
第15任總統副總統,在新北市各投開票所,新北市,　新店區,新和里,2195,68,715,579,1362,21,1383,0,1383,486,1869,73.9968
第15任總統副總統,在新北市各投開票所,新北市,　新店區,新和里,2196,52,646,670,1368,10,1378,0,1378,449,1827,75.4242
第15任總統副總統,在新北市各投開票所,新北市,　新店區,永平里,2197,52,558,538,1148,18,1166,0,1166,407,1573,74.1259
第15任總統副總統,在新北市各投開票所,新北市,　新店區,永平里,2198,57,592,557,1206,9,1215,0,1215,369,1584,76.7045
第15任總統副總統,在新北市各投開票所,新北市,　新店區,永平里,2199,54,585,619,1258,11,1269,0,1269,412,1681,75.4908
第15任總統副總統,在新北市各投開票所,新北市,　新店區,公崙里,2200,39,624,678,1341,7,1348,0,1348,458,1806,74.6401
第15任總統副總統,在新北市各投開票所,新北市,　新店區,公崙里,2201,52,645,685,1382,8,1390,0,1390,443,1833,75.8320
第15任總統副總統,在新北市各投開票所,新北市,　新店區,公崙里,2202,59,632,588,1279,12,1291,0,1291,448,1739,74.2381
第15任總統副總統,在新北市各投開票所,新北市,　新店區,公崙里,2203,74,750,648,1472,18,1490,0,1490,476,1966,75.7884
第15任總統副總統,在新北市各投開票所,新北市,　新店區,公崙里,2204,59,662,647,1368,7,1375,0,1375,410,1785,77.0308
第15任總統副總統,在新北市各投開票所,新北市,　新店區,公崙里,2205,41,658,555,1254,21,1275,0,1275,420,1695,75.2212
第15任總統副總統,在新北市各投開票所,新北市,　新店區,安昌里,2206,62,560,527,1149,12,1161,0,1161,326,1487,78.0767
第15任總統副總統,在新北市各投開票所,新北市,　新店區,安昌里,2207,56,653,548,1257,12,1269,0,1269,362,1631,77.8050
第15任總統副總統,在新北市各投開票所,新北市,　新店區,安昌里,2208,67,561,580,1208,4,1212,0,1212,371,1583,76.5635
第15任總統副總統,在新北市各投開票所,新北市,　新店區,德安里,2209,50,507,560,1117,13,1130,0,1130,420,1550,72.9032
第15任總統副總統,在新北市各投開票所,新北市,　新店區,德安里,2210,79,713,721,1513,22,1535,0,1535,485,2020,75.9901
第15任總統副總統,在新北市各投開票所,新北市,　新店區,德安里,2211,57,544,690,1291,15,1306,0,1306,526,1832,71.2882
第15任總統副總統,在新北市各投開票所,新北市,　新店區,達觀里,2212,69,838,523,1430,16,1446,0,1446,523,1969,73.4383
第15任總統副總統,在新北市各投開票所,新北市,　新店區,達觀里,2213,44,667,428,1139,8,1147,0,1147,427,1574,72.8717
第15任總統副總統,在新北市各投開票所,新北市,　新店區,明城里,2214,68,723,482,1273,13,1286,0,1286,378,1664,77.2837
第15任總統副總統,在新北市各投開票所,新北市,　新店區,明城里,2215,39,634,412,1085,13,1098,0,1098,312,1410,77.8723
第15任總統副總統,在新北市各投開票所,新北市,　新店區,小城里,2216,43,653,518,1214,14,1228,0,1228,358,1586,77.4275
第15任總統副總統,在新北市各投開票所,新北市,　新店區,小城里,2217,55,774,459,1288,19,1307,0,1307,408,1715,76.2099
第15任總統副總統,在新北市各投開票所,新北市,　新店區,雙城里,2218,30,308,354,692,6,698,0,698,292,990,70.5051
第15任總統副總統,在新北市各投開票所,新北市,　新店區,雙城里,2219,35,375,443,853,11,864,0,864,265,1129,76.5279
第15任總統副總統,在新北市各投開票所,新北市,　新店區,雙城里,2220,58,641,603,1302,19,1321,0,1321,480,1801,73.3481
第15任總統副總統,在新北市各投開票所,新北市,　新店區,雙城里,2221,33,341,463,837,11,848,0,848,309,1157,73.2930
第15任總統副總統,在新北市各投開票所,新北市,　新店區,香坡里,2222,43,558,450,1051,11,1062,0,1062,376,1438,73.8526
第15任總統副總統,在新北市各投開票所,新北市,　新店區,香坡里,2223,38,470,328,836,5,841,0,841,282,1123,74.8887
第15任總統副總統,在新北市各投開票所,新北市,　新店區,香坡里,2224,51,896,614,1561,10,1571,0,1571,619,2190,71.7352
第15任總統副總統,在新北市各投開票所,新北市,　新店區,香坡里,2225,60,845,560,1465,12,1477,0,1477,598,2075,71.1807
第15任總統副總統,在新北市各投開票所,新北市,　新店區,香坡里,2226,34,527,329,890,13,903,0,903,254,1157,78.0467
第15任總統副總統,在新北市各投開票所,新北市,　新店區,香坡里,2227,54,678,452,1184,4,1188,0,1188,392,1580,75.1899
第15任總統副總統,在新北市各投開票所,新北市,　新店區,日興里,2228,58,545,759,1362,14,1376,0,1376,570,1946,70.7091
第15任總統副總統,在新北市各投開票所,新北市,　新店區,日興里,2229,60,575,536,1171,14,1185,0,1185,423,1608,73.6940
第15任總統副總統,在新北市各投開票所,新北市,　新店區,日興里,2230,35,517,561,1113,27,1140,0,1140,487,1627,70.0676
第15任總統副總統,在新北市各投開票所,新北市,　新店區,玫瑰里,2231,62,718,586,1366,11,1377,0,1377,528,1905,72.2835
第15任總統副總統,在新北市各投開票所,新北市,　新店區,玫瑰里,2232,57,662,609,1328,10,1338,0,1338,424,1762,75.9364
第15任總統副總統,在新北市各投開票所,新北市,　新店區,玫瑰里,2233,52,669,496,1217,9,1226,0,1226,375,1601,76.5771
第15任總統副總統,在新北市各投開票所,新北市,　新店區,吉祥里,2234,53,502,299,854,13,867,0,867,257,1124,77.1352
第15任總統副總統,在新北市各投開票所,新北市,　新店區,吉祥里,2235,42,694,444,1180,11,1191,0,1191,383,1574,75.6671
第15任總統副總統,在新北市各投開票所,新北市,　新店區,吉祥里,2236,53,687,413,1153,11,1164,0,1164,390,1554,74.9035
第15任總統副總統,在新北市各投開票所,新北市,　新店區,塗潭里,2237,16,174,467,657,6,663,3,666,256,922,71.9089
第15任總統副總統,在新北市各投開票所,新北市,　新店區,華城里,2238,25,376,309,710,10,720,0,720,286,1006,71.5706
第15任總統副總統,在新北市各投開票所,新北市,　新店區,華城里,2239,43,555,462,1060,25,1085,0,1085,338,1423,76.2474
第15任總統副總統,在新北市各投開票所,新北市,　新店區,青潭里,2240,54,591,697,1342,14,1356,0,1356,461,1817,74.6285
第15任總統副總統,在新北市各投開票所,新北市,　新店區,青潭里,2241,53,527,467,1047,17,1064,0,1064,367,1431,74.3536
第15任總統副總統,在新北市各投開票所,新北市,　新店區,青潭里,2242,44,496,524,1064,19,1083,0,1083,375,1458,74.2798
第15任總統副總統,在新北市各投開票所,新北市,　新店區,美潭里,2243,49,651,634,1334,21,1355,0,1355,464,1819,74.4915
第15任總統副總統,在新北市各投開票所,新北市,　新店區,美潭里,2244,48,560,612,1220,14,1234,0,1234,486,1720,71.7442
第15任總統副總統,在新北市各投開票所,新北市,　新店區,美潭里,2245,40,494,332,866,5,871,0,871,233,1104,78.8949
第15任總統副總統,在新北市各投開票所,新北市,　新店區,員潭里,2246,46,505,452,1003,12,1015,0,1015,379,1394,72.8121
第15任總統副總統,在新北市各投開票所,新北市,　新店區,員潭里,2247,62,680,557,1299,19,1318,0,1318,464,1782,73.9618
第15任總統副總統,在新北市各投開票所,新北市,　新店區,員潭里,2248,38,437,491,966,6,972,0,972,361,1333,72.9182
第15任總統副總統,在新北市各投開票所,新北市,　新店區,雙坑里,2249,22,178,299,499,4,503,0,503,227,730,68.9041
第15任總統副總統,在新北市各投開票所,新北市,　新店區,粗坑里,2250,19,152,254,425,3,428,0,428,129,557,76.8402
第15任總統副總統,在新北市各投開票所,新北市,　新店區,粗坑里,2251,59,756,811,1626,26,1652,0,1652,542,2194,75.2963
第15任總統副總統,在新北市各投開票所,新北市,　新店區,屈尺里,2252,19,286,470,775,5,780,0,780,293,1073,72.6934
第15任總統副總統,在新北市各投開票所,新北市,　新店區,屈尺里,2253,28,368,410,806,17,823,0,823,310,1133,72.6390
第15任總統副總統,在新北市各投開票所,新北市,　新店區,龜山里,2254,36,438,626,1100,15,1115,0,1115,474,1589,70.1699
第15任總統副總統,在新北市各投開票所,新北市,　新店區,廣興里,2255,28,277,596,901,8,909,0,909,358,1267,71.7443
第15任總統副總統,在新北市各投開票所,新北市,　新店區,直潭里,2256,11,87,195,293,4,297,0,297,131,428,69.3925
第15任總統副總統,在新北市各投開票所,新北市,　新店區,直潭里,2257,21,206,342,569,11,580,0,580,166,746,77.7480
第15任總統副總統,在新北市各投開票所,新北市,　樹林區,三興里,0958,46,288,478,812,10,822,0,822,337,1159,70.9232
第15任總統副總統,在新北市各投開票所,新北市,　樹林區,三興里,0959,55,331,598,984,13,997,0,997,337,1334,74.7376
第15任總統副總統,在新北市各投開票所,新北市,　樹林區,三興里,0960,52,378,668,1098,16,1114,0,1114,537,1651,67.4743
第15任總統副總統,在新北市各投開票所,新北市,　樹林區,三福里,0961,26,287,472,785,16,801,0,801,300,1101,72.7520
第15任總統副總統,在新北市各投開票所,新北市,　樹林區,三福里,0962,30,319,482,831,9,840,0,840,264,1104,76.0870
第15任總統副總統,在新北市各投開票所,新北市,　樹林區,三福里,0963,30,367,523,920,11,931,0,931,260,1191,78.1696
第15任總統副總統,在新北市各投開票所,新北市,　樹林區,三多里,0964,57,417,851,1325,25,1350,0,1350,567,1917,70.4225
第15任總統副總統,在新北市各投開票所,新北市,　樹林區,三多里,0965,71,355,773,1199,17,1216,0,1216,396,1612,75.4342
第15任總統副總統,在新北市各投開票所,新北市,　樹林區,三龍里,0966,23,150,343,516,4,520,0,520,175,695,74.8201
第15任總統副總統,在新北市各投開票所,新北市,　樹林區,三龍里,0967,43,287,529,859,9,868,0,868,224,1092,79.4872
第15任總統副總統,在新北市各投開票所,新北市,　樹林區,獇寮里,0968,60,286,664,1010,11,1021,0,1021,339,1360,75.0735
第15任總統副總統,在新北市各投開票所,新北市,　樹林區,獇寮里,0969,34,353,682,1069,9,1078,0,1078,358,1436,75.0696
第15任總統副總統,在新北市各投開票所,新北市,　樹林區,獇寮里,0970,30,339,652,1021,12,1033,0,1033,442,1475,70.0339
第15任總統副總統,在新北市各投開票所,新北市,　樹林區,光興里,0971,36,283,569,888,10,898,0,898,261,1159,77.4806
第15任總統副總統,在新北市各投開票所,新北市,　樹林區,光興里,0972,40,279,577,896,10,906,0,906,325,1231,73.5987
第15任總統副總統,在新北市各投開票所,新北市,　樹林區,光興里,0973,40,285,517,842,11,853,0,853,249,1102,77.4047
第15任總統副總統,在新北市各投開票所,新北市,　樹林區,金寮里,0974,37,285,544,866,18,884,0,884,287,1171,75.4910
第15任總統副總統,在新北市各投開票所,新北市,　樹林區,金寮里,0975,42,305,636,983,5,988,0,988,358,1346,73.4027
第15任總統副總統,在新北市各投開票所,新北市,　樹林區,金寮里,0976,48,284,559,891,14,905,0,905,303,1208,74.9172
第15任總統副總統,在新北市各投開票所,新北市,　樹林區,潭底里,0977,31,254,598,883,12,895,0,895,1066,1961,45.6400
第15任總統副總統,在新北市各投開票所,新北市,　樹林區,潭底里,0978,33,210,369,612,8,620,0,620,203,823,75.3341
第15任總統副總統,在新北市各投開票所,新北市,　樹林區,潭底里,0979,41,394,654,1089,15,1104,0,1104,349,1453,75.9807
第15任總統副總統,在新北市各投開票所,新北市,　樹林區,文林里,0980,51,351,681,1083,11,1094,0,1094,287,1381,79.2180
第15任總統副總統,在新北市各投開票所,新北市,　樹林區,文林里,0981,48,383,662,1093,8,1101,0,1101,321,1422,77.4262
第15任總統副總統,在新北市各投開票所,新北市,　樹林區,文林里,0982,64,415,641,1120,20,1140,0,1140,379,1519,75.0494
第15任總統副總統,在新北市各投開票所,新北市,　樹林區,保安里,0983,45,357,673,1075,17,1092,0,1092,330,1422,76.7932
第15任總統副總統,在新北市各投開票所,新北市,　樹林區,保安里,0984,46,416,681,1143,13,1156,0,1156,345,1501,77.0153
第15任總統副總統,在新北市各投開票所,新北市,　樹林區,保安里,0985,66,368,653,1087,11,1098,0,1098,319,1417,77.4876
第15任總統副總統,在新北市各投開票所,新北市,　樹林區,保安里,0986,44,266,507,817,11,828,0,828,250,1078,76.8089
第15任總統副總統,在新北市各投開票所,新北市,　樹林區,圳安里,0987,35,226,517,778,12,790,0,790,220,1010,78.2178
第15任總統副總統,在新北市各投開票所,新北市,　樹林區,圳安里,0988,39,220,537,796,7,803,0,803,283,1086,73.9411
第15任總統副總統,在新北市各投開票所,新北市,　樹林區,圳安里,0989,41,260,508,809,10,819,0,819,279,1098,74.5902
第15任總統副總統,在新北市各投開票所,新北市,　樹林區,圳福里,0990,62,402,651,1115,15,1130,0,1130,381,1511,74.7849
第15任總統副總統,在新北市各投開票所,新北市,　樹林區,圳福里,0991,25,297,495,817,12,829,0,829,243,1072,77.3321
第15任總統副總統,在新北市各投開票所,新北市,　樹林區,圳福里,0992,50,266,553,869,9,878,0,878,325,1203,72.9842
第15任總統副總統,在新北市各投開票所,新北市,　樹林區,圳民里,0993,47,295,576,918,10,928,1,929,297,1226,75.6933
第15任總統副總統,在新北市各投開票所,新北市,　樹林區,圳民里,0994,41,324,560,925,12,937,0,937,326,1263,74.1884
第15任總統副總統,在新北市各投開票所,新北市,　樹林區,圳生里,0995,38,265,788,1091,16,1107,0,1107,321,1428,77.5210
第15任總統副總統,在新北市各投開票所,新北市,　樹林區,樹德里,0996,46,234,360,640,9,649,0,649,225,874,74.2563
第15任總統副總統,在新北市各投開票所,新北市,　樹林區,樹德里,0997,44,377,633,1054,16,1070,0,1070,227,1297,82.4981
第15任總統副總統,在新北市各投開票所,新北市,　樹林區,樹德里,0998,30,282,433,745,9,754,0,754,236,990,76.1616
第15任總統副總統,在新北市各投開票所,新北市,　樹林區,樹福里,0999,50,457,766,1273,8,1281,0,1281,334,1615,79.3189
第15任總統副總統,在新北市各投開票所,新北市,　樹林區,樹福里,1000,51,423,711,1185,15,1200,0,1200,302,1502,79.8935
第15任總統副總統,在新北市各投開票所,新北市,　樹林區,樹西里,1001,57,380,633,1070,15,1085,0,1085,277,1362,79.6623
第15任總統副總統,在新北市各投開票所,新北市,　樹林區,樹西里,1002,52,470,689,1211,12,1223,0,1223,330,1553,78.7508
第15任總統副總統,在新北市各投開票所,新北市,　樹林區,樹西里,1003,58,431,677,1166,13,1179,0,1179,345,1524,77.3622
第15任總統副總統,在新北市各投開票所,新北市,　樹林區,樹興里,1004,34,300,401,735,11,746,0,746,251,997,74.8245
第15任總統副總統,在新北市各投開票所,新北市,　樹林區,樹興里,1005,38,299,543,880,7,887,0,887,266,1153,76.9297
第15任總統副總統,在新北市各投開票所,新北市,　樹林區,樹興里,1006,37,256,400,693,12,705,0,705,251,956,73.7448
第15任總統副總統,在新北市各投開票所,新北市,　樹林區,樹人里,1007,76,503,693,1272,8,1280,0,1280,380,1660,77.1084
第15任總統副總統,在新北市各投開票所,新北市,　樹林區,樹人里,1008,42,353,515,910,13,923,0,923,302,1225,75.3469
第15任總統副總統,在新北市各投開票所,新北市,　樹林區,育英里,1009,52,358,704,1114,7,1121,0,1121,279,1400,80.0714
第15任總統副總統,在新北市各投開票所,新北市,　樹林區,育英里,1010,52,358,586,996,17,1013,0,1013,277,1290,78.5271
第15任總統副總統,在新北市各投開票所,新北市,　樹林區,樹南里,1011,51,276,559,886,16,902,0,902,276,1178,76.5705
第15任總統副總統,在新北市各投開票所,新北市,　樹林區,樹南里,1012,54,343,556,953,6,959,0,959,309,1268,75.6309
第15任總統副總統,在新北市各投開票所,新北市,　樹林區,樹南里,1013,53,327,547,927,14,941,0,941,260,1201,78.3514
第15任總統副總統,在新北市各投開票所,新北市,　樹林區,坡內里,1014,44,378,679,1101,12,1113,0,1113,363,1476,75.4065
第15任總統副總統,在新北市各投開票所,新北市,　樹林區,樹東里,1015,38,327,444,809,12,821,0,821,265,1086,75.5985
第15任總統副總統,在新北市各投開票所,新北市,　樹林區,樹北里,1016,37,237,390,664,6,670,0,670,188,858,78.0886
第15任總統副總統,在新北市各投開票所,新北市,　樹林區,彭福里,1017,64,427,693,1184,14,1198,0,1198,456,1654,72.4305
第15任總統副總統,在新北市各投開票所,新北市,　樹林區,彭福里,1018,52,292,694,1038,7,1045,0,1045,411,1456,71.7720
第15任總統副總統,在新北市各投開票所,新北市,　樹林區,彭福里,1019,74,360,555,989,8,997,0,997,351,1348,73.9614
第15任總統副總統,在新北市各投開票所,新北市,　樹林區,和平里,1020,45,277,520,842,15,857,0,857,293,1150,74.5217
第15任總統副總統,在新北市各投開票所,新北市,　樹林區,和平里,1021,42,250,511,803,9,812,0,812,271,1083,74.9769
第15任總統副總統,在新北市各投開票所,新北市,　樹林區,和平里,1022,34,210,511,755,9,764,0,764,306,1070,71.4019
第15任總統副總統,在新北市各投開票所,新北市,　樹林區,彭興里,1023,42,249,525,816,10,826,0,826,335,1161,71.1456
第15任總統副總統,在新北市各投開票所,新北市,　樹林區,彭興里,1024,26,293,483,802,4,806,0,806,357,1163,69.3035
第15任總統副總統,在新北市各投開票所,新北市,　樹林區,彭興里,1025,39,274,591,904,9,913,0,913,317,1230,74.2276
第15任總統副總統,在新北市各投開票所,新北市,　樹林區,彭興里,1026,56,283,724,1063,10,1073,0,1073,400,1473,72.8445
第15任總統副總統,在新北市各投開票所,新北市,　樹林區,彭厝里,1027,43,310,751,1104,19,1123,0,1123,394,1517,74.0277
第15任總統副總統,在新北市各投開票所,新北市,　樹林區,彭厝里,1028,49,355,577,981,7,988,0,988,361,1349,73.2394
第15任總統副總統,在新北市各投開票所,新北市,　樹林區,彭厝里,1029,55,330,652,1037,10,1047,0,1047,349,1396,75.0000
第15任總統副總統,在新北市各投開票所,新北市,　樹林區,大同里,1030,48,416,628,1092,9,1101,0,1101,334,1435,76.7247
第15任總統副總統,在新北市各投開票所,新北市,　樹林區,大同里,1031,77,426,715,1218,12,1230,0,1230,363,1593,77.2128
第15任總統副總統,在新北市各投開票所,新北市,　樹林區,中華里,1032,59,369,659,1087,13,1100,0,1100,464,1564,70.3325
第15任總統副總統,在新北市各投開票所,新北市,　樹林區,中華里,1033,52,349,658,1059,4,1063,0,1063,305,1368,77.7047
第15任總統副總統,在新北市各投開票所,新北市,　樹林區,太順里,1034,35,295,522,852,10,862,0,862,287,1149,75.0218
第15任總統副總統,在新北市各投開票所,新北市,　樹林區,太順里,1035,51,273,560,884,8,892,0,892,298,1190,74.9580
第15任總統副總統,在新北市各投開票所,新北市,　樹林區,東昇里,1036,74,417,888,1379,17,1396,0,1396,390,1786,78.1635
第15任總統副總統,在新北市各投開票所,新北市,　樹林區,東昇里,1037,75,442,721,1238,17,1255,0,1255,371,1626,77.1833
第15任總統副總統,在新北市各投開票所,新北市,　樹林區,東昇里,1038,41,242,379,662,5,667,0,667,211,878,75.9681
第15任總統副總統,在新北市各投開票所,新北市,　樹林區,東陽里,1039,41,319,577,937,10,947,0,947,299,1246,76.0032
第15任總統副總統,在新北市各投開票所,新北市,　樹林區,東陽里,1040,35,314,528,877,11,888,0,888,313,1201,73.9384
第15任總統副總統,在新北市各投開票所,新北市,　樹林區,東陽里,1041,52,338,568,958,11,969,0,969,366,1335,72.5843
第15任總統副總統,在新北市各投開票所,新北市,　樹林區,東陽里,1042,49,348,575,972,12,984,0,984,302,1286,76.5163
第15任總統副總統,在新北市各投開票所,新北市,　樹林區,東山里,1043,52,409,753,1214,7,1221,0,1221,354,1575,77.5238
第15任總統副總統,在新北市各投開票所,新北市,　樹林區,東山里,1044,42,301,508,851,12,863,0,863,328,1191,72.4601
第15任總統副總統,在新北市各投開票所,新北市,　樹林區,山佳里,1045,45,297,582,924,7,931,0,931,332,1263,73.7134
第15任總統副總統,在新北市各投開票所,新北市,　樹林區,山佳里,1046,68,346,685,1099,14,1113,0,1113,414,1527,72.8880
第15任總統副總統,在新北市各投開票所,新北市,　樹林區,山佳里,1047,36,305,425,766,6,772,0,772,237,1009,76.5114
第15任總統副總統,在新北市各投開票所,新北市,　樹林區,山佳里,1048,47,276,472,795,3,798,0,798,248,1046,76.2906
第15任總統副總統,在新北市各投開票所,新北市,　樹林區,中山里,1049,41,417,695,1153,12,1165,0,1165,425,1590,73.2704
第15任總統副總統,在新北市各投開票所,新北市,　樹林區,中山里,1050,45,402,652,1099,22,1121,0,1121,341,1462,76.6758
第15任總統副總統,在新北市各投開票所,新北市,　樹林區,中山里,1051,51,296,681,1028,17,1045,0,1045,429,1474,70.8955
第15任總統副總統,在新北市各投開票所,新北市,　樹林區,樂山里,1052,63,413,762,1238,18,1256,0,1256,454,1710,73.4503
第15任總統副總統,在新北市各投開票所,新北市,　樹林區,柑園里,1053,40,267,686,993,7,1000,0,1000,340,1340,74.6269
第15任總統副總統,在新北市各投開票所,新北市,　樹林區,柑園里,1054,73,527,620,1220,15,1235,0,1235,389,1624,76.0468
第15任總統副總統,在新北市各投開票所,新北市,　樹林區,柑園里,1055,80,555,610,1245,12,1257,0,1257,360,1617,77.7365
第15任總統副總統,在新北市各投開票所,新北市,　樹林區,柑園里,1056,48,628,611,1287,20,1307,0,1307,344,1651,79.1641
第15任總統副總統,在新北市各投開票所,新北市,　樹林區,柑園里,1057,61,482,477,1020,16,1036,0,1036,343,1379,75.1269
第15任總統副總統,在新北市各投開票所,新北市,　樹林區,西園里,1058,44,321,794,1159,17,1176,0,1176,398,1574,74.7141
第15任總統副總統,在新北市各投開票所,新北市,　樹林區,南園里,1059,68,414,775,1257,7,1264,0,1264,335,1599,79.0494
第15任總統副總統,在新北市各投開票所,新北市,　樹林區,南園里,1060,59,467,616,1142,21,1163,0,1163,334,1497,77.6887
第15任總統副總統,在新北市各投開票所,新北市,　樹林區,南園里,1061,86,614,632,1332,10,1342,0,1342,371,1713,78.3421
第15任總統副總統,在新北市各投開票所,新北市,　樹林區,南園里,1062,58,641,614,1313,10,1323,0,1323,435,1758,75.2560
第15任總統副總統,在新北市各投開票所,新北市,　樹林區,南園里,1063,42,619,591,1252,11,1263,0,1263,382,1645,76.7781
第15任總統副總統,在新北市各投開票所,新北市,　樹林區,南園里,1064,56,542,685,1283,15,1298,0,1298,507,1805,71.9114
第15任總統副總統,在新北市各投開票所,新北市,　樹林區,南園里,1065,62,582,633,1277,18,1295,0,1295,442,1737,74.5538
第15任總統副總統,在新北市各投開票所,新北市,　樹林區,東園里,1066,40,272,769,1081,10,1091,0,1091,390,1481,73.6664
第15任總統副總統,在新北市各投開票所,新北市,　樹林區,北園里,1067,23,185,410,618,7,625,0,625,263,888,70.3829
第15任總統副總統,在新北市各投開票所,新北市,　樹林區,北園里,1068,35,177,572,784,8,792,0,792,230,1022,77.4951
第15任總統副總統,在新北市各投開票所,新北市,　鶯歌區,建德里,1069,21,138,232,391,7,398,0,398,104,502,79.2829
第15任總統副總統,在新北市各投開票所,新北市,　鶯歌區,東鶯里,1070,31,226,435,692,5,697,0,697,234,931,74.8657
第15任總統副總統,在新北市各投開票所,新北市,　鶯歌區,北鶯里,1071,40,298,386,724,7,731,0,731,226,957,76.3845
第15任總統副總統,在新北市各投開票所,新北市,　鶯歌區,北鶯里,1072,43,318,471,832,8,840,0,840,540,1380,60.8696
第15任總統副總統,在新北市各投開票所,新北市,　鶯歌區,北鶯里,1073,52,385,502,939,16,955,0,955,367,1322,72.2390
第15任總統副總統,在新北市各投開票所,新北市,　鶯歌區,西鶯里,1074,29,279,433,741,9,750,0,750,254,1004,74.7012
第15任總統副總統,在新北市各投開票所,新北市,　鶯歌區,西鶯里,1075,38,224,413,675,7,682,0,682,237,919,74.2111
第15任總統副總統,在新北市各投開票所,新北市,　鶯歌區,中鶯里,1076,27,259,451,737,5,742,0,742,185,927,80.0431
第15任總統副總統,在新北市各投開票所,新北市,　鶯歌區,南鶯里,1077,62,424,776,1262,16,1278,0,1278,398,1676,76.2530
第15任總統副總統,在新北市各投開票所,新北市,　鶯歌區,南鶯里,1078,60,415,726,1201,10,1211,1,1212,398,1610,75.2174
第15任總統副總統,在新北市各投開票所,新北市,　鶯歌區,南鶯里,1079,43,429,703,1175,15,1190,0,1190,373,1563,76.1356
第15任總統副總統,在新北市各投開票所,新北市,　鶯歌區,建國里,1080,69,369,728,1166,21,1187,0,1187,362,1549,76.6301
第15任總統副總統,在新北市各投開票所,新北市,　鶯歌區,建國里,1081,58,303,648,1009,8,1017,0,1017,358,1375,73.9636
第15任總統副總統,在新北市各投開票所,新北市,　鶯歌區,建國里,1082,43,320,656,1019,9,1028,0,1028,421,1449,70.9455
第15任總統副總統,在新北市各投開票所,新北市,　鶯歌區,建國里,1083,47,399,666,1112,16,1128,0,1128,399,1527,73.8703
第15任總統副總統,在新北市各投開票所,新北市,　鶯歌區,二甲里,1084,39,188,390,617,6,623,0,623,203,826,75.4237
第15任總統副總統,在新北市各投開票所,新北市,　鶯歌區,二橋里,1085,69,485,707,1261,18,1279,0,1279,486,1765,72.4646
第15任總統副總統,在新北市各投開票所,新北市,　鶯歌區,二橋里,1086,54,371,601,1026,6,1032,0,1032,424,1456,70.8791
第15任總統副總統,在新北市各投開票所,新北市,　鶯歌區,二橋里,1087,40,219,534,793,16,809,0,809,258,1067,75.8201
第15任總統副總統,在新北市各投開票所,新北市,　鶯歌區,二橋里,1088,36,251,513,800,13,813,0,813,290,1103,73.7081
第15任總統副總統,在新北市各投開票所,新北市,　鶯歌區,二橋里,1089,41,347,723,1111,14,1125,0,1125,418,1543,72.9099
第15任總統副總統,在新北市各投開票所,新北市,　鶯歌區,尖山里,1090,58,406,717,1181,15,1196,0,1196,380,1576,75.8883
第15任總統副總統,在新北市各投開票所,新北市,　鶯歌區,尖山里,1091,40,316,487,843,6,849,0,849,378,1227,69.1932
第15任總統副總統,在新北市各投開票所,新北市,　鶯歌區,尖山里,1092,52,322,678,1052,9,1061,1,1062,339,1401,75.7316
第15任總統副總統,在新北市各投開票所,新北市,　鶯歌區,尖山里,1093,49,338,691,1078,11,1089,0,1089,382,1471,74.0313
第15任總統副總統,在新北市各投開票所,新北市,　鶯歌區,尖山里,1094,44,371,531,946,7,953,0,953,320,1273,74.8625
第15任總統副總統,在新北市各投開票所,新北市,　鶯歌區,南靖里,1095,38,241,381,660,3,663,0,663,218,881,75.2554
第15任總統副總統,在新北市各投開票所,新北市,　鶯歌區,南靖里,1096,49,310,638,997,6,1003,0,1003,279,1282,78.2371
第15任總統副總統,在新北市各投開票所,新北市,　鶯歌區,南靖里,1097,50,214,409,673,8,681,0,681,253,934,72.9122
第15任總統副總統,在新北市各投開票所,新北市,　鶯歌區,同慶里,1098,48,335,682,1065,11,1076,0,1076,301,1377,78.1409
第15任總統副總統,在新北市各投開票所,新北市,　鶯歌區,永昌里,1099,40,369,537,946,5,951,0,951,304,1255,75.7769
第15任總統副總統,在新北市各投開票所,新北市,　鶯歌區,永昌里,1100,42,347,565,954,12,966,0,966,308,1274,75.8242
第15任總統副總統,在新北市各投開票所,新北市,　鶯歌區,永昌里,1101,36,285,539,860,6,866,0,866,303,1169,74.0804
第15任總統副總統,在新北市各投開票所,新北市,　鶯歌區,永昌里,1102,57,330,495,882,7,889,0,889,365,1254,70.8931
第15任總統副總統,在新北市各投開票所,新北市,　鶯歌區,永昌里,1103,35,284,489,808,14,822,0,822,230,1052,78.1369
第15任總統副總統,在新北市各投開票所,新北市,　鶯歌區,永昌里,1104,40,277,493,810,4,814,1,815,256,1071,76.0037
第15任總統副總統,在新北市各投開票所,新北市,　鶯歌區,永吉里,1105,69,446,769,1284,17,1301,0,1301,406,1707,76.2156
第15任總統副總統,在新北市各投開票所,新北市,　鶯歌區,永吉里,1106,48,318,617,983,8,991,0,991,274,1265,78.3399
第15任總統副總統,在新北市各投開票所,新北市,　鶯歌區,永吉里,1107,46,302,556,904,4,908,0,908,307,1215,74.7325
第15任總統副總統,在新北市各投開票所,新北市,　鶯歌區,鳳祥里,1108,55,421,631,1107,9,1116,0,1116,386,1502,74.3009
第15任總統副總統,在新北市各投開票所,新北市,　鶯歌區,鳳祥里,1109,31,278,510,819,10,829,0,829,317,1146,72.3386
第15任總統副總統,在新北市各投開票所,新北市,　鶯歌區,鳳祥里,1110,45,269,520,834,7,841,0,841,378,1219,68.9910
第15任總統副總統,在新北市各投開票所,新北市,　鶯歌區,鳳鳴里,1111,44,254,459,757,10,767,0,767,252,1019,75.2699
第15任總統副總統,在新北市各投開票所,新北市,　鶯歌區,鳳鳴里,1112,84,465,827,1376,26,1402,0,1402,476,1878,74.6539
第15任總統副總統,在新北市各投開票所,新北市,　鶯歌區,鳳鳴里,1113,38,350,631,1019,11,1030,0,1030,356,1386,74.3146
第15任總統副總統,在新北市各投開票所,新北市,　鶯歌區,鳳福里,1114,45,280,449,774,9,783,0,783,223,1006,77.8330
第15任總統副總統,在新北市各投開票所,新北市,　鶯歌區,鳳福里,1115,38,310,497,845,9,854,0,854,269,1123,76.0463
第15任總統副總統,在新北市各投開票所,新北市,　鶯歌區,鳳福里,1116,43,322,546,911,13,924,0,924,367,1291,71.5724
第15任總統副總統,在新北市各投開票所,新北市,　鶯歌區,大湖里,1117,46,385,599,1030,13,1043,0,1043,390,1433,72.7844
第15任總統副總統,在新北市各投開票所,新北市,　鶯歌區,大湖里,1118,44,539,696,1279,17,1296,0,1296,415,1711,75.7452
第15任總統副總統,在新北市各投開票所,新北市,　鶯歌區,大湖里,1119,45,423,557,1025,12,1037,0,1037,319,1356,76.4749
第15任總統副總統,在新北市各投開票所,新北市,　鶯歌區,中湖里,1120,55,461,733,1249,15,1264,0,1264,494,1758,71.8999
第15任總統副總統,在新北市各投開票所,新北市,　鶯歌區,中湖里,1121,38,332,682,1052,14,1066,1,1067,386,1453,73.3655
第15任總統副總統,在新北市各投開票所,新北市,　鶯歌區,中湖里,1122,70,490,659,1219,6,1225,1,1226,541,1767,69.3265
第15任總統副總統,在新北市各投開票所,新北市,　鶯歌區,東湖里,1123,6,65,115,186,2,188,0,188,46,234,80.3419
第15任總統副總統,在新北市各投開票所,新北市,　三峽區,三峽里,2010,11,83,124,218,2,220,0,220,55,275,80.0000
第15任總統副總統,在新北市各投開票所,新北市,　三峽區,秀川里,2011,20,154,230,404,4,408,0,408,145,553,73.7794
第15任總統副總統,在新北市各投開票所,新北市,　三峽區,八張里,2012,61,425,754,1240,8,1248,0,1248,465,1713,72.8546
第15任總統副總統,在新北市各投開票所,新北市,　三峽區,八張里,2013,63,493,732,1288,13,1301,0,1301,427,1728,75.2894
第15任總統副總統,在新北市各投開票所,新北市,　三峽區,中埔里,2014,51,364,563,978,8,986,0,986,367,1353,72.8751
第15任總統副總統,在新北市各投開票所,新北市,　三峽區,中埔里,2015,43,340,562,945,8,953,0,953,362,1315,72.4715
第15任總統副總統,在新北市各投開票所,新北市,　三峽區,弘道里,2016,37,200,495,732,8,740,0,740,266,1006,73.5586
第15任總統副總統,在新北市各投開票所,新北市,　三峽區,永舘里,2017,47,353,549,949,12,961,0,961,315,1276,75.3135
第15任總統副總統,在新北市各投開票所,新北市,　三峽區,永舘里,2018,36,253,480,769,8,777,0,777,276,1053,73.7892
第15任總統副總統,在新北市各投開票所,新北市,　三峽區,永舘里,2019,36,355,527,918,13,931,0,931,337,1268,73.4227
第15任總統副總統,在新北市各投開票所,新北市,　三峽區,永舘里,2020,41,268,587,896,7,903,0,903,300,1203,75.0623
第15任總統副總統,在新北市各投開票所,新北市,　三峽區,永舘里,2021,55,416,650,1121,8,1129,0,1129,360,1489,75.8227
第15任總統副總統,在新北市各投開票所,新北市,　三峽區,鳶山里,2022,39,369,624,1032,13,1045,0,1045,359,1404,74.4302
第15任總統副總統,在新北市各投開票所,新北市,　三峽區,鳶山里,2023,42,344,564,950,11,961,0,961,342,1303,73.7529
第15任總統副總統,在新北市各投開票所,新北市,　三峽區,鳶山里,2024,50,400,600,1050,15,1065,0,1065,358,1423,74.8419
第15任總統副總統,在新北市各投開票所,新北市,　三峽區,鳶山里,2025,52,352,679,1083,15,1098,0,1098,422,1520,72.2368
第15任總統副總統,在新北市各投開票所,新北市,　三峽區,鳶山里,2026,37,286,555,878,14,892,0,892,422,1314,67.8843
第15任總統副總統,在新北市各投開票所,新北市,　三峽區,鳶山里,2027,51,435,616,1102,11,1113,0,1113,401,1514,73.5139
第15任總統副總統,在新北市各投開票所,新北市,　三峽區,龍埔里,2028,47,303,722,1072,14,1086,0,1086,492,1578,68.8213
第15任總統副總統,在新北市各投開票所,新北市,　三峽區,龍埔里,2029,44,425,601,1070,15,1085,0,1085,477,1562,69.4622
第15任總統副總統,在新北市各投開票所,新北市,　三峽區,龍埔里,2030,55,477,683,1215,13,1228,0,1228,464,1692,72.5768
第15任總統副總統,在新北市各投開票所,新北市,　三峽區,龍埔里,2031,65,459,621,1145,11,1156,0,1156,390,1546,74.7736
第15任總統副總統,在新北市各投開票所,新北市,　三峽區,龍埔里,2032,77,440,666,1183,7,1190,0,1190,401,1591,74.7957
第15任總統副總統,在新北市各投開票所,新北市,　三峽區,龍恩里,2033,47,466,573,1086,19,1105,0,1105,402,1507,73.3245
第15任總統副總統,在新北市各投開票所,新北市,　三峽區,龍恩里,2034,62,462,562,1086,14,1100,0,1100,325,1425,77.1930
第15任總統副總統,在新北市各投開票所,新北市,　三峽區,龍恩里,2035,59,470,488,1017,16,1033,0,1033,302,1335,77.3783
第15任總統副總統,在新北市各投開票所,新北市,　三峽區,龍恩里,2036,41,412,455,908,13,921,0,921,449,1370,67.2263
第15任總統副總統,在新北市各投開票所,新北市,　三峽區,龍學里,2037,66,485,571,1122,17,1139,0,1139,437,1576,72.2716
第15任總統副總統,在新北市各投開票所,新北市,　三峽區,龍學里,2038,59,453,551,1063,12,1075,0,1075,348,1423,75.5446
第15任總統副總統,在新北市各投開票所,新北市,　三峽區,龍學里,2039,59,591,599,1249,18,1267,0,1267,408,1675,75.6418
第15任總統副總統,在新北市各投開票所,新北市,　三峽區,龍學里,2040,45,507,620,1172,17,1189,0,1189,341,1530,77.7124
第15任總統副總統,在新北市各投開票所,新北市,　三峽區,龍學里,2041,56,522,492,1070,13,1083,0,1083,392,1475,73.4237
第15任總統副總統,在新北市各投開票所,新北市,　三峽區,龍學里,2042,56,549,515,1120,12,1132,0,1132,340,1472,76.9022
第15任總統副總統,在新北市各投開票所,新北市,　三峽區,龍學里,2043,62,556,461,1079,13,1092,0,1092,363,1455,75.0515
第15任總統副總統,在新北市各投開票所,新北市,　三峽區,龍學里,2044,69,474,549,1092,12,1104,0,1104,329,1433,77.0412
第15任總統副總統,在新北市各投開票所,新北市,　三峽區,礁溪里,2045,45,405,711,1161,16,1177,0,1177,481,1658,70.9891
第15任總統副總統,在新北市各投開票所,新北市,　三峽區,礁溪里,2046,54,430,789,1273,9,1282,0,1282,444,1726,74.2758
第15任總統副總統,在新北市各投開票所,新北市,　三峽區,礁溪里,2047,59,478,671,1208,13,1221,0,1221,407,1628,75.0000
第15任總統副總統,在新北市各投開票所,新北市,　三峽區,安溪里,2048,37,396,628,1061,9,1070,0,1070,519,1589,67.3379
第15任總統副總統,在新北市各投開票所,新北市,　三峽區,安溪里,2049,47,369,591,1007,12,1019,0,1019,406,1425,71.5088
第15任總統副總統,在新北市各投開票所,新北市,　三峽區,安溪里,2050,49,471,697,1217,8,1225,0,1225,486,1711,71.5956
第15任總統副總統,在新北市各投開票所,新北市,　三峽區,安溪里,2051,54,478,728,1260,16,1276,0,1276,405,1681,75.9072
第15任總統副總統,在新北市各投開票所,新北市,　三峽區,介壽里,2052,58,332,651,1041,12,1053,0,1053,439,1492,70.5764
第15任總統副總統,在新北市各投開票所,新北市,　三峽區,介壽里,2053,42,333,645,1020,11,1031,0,1031,388,1419,72.6568
第15任總統副總統,在新北市各投開票所,新北市,　三峽區,介壽里,2054,47,356,661,1064,7,1071,0,1071,404,1475,72.6102
第15任總統副總統,在新北市各投開票所,新北市,　三峽區,介壽里,2055,41,252,481,774,6,780,0,780,686,1466,53.2060
第15任總統副總統,在新北市各投開票所,新北市,　三峽區,中正里,2056,45,347,681,1073,9,1082,0,1082,411,1493,72.4715
第15任總統副總統,在新北市各投開票所,新北市,　三峽區,中正里,2057,47,372,611,1030,19,1049,0,1049,429,1478,70.9743
第15任總統副總統,在新北市各投開票所,新北市,　三峽區,中正里,2058,34,378,680,1092,16,1108,0,1108,374,1482,74.7638
第15任總統副總統,在新北市各投開票所,新北市,　三峽區,大埔里,2059,27,309,445,781,7,788,0,788,351,1139,69.1835
第15任總統副總統,在新北市各投開票所,新北市,　三峽區,大埔里,2060,39,270,507,816,12,828,0,828,322,1150,72.0000
第15任總統副總統,在新北市各投開票所,新北市,　三峽區,大埔里,2061,35,458,433,926,13,939,0,939,342,1281,73.3021
第15任總統副總統,在新北市各投開票所,新北市,　三峽區,嘉添里,2062,32,321,418,771,14,785,0,785,280,1065,73.7089
第15任總統副總統,在新北市各投開票所,新北市,　三峽區,嘉添里,2063,37,381,297,715,8,723,0,723,303,1026,70.4678
第15任總統副總統,在新北市各投開票所,新北市,　三峽區,添福里,2064,32,235,488,755,5,760,0,760,231,991,76.6902
第15任總統副總統,在新北市各投開票所,新北市,　三峽區,金圳里,2065,16,107,209,332,5,337,0,337,152,489,68.9162
第15任總統副總統,在新北市各投開票所,新北市,　三峽區,五寮里,2066,20,222,299,541,5,546,0,546,244,790,69.1139
第15任總統副總統,在新北市各投開票所,新北市,　三峽區,插角里,2067,16,166,289,471,1,472,0,472,169,641,73.6349
第15任總統副總統,在新北市各投開票所,新北市,　三峽區,有木里,2068,18,151,276,445,7,452,0,452,239,691,65.4124
第15任總統副總統,在新北市各投開票所,新北市,　三峽區,二鬮里,2069,53,539,517,1109,11,1120,0,1120,429,1549,72.3047
第15任總統副總統,在新北市各投開票所,新北市,　三峽區,二鬮里,2070,45,444,602,1091,11,1102,0,1102,467,1569,70.2358
第15任總統副總統,在新北市各投開票所,新北市,　三峽區,溪南里,2071,38,317,626,981,15,996,0,996,332,1328,75.0000
第15任總統副總統,在新北市各投開票所,新北市,　三峽區,溪北里,2072,24,174,328,526,3,529,0,529,216,745,71.0067
第15任總統副總統,在新北市各投開票所,新北市,　三峽區,溪北里,2073,40,317,610,967,14,981,0,981,318,1299,75.5196
第15任總統副總統,在新北市各投開票所,新北市,　三峽區,溪東里,2074,42,364,553,959,15,974,0,974,390,1364,71.4076
第15任總統副總統,在新北市各投開票所,新北市,　三峽區,溪東里,2075,31,357,500,888,9,897,0,897,386,1283,69.9143
第15任總統副總統,在新北市各投開票所,新北市,　三峽區,成福里,2076,12,216,434,662,10,672,0,672,169,841,79.9049
第15任總統副總統,在新北市各投開票所,新北市,　三峽區,竹崙里,2077,11,113,370,494,2,496,0,496,254,750,66.1333
第15任總統副總統,在新北市各投開票所,新北市,　三峽區,竹崙里,2078,31,285,430,746,6,752,0,752,339,1091,68.9276
第15任總統副總統,在新北市各投開票所,新北市,　三峽區,安坑里,2079,28,254,601,883,16,899,0,899,366,1265,71.0672
第15任總統副總統,在新北市各投開票所,新北市,　淡水區,中和里,0032,22,137,246,405,6,411,0,411,126,537,76.5363
第15任總統副總統,在新北市各投開票所,新北市,　淡水區,屯山里,0033,25,223,475,723,11,734,0,734,268,1002,73.2535
第15任總統副總統,在新北市各投開票所,新北市,　淡水區,賢孝里,0034,43,398,557,998,9,1007,0,1007,413,1420,70.9155
第15任總統副總統,在新北市各投開票所,新北市,　淡水區,興仁里,0035,34,375,644,1053,4,1057,0,1057,440,1497,70.6079
第15任總統副總統,在新北市各投開票所,新北市,　淡水區,蕃薯里,0036,26,306,316,648,6,654,0,654,301,955,68.4817
第15任總統副總統,在新北市各投開票所,新北市,　淡水區,忠山里,0037,23,215,344,582,5,587,0,587,192,779,75.3530
第15任總統副總統,在新北市各投開票所,新北市,　淡水區,義山里,0038,30,321,465,816,16,832,0,832,292,1124,74.0214
第15任總統副總統,在新北市各投開票所,新北市,　淡水區,義山里,0039,37,352,478,867,13,880,0,880,393,1273,69.1280
第15任總統副總統,在新北市各投開票所,新北市,　淡水區,水源里,0040,35,237,478,750,11,761,0,761,370,1131,67.2856
第15任總統副總統,在新北市各投開票所,新北市,　淡水區,水源里,0041,25,168,416,609,4,613,0,613,216,829,73.9445
第15任總統副總統,在新北市各投開票所,新北市,　淡水區,忠寮里,0042,29,215,503,747,9,756,0,756,279,1035,73.0435
第15任總統副總統,在新北市各投開票所,新北市,　淡水區,樹興里,0043,41,370,534,945,10,955,0,955,368,1323,72.1844
第15任總統副總統,在新北市各投開票所,新北市,　淡水區,坪頂里,0044,46,332,515,893,9,902,0,902,364,1266,71.2480
第15任總統副總統,在新北市各投開票所,新北市,　淡水區,福德里,0045,49,588,632,1269,8,1277,0,1277,400,1677,76.1479
第15任總統副總統,在新北市各投開票所,新北市,　淡水區,福德里,0046,32,335,400,767,10,777,0,777,234,1011,76.8546
第15任總統副總統,在新北市各投開票所,新北市,　淡水區,福德里,0047,32,332,356,720,15,735,0,735,222,957,76.8025
第15任總統副總統,在新北市各投開票所,新北市,　淡水區,福德里,0048,38,468,471,977,10,987,0,987,230,1217,81.1011
第15任總統副總統,在新北市各投開票所,新北市,　淡水區,福德里,0049,39,448,442,929,18,947,0,947,307,1254,75.5183
第15任總統副總統,在新北市各投開票所,新北市,　淡水區,竹圍里,0050,48,396,527,971,8,979,0,979,293,1272,76.9654
第15任總統副總統,在新北市各投開票所,新北市,　淡水區,竹圍里,0051,58,424,456,938,13,951,0,951,276,1227,77.5061
第15任總統副總統,在新北市各投開票所,新北市,　淡水區,竹圍里,0052,57,435,571,1063,8,1071,0,1071,316,1387,77.2170
第15任總統副總統,在新北市各投開票所,新北市,　淡水區,竹圍里,0053,54,505,602,1161,10,1171,0,1171,416,1587,73.7870
第15任總統副總統,在新北市各投開票所,新北市,　淡水區,民權里,0054,41,330,516,887,6,893,0,893,311,1204,74.1694
第15任總統副總統,在新北市各投開票所,新北市,　淡水區,民權里,0055,50,366,533,949,12,961,0,961,292,1253,76.6959
第15任總統副總統,在新北市各投開票所,新北市,　淡水區,民權里,0056,50,469,581,1100,6,1106,0,1106,351,1457,75.9094
第15任總統副總統,在新北市各投開票所,新北市,　淡水區,民生里,0057,61,533,700,1294,14,1308,0,1308,490,1798,72.7475
第15任總統副總統,在新北市各投開票所,新北市,　淡水區,民生里,0058,42,296,558,896,11,907,0,907,282,1189,76.2826
第15任總統副總統,在新北市各投開票所,新北市,　淡水區,民生里,0059,65,446,633,1144,16,1160,0,1160,377,1537,75.4717
第15任總統副總統,在新北市各投開票所,新北市,　淡水區,民生里,0060,49,578,568,1195,20,1215,0,1215,570,1785,68.0672
第15任總統副總統,在新北市各投開票所,新北市,　淡水區,八勢里,0061,41,434,500,975,10,985,0,985,382,1367,72.0556
第15任總統副總統,在新北市各投開票所,新北市,　淡水區,八勢里,0062,48,392,480,920,7,927,0,927,377,1304,71.0890
第15任總統副總統,在新北市各投開票所,新北市,　淡水區,八勢里,0063,44,458,390,892,13,905,0,905,393,1298,69.7227
第15任總統副總統,在新北市各投開票所,新北市,　淡水區,八勢里,0064,53,494,607,1154,12,1166,0,1166,370,1536,75.9115
第15任總統副總統,在新北市各投開票所,新北市,　淡水區,竿蓁里,0065,59,584,646,1289,14,1303,0,1303,464,1767,73.7408
第15任總統副總統,在新北市各投開票所,新北市,　淡水區,竿蓁里,0066,56,536,592,1184,18,1202,1,1203,512,1715,70.0875
第15任總統副總統,在新北市各投開票所,新北市,　淡水區,竿蓁里,0067,49,579,562,1190,16,1206,0,1206,551,1757,68.6397
第15任總統副總統,在新北市各投開票所,新北市,　淡水區,竿蓁里,0068,66,476,680,1222,17,1239,0,1239,413,1652,75.0000
第15任總統副總統,在新北市各投開票所,新北市,　淡水區,竿蓁里,0069,51,444,472,967,15,982,0,982,361,1343,73.1199
第15任總統副總統,在新北市各投開票所,新北市,　淡水區,竿蓁里,0070,44,504,438,986,13,999,0,999,479,1478,67.5913
第15任總統副總統,在新北市各投開票所,新北市,　淡水區,崁頂里,0071,64,643,701,1408,15,1423,0,1423,502,1925,73.9221
第15任總統副總統,在新北市各投開票所,新北市,　淡水區,崁頂里,0072,44,481,467,992,10,1002,0,1002,1034,2036,49.2141
第15任總統副總統,在新北市各投開票所,新北市,　淡水區,崁頂里,0073,39,331,428,798,9,807,0,807,338,1145,70.4803
第15任總統副總統,在新北市各投開票所,新北市,　淡水區,崁頂里,0074,41,370,534,945,4,949,0,949,373,1322,71.7852
第15任總統副總統,在新北市各投開票所,新北市,　淡水區,崁頂里,0075,43,407,483,933,9,942,0,942,503,1445,65.1903
第15任總統副總統,在新北市各投開票所,新北市,　淡水區,崁頂里,0076,35,408,449,892,13,905,0,905,411,1316,68.7690
第15任總統副總統,在新北市各投開票所,新北市,　淡水區,崁頂里,0077,37,471,484,992,12,1004,0,1004,362,1366,73.4993
第15任總統副總統,在新北市各投開票所,新北市,　淡水區,崁頂里,0078,77,543,559,1179,10,1189,0,1189,402,1591,74.7329
第15任總統副總統,在新北市各投開票所,新北市,　淡水區,崁頂里,0079,79,656,817,1552,16,1568,0,1568,629,2197,71.3701
第15任總統副總統,在新北市各投開票所,新北市,　淡水區,埤島里,0080,44,392,650,1086,16,1102,0,1102,383,1485,74.2088
第15任總統副總統,在新北市各投開票所,新北市,　淡水區,水碓里,0081,39,345,645,1029,7,1036,0,1036,357,1393,74.3719
第15任總統副總統,在新北市各投開票所,新北市,　淡水區,水碓里,0082,43,370,445,858,5,863,0,863,257,1120,77.0536
第15任總統副總統,在新北市各投開票所,新北市,　淡水區,水碓里,0083,48,299,507,854,5,859,0,859,296,1155,74.3723
第15任總統副總統,在新北市各投開票所,新北市,　淡水區,水碓里,0084,48,348,518,914,8,922,0,922,340,1262,73.0586
第15任總統副總統,在新北市各投開票所,新北市,　淡水區,北新里,0085,48,368,459,875,15,890,0,890,306,1196,74.4147
第15任總統副總統,在新北市各投開票所,新北市,　淡水區,北新里,0086,37,336,438,811,10,821,0,821,359,1180,69.5763
第15任總統副總統,在新北市各投開票所,新北市,　淡水區,正德里,0087,51,446,607,1104,10,1114,0,1114,389,1503,74.1184
第15任總統副總統,在新北市各投開票所,新北市,　淡水區,正德里,0088,44,403,475,922,10,932,0,932,380,1312,71.0366
第15任總統副總統,在新北市各投開票所,新北市,　淡水區,正德里,0089,45,383,439,867,8,875,0,875,296,1171,74.7225
第15任總統副總統,在新北市各投開票所,新北市,　淡水區,新興里,0090,44,382,548,974,16,990,0,990,357,1347,73.4967
第15任總統副總統,在新北市各投開票所,新北市,　淡水區,新興里,0091,71,548,625,1244,15,1259,0,1259,430,1689,74.5411
第15任總統副總統,在新北市各投開票所,新北市,　淡水區,新興里,0092,60,453,553,1066,8,1074,0,1074,442,1516,70.8443
第15任總統副總統,在新北市各投開票所,新北市,　淡水區,新興里,0093,35,513,677,1225,3,1228,0,1228,553,1781,68.9500
第15任總統副總統,在新北市各投開票所,新北市,　淡水區,新義里,0094,18,342,550,910,14,924,0,924,317,1241,74.4561
第15任總統副總統,在新北市各投開票所,新北市,　淡水區,新義里,0095,33,232,505,770,4,774,0,774,264,1038,74.5665
第15任總統副總統,在新北市各投開票所,新北市,　淡水區,新義里,0096,49,347,563,959,10,969,0,969,362,1331,72.8024
第15任總統副總統,在新北市各投開票所,新北市,　淡水區,新春里,0097,61,442,614,1117,7,1124,0,1124,422,1546,72.7038
第15任總統副總統,在新北市各投開票所,新北市,　淡水區,新春里,0098,61,427,568,1056,14,1070,0,1070,368,1438,74.4089
第15任總統副總統,在新北市各投開票所,新北市,　淡水區,新春里,0099,49,384,444,877,13,890,0,890,346,1236,72.0065
第15任總統副總統,在新北市各投開票所,新北市,　淡水區,新春里,0100,32,317,286,635,5,640,0,640,241,881,72.6447
第15任總統副總統,在新北市各投開票所,新北市,　淡水區,新春里,0101,36,294,486,816,2,818,0,818,322,1140,71.7544
第15任總統副總統,在新北市各投開票所,新北市,　淡水區,新春里,0102,36,354,492,882,5,887,0,887,288,1175,75.4894
第15任總統副總統,在新北市各投開票所,新北市,　淡水區,新民里,0103,53,424,592,1069,13,1082,0,1082,325,1407,76.9012
第15任總統副總統,在新北市各投開票所,新北市,　淡水區,新民里,0104,48,414,525,987,13,1000,0,1000,345,1345,74.3494
第15任總統副總統,在新北市各投開票所,新北市,　淡水區,新民里,0105,47,450,523,1020,15,1035,0,1035,362,1397,74.0873
第15任總統副總統,在新北市各投開票所,新北市,　淡水區,北投里,0106,78,574,631,1283,20,1303,0,1303,467,1770,73.6158
第15任總統副總統,在新北市各投開票所,新北市,　淡水區,北投里,0107,56,364,567,987,10,997,0,997,314,1311,76.0488
第15任總統副總統,在新北市各投開票所,新北市,　淡水區,北投里,0108,81,651,771,1503,12,1515,0,1515,503,2018,75.0743
第15任總統副總統,在新北市各投開票所,新北市,　淡水區,北投里,0109,69,529,669,1267,8,1275,0,1275,447,1722,74.0418
第15任總統副總統,在新北市各投開票所,新北市,　淡水區,北投里,0110,60,510,586,1156,17,1173,0,1173,444,1617,72.5417
第15任總統副總統,在新北市各投開票所,新北市,　淡水區,鄧公里,0111,37,444,441,922,10,932,0,932,347,1279,72.8694
第15任總統副總統,在新北市各投開票所,新北市,　淡水區,鄧公里,0112,28,310,362,700,7,707,0,707,237,944,74.8941
第15任總統副總統,在新北市各投開票所,新北市,　淡水區,鄧公里,0113,59,336,494,889,9,898,0,898,253,1151,78.0191
第15任總統副總統,在新北市各投開票所,新北市,　淡水區,鄧公里,0114,25,261,357,643,14,657,0,657,280,937,70.1174
第15任總統副總統,在新北市各投開票所,新北市,　淡水區,鄧公里,0115,51,331,413,795,9,804,0,804,242,1046,76.8642
第15任總統副總統,在新北市各投開票所,新北市,　淡水區,幸福里,0116,37,289,434,760,4,764,0,764,292,1056,72.3485
第15任總統副總統,在新北市各投開票所,新北市,　淡水區,幸福里,0117,32,338,540,910,19,929,0,929,333,1262,73.6133
第15任總統副總統,在新北市各投開票所,新北市,　淡水區,幸福里,0118,43,327,478,848,7,855,0,855,292,1147,74.5423
第15任總統副總統,在新北市各投開票所,新北市,　淡水區,學府里,0119,35,248,325,608,3,611,0,611,257,868,70.3917
第15任總統副總統,在新北市各投開票所,新北市,　淡水區,學府里,0120,42,318,421,781,9,790,0,790,292,1082,73.0129
第15任總統副總統,在新北市各投開票所,新北市,　淡水區,學府里,0121,44,268,405,717,10,727,0,727,311,1038,70.0385
第15任總統副總統,在新北市各投開票所,新北市,　淡水區,學府里,0122,52,286,379,717,7,724,0,724,343,1067,67.8538
第15任總統副總統,在新北市各投開票所,新北市,　淡水區,中興里,0123,49,354,498,901,14,915,0,915,393,1308,69.9541
第15任總統副總統,在新北市各投開票所,新北市,　淡水區,中興里,0124,38,370,529,937,11,948,0,948,339,1287,73.6597
第15任總統副總統,在新北市各投開票所,新北市,　淡水區,中興里,0125,30,301,450,781,15,796,0,796,230,1026,77.5828
第15任總統副總統,在新北市各投開票所,新北市,　淡水區,長庚里,0126,39,389,578,1006,10,1016,0,1016,301,1317,77.1450
第15任總統副總統,在新北市各投開票所,新北市,　淡水區,清文里,0127,31,306,463,800,13,813,0,813,264,1077,75.4875
第15任總統副總統,在新北市各投開票所,新北市,　淡水區,草東里,0128,20,196,317,533,5,538,0,538,152,690,77.9710
第15任總統副總統,在新北市各投開票所,新北市,　淡水區,協元里,0129,58,349,579,986,7,993,0,993,347,1340,74.1045
第15任總統副總統,在新北市各投開票所,新北市,　淡水區,永吉里,0130,34,223,326,583,16,599,0,599,198,797,75.1568
第15任總統副總統,在新北市各投開票所,新北市,　淡水區,民安里,0131,14,160,304,478,4,482,0,482,162,644,74.8447
第15任總統副總統,在新北市各投開票所,新北市,　淡水區,新生里,0132,11,113,192,316,3,319,0,319,96,415,76.8675
第15任總統副總統,在新北市各投開票所,新北市,　淡水區,文化里,0133,49,504,566,1119,21,1140,0,1140,426,1566,72.7969
第15任總統副總統,在新北市各投開票所,新北市,　淡水區,油車里,0134,55,535,592,1182,15,1197,0,1197,401,1598,74.9061
第15任總統副總統,在新北市各投開票所,新北市,　淡水區,油車里,0135,50,550,659,1259,17,1276,0,1276,404,1680,75.9524
第15任總統副總統,在新北市各投開票所,新北市,　淡水區,油車里,0136,40,488,581,1109,12,1121,0,1121,447,1568,71.4923
第15任總統副總統,在新北市各投開票所,新北市,　淡水區,沙崙里,0137,41,435,654,1130,12,1142,0,1142,469,1611,70.8876
第15任總統副總統,在新北市各投開票所,新北市,　淡水區,沙崙里,0138,48,378,552,978,16,994,0,994,383,1377,72.1859
第15任總統副總統,在新北市各投開票所,新北市,　淡水區,沙崙里,0139,25,318,255,598,6,604,0,604,314,918,65.7952
第15任總統副總統,在新北市各投開票所,新北市,　淡水區,大庄里,0140,43,459,502,1004,9,1013,0,1013,382,1395,72.6165
第15任總統副總統,在新北市各投開票所,新北市,　淡水區,大庄里,0141,49,366,601,1016,11,1027,0,1027,296,1323,77.6266
第15任總統副總統,在新北市各投開票所,新北市,　淡水區,大庄里,0142,37,378,565,980,6,986,0,986,399,1385,71.1913
第15任總統副總統,在新北市各投開票所,新北市,　淡水區,大庄里,0143,35,366,376,777,6,783,0,783,280,1063,73.6595
第15任總統副總統,在新北市各投開票所,新北市,　淡水區,大庄里,0144,59,621,404,1084,21,1105,0,1105,465,1570,70.3822
第15任總統副總統,在新北市各投開票所,新北市,　淡水區,大庄里,0145,39,442,316,797,5,802,0,802,307,1109,72.3174
第15任總統副總統,在新北市各投開票所,新北市,　汐止區,仁德里,2343,67,494,653,1214,11,1225,0,1225,360,1585,77.2871
第15任總統副總統,在新北市各投開票所,新北市,　汐止區,義民里,2344,34,394,452,880,5,885,0,885,326,1211,73.0801
第15任總統副總統,在新北市各投開票所,新北市,　汐止區,禮門里,2345,23,257,407,687,8,695,0,695,236,931,74.6509
第15任總統副總統,在新北市各投開票所,新北市,　汐止區,智慧里,2346,38,456,499,993,7,1000,0,1000,356,1356,73.7463
第15任總統副總統,在新北市各投開票所,新北市,　汐止區,智慧里,2347,40,545,516,1101,9,1110,0,1110,312,1422,78.0591
第15任總統副總統,在新北市各投開票所,新北市,　汐止區,智慧里,2348,39,440,510,989,7,996,1,997,369,1366,72.9136
第15任總統副總統,在新北市各投開票所,新北市,　汐止區,大同里,2349,39,371,506,916,7,923,0,923,313,1236,74.6764
第15任總統副總統,在新北市各投開票所,新北市,　汐止區,大同里,2350,39,393,469,901,11,912,0,912,290,1202,75.8735
第15任總統副總統,在新北市各投開票所,新北市,　汐止區,信望里,2351,11,93,126,230,4,234,0,234,85,319,73.3542
第15任總統副總統,在新北市各投開票所,新北市,　汐止區,新昌里,2352,62,422,644,1128,11,1139,0,1139,411,1550,73.4839
第15任總統副總統,在新北市各投開票所,新北市,　汐止區,新昌里,2353,41,443,662,1146,7,1153,0,1153,354,1507,76.5096
第15任總統副總統,在新北市各投開票所,新北市,　汐止區,新昌里,2354,51,447,696,1194,9,1203,0,1203,420,1623,74.1220
第15任總統副總統,在新北市各投開票所,新北市,　汐止區,福安里,2355,55,464,619,1138,21,1159,0,1159,366,1525,76.0000
第15任總統副總統,在新北市各投開票所,新北市,　汐止區,福安里,2356,74,523,828,1425,11,1436,0,1436,455,1891,75.9387
第15任總統副總統,在新北市各投開票所,新北市,　汐止區,福安里,2357,58,544,692,1294,10,1304,0,1304,397,1701,76.6608
第15任總統副總統,在新北市各投開票所,新北市,　汐止區,秀峰里,2358,26,212,323,561,8,569,0,569,1270,1839,30.9407
第15任總統副總統,在新北市各投開票所,新北市,　汐止區,秀峰里,2359,36,416,681,1133,13,1146,0,1146,409,1555,73.6977
第15任總統副總統,在新北市各投開票所,新北市,　汐止區,秀峰里,2360,48,369,569,986,5,991,0,991,385,1376,72.0203
第15任總統副總統,在新北市各投開票所,新北市,　汐止區,秀山里,2361,56,367,533,956,8,964,0,964,259,1223,78.8226
第15任總統副總統,在新北市各投開票所,新北市,　汐止區,秀山里,2362,37,391,498,926,7,933,0,933,331,1264,73.8133
第15任總統副總統,在新北市各投開票所,新北市,　汐止區,秀山里,2363,40,531,435,1006,9,1015,0,1015,304,1319,76.9522
第15任總統副總統,在新北市各投開票所,新北市,　汐止區,復興里,2364,38,483,619,1140,14,1154,0,1154,296,1450,79.5862
第15任總統副總統,在新北市各投開票所,新北市,　汐止區,復興里,2365,55,531,568,1154,10,1164,0,1164,327,1491,78.0684
第15任總統副總統,在新北市各投開票所,新北市,　汐止區,復興里,2366,62,529,634,1225,8,1233,2,1235,340,1575,78.2857
第15任總統副總統,在新北市各投開票所,新北市,　汐止區,復興里,2367,59,531,629,1219,20,1239,0,1239,293,1532,80.8747
第15任總統副總統,在新北市各投開票所,新北市,　汐止區,自強里,2368,69,510,773,1352,19,1371,0,1371,472,1843,74.3896
第15任總統副總統,在新北市各投開票所,新北市,　汐止區,自強里,2369,52,347,602,1001,15,1016,0,1016,397,1413,71.9038
第15任總統副總統,在新北市各投開票所,新北市,　汐止區,自強里,2370,70,505,671,1246,13,1259,0,1259,337,1596,78.8847
第15任總統副總統,在新北市各投開票所,新北市,　汐止區,文化里,2371,56,390,625,1071,21,1092,0,1092,346,1438,75.9388
第15任總統副總統,在新北市各投開票所,新北市,　汐止區,文化里,2372,50,471,616,1137,7,1144,0,1144,365,1509,75.8118
第15任總統副總統,在新北市各投開票所,新北市,　汐止區,文化里,2373,44,329,382,755,4,759,0,759,211,970,78.2474
第15任總統副總統,在新北市各投開票所,新北市,　汐止區,白雲里,2374,40,383,500,923,11,934,0,934,294,1228,76.0586
第15任總統副總統,在新北市各投開票所,新北市,　汐止區,白雲里,2375,40,346,547,933,9,942,0,942,361,1303,72.2947
第15任總統副總統,在新北市各投開票所,新北市,　汐止區,白雲里,2376,55,381,486,922,10,932,0,932,302,1234,75.5267
第15任總統副總統,在新北市各投開票所,新北市,　汐止區,茄苳里,2377,36,326,572,934,7,941,0,941,356,1297,72.5520
第15任總統副總統,在新北市各投開票所,新北市,　汐止區,茄苳里,2378,38,369,522,929,7,936,0,936,380,1316,71.1246
第15任總統副總統,在新北市各投開票所,新北市,　汐止區,茄苳里,2379,30,338,442,810,13,823,0,823,359,1182,69.6277
第15任總統副總統,在新北市各投開票所,新北市,　汐止區,崇德里,2380,41,412,667,1120,10,1130,0,1130,377,1507,74.9834
第15任總統副總統,在新北市各投開票所,新北市,　汐止區,崇德里,2381,67,428,752,1247,19,1266,0,1266,398,1664,76.0817
第15任總統副總統,在新北市各投開票所,新北市,　汐止區,崇德里,2382,63,381,395,839,10,849,0,849,261,1110,76.4865
第15任總統副總統,在新北市各投開票所,新北市,　汐止區,城中里,2383,39,381,536,956,7,963,0,963,253,1216,79.1941
第15任總統副總統,在新北市各投開票所,新北市,　汐止區,城中里,2384,43,469,462,974,8,982,0,982,288,1270,77.3228
第15任總統副總統,在新北市各投開票所,新北市,　汐止區,城中里,2385,54,492,515,1061,7,1068,0,1068,334,1402,76.1769
第15任總統副總統,在新北市各投開票所,新北市,　汐止區,橋東里,2386,48,366,541,955,13,968,0,968,331,1299,74.5189
第15任總統副總統,在新北市各投開票所,新北市,　汐止區,橋東里,2387,54,394,533,981,6,987,0,987,317,1304,75.6902
第15任總統副總統,在新北市各投開票所,新北市,　汐止區,建成里,2388,67,475,558,1100,12,1112,0,1112,333,1445,76.9550
第15任總統副總統,在新北市各投開票所,新北市,　汐止區,建成里,2389,65,636,603,1304,12,1316,0,1316,450,1766,74.5187
第15任總統副總統,在新北市各投開票所,新北市,　汐止區,建成里,2390,65,436,463,964,9,973,0,973,284,1257,77.4065
第15任總統副總統,在新北市各投開票所,新北市,　汐止區,長安里,2391,44,396,604,1044,11,1055,0,1055,376,1431,73.7247
第15任總統副總統,在新北市各投開票所,新北市,　汐止區,保安里,2392,38,357,664,1059,12,1071,0,1071,394,1465,73.1058
第15任總統副總統,在新北市各投開票所,新北市,　汐止區,東山里,2393,15,163,236,414,1,415,0,415,133,548,75.7299
第15任總統副總統,在新北市各投開票所,新北市,　汐止區,保長里,2394,44,346,562,952,10,962,0,962,305,1267,75.9274
第15任總統副總統,在新北市各投開票所,新北市,　汐止區,保長里,2395,44,415,632,1091,15,1106,0,1106,402,1508,73.3422
第15任總統副總統,在新北市各投開票所,新北市,　汐止區,保長里,2396,39,386,497,922,7,929,0,929,298,1227,75.7131
第15任總統副總統,在新北市各投開票所,新北市,　汐止區,保新里,2397,69,701,554,1324,20,1344,0,1344,569,1913,70.2561
第15任總統副總統,在新北市各投開票所,新北市,　汐止區,保新里,2398,25,147,310,482,12,494,1,495,182,677,72.9690
第15任總統副總統,在新北市各投開票所,新北市,　汐止區,鄉長里,2399,46,364,566,976,14,990,0,990,298,1288,76.8634
第15任總統副總統,在新北市各投開票所,新北市,　汐止區,鄉長里,2400,35,236,343,614,3,617,0,617,146,763,80.8650
第15任總統副總統,在新北市各投開票所,新北市,　汐止區,江北里,2401,57,369,455,881,11,892,0,892,313,1205,74.0249
第15任總統副總統,在新北市各投開票所,新北市,　汐止區,江北里,2402,39,324,560,923,10,933,0,933,341,1274,73.2339
第15任總統副總統,在新北市各投開票所,新北市,　汐止區,江北里,2403,41,403,601,1045,8,1053,0,1053,509,1562,67.4136
第15任總統副總統,在新北市各投開票所,新北市,　汐止區,江北里,2404,39,338,549,926,11,937,0,937,338,1275,73.4902
第15任總統副總統,在新北市各投開票所,新北市,　汐止區,拱北里,2405,40,396,478,914,7,921,0,921,521,1442,63.8696
第15任總統副總統,在新北市各投開票所,新北市,　汐止區,拱北里,2406,48,410,582,1040,11,1051,0,1051,466,1517,69.2815
第15任總統副總統,在新北市各投開票所,新北市,　汐止區,拱北里,2407,51,454,563,1068,14,1082,0,1082,481,1563,69.2258
第15任總統副總統,在新北市各投開票所,新北市,　汐止區,烘內里,2408,46,447,568,1061,9,1070,0,1070,377,1447,73.9461
第15任總統副總統,在新北市各投開票所,新北市,　汐止區,八連里,2409,38,247,386,671,5,676,0,676,237,913,74.0416
第15任總統副總統,在新北市各投開票所,新北市,　汐止區,長青里,2410,41,326,300,667,11,678,0,678,223,901,75.2497
第15任總統副總統,在新北市各投開票所,新北市,　汐止區,北峰里,2411,40,333,648,1021,10,1031,0,1031,367,1398,73.7482
第15任總統副總統,在新北市各投開票所,新北市,　汐止區,北峰里,2412,49,363,588,1000,9,1009,0,1009,412,1421,71.0063
第15任總統副總統,在新北市各投開票所,新北市,　汐止區,北峰里,2413,39,355,571,965,10,975,0,975,352,1327,73.4740
第15任總統副總統,在新北市各投開票所,新北市,　汐止區,金龍里,2414,61,433,582,1076,10,1086,0,1086,410,1496,72.5936
第15任總統副總統,在新北市各投開票所,新北市,　汐止區,金龍里,2415,51,496,622,1169,12,1181,0,1181,394,1575,74.9841
第15任總統副總統,在新北市各投開票所,新北市,　汐止區,金龍里,2416,55,409,647,1111,10,1121,0,1121,381,1502,74.6338
第15任總統副總統,在新北市各投開票所,新北市,　汐止區,樟樹里,2417,62,501,784,1347,16,1363,0,1363,558,1921,70.9526
第15任總統副總統,在新北市各投開票所,新北市,　汐止區,忠孝里,2418,51,416,569,1036,9,1045,0,1045,327,1372,76.1662
第15任總統副總統,在新北市各投開票所,新北市,　汐止區,忠孝里,2419,46,493,530,1069,12,1081,0,1081,361,1442,74.9653
第15任總統副總統,在新北市各投開票所,新北市,　汐止區,忠孝里,2420,60,480,586,1126,11,1137,0,1137,429,1566,72.6054
第15任總統副總統,在新北市各投開票所,新北市,　汐止區,忠孝里,2421,38,442,542,1022,10,1032,0,1032,419,1451,71.1234
第15任總統副總統,在新北市各投開票所,新北市,　汐止區,忠孝里,2422,52,508,529,1089,15,1104,0,1104,362,1466,75.3070
第15任總統副總統,在新北市各投開票所,新北市,　汐止區,厚德里,2423,54,427,596,1077,10,1087,0,1087,397,1484,73.2480
第15任總統副總統,在新北市各投開票所,新北市,　汐止區,厚德里,2424,50,560,599,1209,8,1217,0,1217,462,1679,72.4836
第15任總統副總統,在新北市各投開票所,新北市,　汐止區,厚德里,2425,53,549,566,1168,10,1178,0,1178,438,1616,72.8960
第15任總統副總統,在新北市各投開票所,新北市,　汐止區,厚德里,2426,51,590,576,1217,13,1230,0,1230,495,1725,71.3043
第15任總統副總統,在新北市各投開票所,新北市,　汐止區,山光里,2427,46,441,417,904,8,912,0,912,376,1288,70.8075
第15任總統副總統,在新北市各投開票所,新北市,　汐止區,山光里,2428,33,390,390,813,6,819,0,819,326,1145,71.5284
第15任總統副總統,在新北市各投開票所,新北市,　汐止區,中興里,2429,52,365,578,995,13,1008,0,1008,348,1356,74.3363
第15任總統副總統,在新北市各投開票所,新北市,　汐止區,中興里,2430,30,403,546,979,9,988,0,988,378,1366,72.3280
第15任總統副總統,在新北市各投開票所,新北市,　汐止區,中興里,2431,38,401,544,983,16,999,0,999,393,1392,71.7672
第15任總統副總統,在新北市各投開票所,新北市,　汐止區,中興里,2432,44,372,570,986,10,996,0,996,350,1346,73.9970
第15任總統副總統,在新北市各投開票所,新北市,　汐止區,中興里,2433,53,394,579,1026,9,1035,0,1035,391,1426,72.5806
第15任總統副總統,在新北市各投開票所,新北市,　汐止區,福德里,2434,53,400,646,1099,13,1112,0,1112,392,1504,73.9362
第15任總統副總統,在新北市各投開票所,新北市,　汐止區,福德里,2435,33,412,542,987,5,992,0,992,393,1385,71.6245
第15任總統副總統,在新北市各投開票所,新北市,　汐止區,興福里,2436,38,496,523,1057,15,1072,0,1072,299,1371,78.1911
第15任總統副總統,在新北市各投開票所,新北市,　汐止區,興福里,2437,53,402,581,1036,15,1051,0,1051,375,1426,73.7027
第15任總統副總統,在新北市各投開票所,新北市,　汐止區,康福里,2438,55,484,585,1124,10,1134,0,1134,429,1563,72.5528
第15任總統副總統,在新北市各投開票所,新北市,　汐止區,康福里,2439,46,480,637,1163,7,1170,0,1170,452,1622,72.1332
第15任總統副總統,在新北市各投開票所,新北市,　汐止區,康福里,2440,68,407,530,1005,10,1015,0,1015,380,1395,72.7599
第15任總統副總統,在新北市各投開票所,新北市,　汐止區,湖光里,2441,44,426,584,1054,10,1064,0,1064,286,1350,78.8148
第15任總統副總統,在新北市各投開票所,新北市,　汐止區,湖光里,2442,54,390,492,936,16,952,0,952,329,1281,74.3169
第15任總統副總統,在新北市各投開票所,新北市,　汐止區,湖光里,2443,44,434,522,1000,9,1009,0,1009,299,1308,77.1407
第15任總統副總統,在新北市各投開票所,新北市,　汐止區,湖光里,2444,44,556,411,1011,9,1020,0,1020,366,1386,73.5931
第15任總統副總統,在新北市各投開票所,新北市,　汐止區,湖蓮里,2445,57,417,344,818,11,829,0,829,259,1088,76.1949
第15任總統副總統,在新北市各投開票所,新北市,　汐止區,湖蓮里,2446,43,573,392,1008,12,1020,0,1020,309,1329,76.7494
第15任總統副總統,在新北市各投開票所,新北市,　汐止區,湖興里,2447,51,595,508,1154,12,1166,0,1166,385,1551,75.1773
第15任總統副總統,在新北市各投開票所,新北市,　汐止區,湖興里,2448,37,543,514,1094,9,1103,0,1103,289,1392,79.2385
第15任總統副總統,在新北市各投開票所,新北市,　汐止區,湖興里,2449,56,492,544,1092,9,1101,0,1101,393,1494,73.6948
第15任總統副總統,在新北市各投開票所,新北市,　汐止區,湖興里,2450,44,565,455,1064,8,1072,0,1072,302,1374,78.0204
第15任總統副總統,在新北市各投開票所,新北市,　汐止區,北山里,2451,56,413,550,1019,10,1029,0,1029,336,1365,75.3846
第15任總統副總統,在新北市各投開票所,新北市,　汐止區,北山里,2452,47,417,516,980,5,985,0,985,252,1237,79.6281
第15任總統副總統,在新北市各投開票所,新北市,　汐止區,北山里,2453,61,363,587,1011,8,1019,0,1019,261,1280,79.6094
第15任總統副總統,在新北市各投開票所,新北市,　汐止區,北山里,2454,37,340,462,839,10,849,0,849,299,1148,73.9547
第15任總統副總統,在新北市各投開票所,新北市,　汐止區,忠山里,2455,59,670,541,1270,19,1289,0,1289,359,1648,78.2160
第15任總統副總統,在新北市各投開票所,新北市,　汐止區,忠山里,2456,50,579,482,1111,14,1125,0,1125,340,1465,76.7918
第15任總統副總統,在新北市各投開票所,新北市,　汐止區,環河里,2457,35,284,530,849,7,856,0,856,270,1126,76.0213
第15任總統副總統,在新北市各投開票所,新北市,　汐止區,橫科里,2458,48,465,557,1070,12,1082,0,1082,329,1411,76.6832
第15任總統副總統,在新北市各投開票所,新北市,　汐止區,橫科里,2459,46,418,525,989,15,1004,0,1004,343,1347,74.5360
第15任總統副總統,在新北市各投開票所,新北市,　汐止區,橫科里,2460,36,447,554,1037,11,1048,0,1048,356,1404,74.6439
第15任總統副總統,在新北市各投開票所,新北市,　汐止區,福山里,2461,48,486,642,1176,11,1187,0,1187,441,1628,72.9115
第15任總統副總統,在新北市各投開票所,新北市,　汐止區,福山里,2462,53,634,603,1290,15,1305,0,1305,415,1720,75.8721
第15任總統副總統,在新北市各投開票所,新北市,　汐止區,宜興里,2463,44,520,420,984,20,1004,1,1005,317,1322,75.9455
第15任總統副總統,在新北市各投開票所,新北市,　汐止區,宜興里,2464,39,533,478,1050,9,1059,0,1059,309,1368,77.4123
第15任總統副總統,在新北市各投開票所,新北市,　汐止區,東勢里,2465,24,351,493,868,12,880,0,880,272,1152,76.3889
第15任總統副總統,在新北市各投開票所,新北市,　汐止區,東勢里,2466,33,431,321,785,6,791,0,791,214,1005,78.7065
第15任總統副總統,在新北市各投開票所,新北市,　汐止區,東勢里,2467,53,664,579,1296,10,1306,0,1306,364,1670,78.2036
第15任總統副總統,在新北市各投開票所,新北市,　瑞芳區,龍潭里,2480,25,239,249,513,8,521,0,521,182,703,74.1110
第15任總統副總統,在新北市各投開票所,新北市,　瑞芳區,龍興里,2481,32,345,424,801,4,805,0,805,210,1015,79.3103
第15任總統副總統,在新北市各投開票所,新北市,　瑞芳區,龍興里,2482,20,266,278,564,9,573,0,573,232,805,71.1801
第15任總統副總統,在新北市各投開票所,新北市,　瑞芳區,龍鎮里,2483,33,374,474,881,6,887,0,887,297,1184,74.9155
第15任總統副總統,在新北市各投開票所,新北市,　瑞芳區,龍安里,2484,17,192,210,419,10,429,0,429,162,591,72.5888
第15任總統副總統,在新北市各投開票所,新北市,　瑞芳區,龍川里,2485,28,265,324,617,8,625,0,625,212,837,74.6714
第15任總統副總統,在新北市各投開票所,新北市,　瑞芳區,龍川里,2486,22,210,273,505,8,513,0,513,226,739,69.4181
第15任總統副總統,在新北市各投開票所,新北市,　瑞芳區,龍山里,2487,43,427,453,923,10,933,0,933,358,1291,72.2696
第15任總統副總統,在新北市各投開票所,新北市,　瑞芳區,爪峯里,2488,51,454,617,1122,11,1133,0,1133,465,1598,70.9011
第15任總統副總統,在新北市各投開票所,新北市,　瑞芳區,爪峯里,2489,22,274,372,668,11,679,0,679,269,948,71.6245
第15任總統副總統,在新北市各投開票所,新北市,　瑞芳區,爪峯里,2490,34,277,338,649,9,658,0,658,250,908,72.4670
第15任總統副總統,在新北市各投開票所,新北市,　瑞芳區,新峰里,2491,41,397,543,981,5,986,0,986,411,1397,70.5798
第15任總統副總統,在新北市各投開票所,新北市,　瑞芳區,新峰里,2492,45,462,539,1046,3,1049,0,1049,475,1524,68.8320
第15任總統副總統,在新北市各投開票所,新北市,　瑞芳區,東和里,2493,26,265,369,660,5,665,0,665,265,930,71.5054
第15任總統副總統,在新北市各投開票所,新北市,　瑞芳區,東和里,2494,25,190,192,407,5,412,0,412,204,616,66.8831
第15任總統副總統,在新北市各投開票所,新北市,　瑞芳區,柑坪里,2495,29,254,445,728,13,741,0,741,309,1050,70.5714
第15任總統副總統,在新北市各投開票所,新北市,　瑞芳區,弓橋里,2496,3,63,120,186,2,188,0,188,93,281,66.9039
第15任總統副總統,在新北市各投開票所,新北市,　瑞芳區,猴硐里,2497,19,114,167,300,1,301,0,301,157,458,65.7205
第15任總統副總統,在新北市各投開票所,新北市,　瑞芳區,光復里,2498,8,65,106,179,2,181,0,181,80,261,69.3487
第15任總統副總統,在新北市各投開票所,新北市,　瑞芳區,碩仁里,2499,5,42,54,101,0,101,0,101,46,147,68.7075
第15任總統副總統,在新北市各投開票所,新北市,　瑞芳區,吉慶里,2500,28,231,318,577,12,589,0,589,219,808,72.8960
第15任總統副總統,在新北市各投開票所,新北市,　瑞芳區,吉慶里,2501,30,268,288,586,6,592,0,592,263,855,69.2398
第15任總統副總統,在新北市各投開票所,新北市,　瑞芳區,吉安里,2502,22,221,286,529,6,535,0,535,232,767,69.7523
第15任總統副總統,在新北市各投開票所,新北市,　瑞芳區,吉安里,2503,37,346,387,770,6,776,0,776,350,1126,68.9165
第15任總統副總統,在新北市各投開票所,新北市,　瑞芳區,吉安里,2504,33,290,395,718,6,724,0,724,275,999,72.4725
第15任總統副總統,在新北市各投開票所,新北市,　瑞芳區,上天里,2505,20,219,236,475,9,484,0,484,188,672,72.0238
第15任總統副總統,在新北市各投開票所,新北市,　瑞芳區,上天里,2506,16,157,221,394,5,399,0,399,205,604,66.0596
第15任總統副總統,在新北市各投開票所,新北市,　瑞芳區,傑魚里,2507,30,266,418,714,9,723,0,723,301,1024,70.6055
第15任總統副總統,在新北市各投開票所,新北市,　瑞芳區,傑魚里,2508,14,215,343,572,1,573,0,573,246,819,69.9634
第15任總統副總統,在新北市各投開票所,新北市,　瑞芳區,基山里,2509,6,118,147,271,3,274,0,274,146,420,65.2381
第15任總統副總統,在新北市各投開票所,新北市,　瑞芳區,永慶里,2510,7,112,141,260,4,264,0,264,171,435,60.6897
第15任總統副總統,在新北市各投開票所,新北市,　瑞芳區,崇文里,2511,8,82,102,192,1,193,0,193,114,307,62.8664
第15任總統副總統,在新北市各投開票所,新北市,　瑞芳區,福住里,2512,6,67,50,123,0,123,0,123,45,168,73.2143
第15任總統副總統,在新北市各投開票所,新北市,　瑞芳區,頌德里,2513,13,93,109,215,3,218,0,218,117,335,65.0746
第15任總統副總統,在新北市各投開票所,新北市,　瑞芳區,瓜山里,2514,5,70,54,129,0,129,0,129,43,172,75.0000
第15任總統副總統,在新北市各投開票所,新北市,　瑞芳區,銅山里,2515,8,50,75,133,3,136,0,136,50,186,73.1183
第15任總統副總統,在新北市各投開票所,新北市,　瑞芳區,新山里,2516,8,107,120,235,2,237,0,237,127,364,65.1099
第15任總統副總統,在新北市各投開票所,新北市,　瑞芳區,石山里,2517,6,120,80,206,4,210,0,210,117,327,64.2202
第15任總統副總統,在新北市各投開票所,新北市,　瑞芳區,濓洞里,2518,16,141,116,273,6,279,0,279,167,446,62.5561
第15任總統副總統,在新北市各投開票所,新北市,　瑞芳區,濓新里,2519,15,73,101,189,1,190,0,190,105,295,64.4068
第15任總統副總統,在新北市各投開票所,新北市,　瑞芳區,南雅里,2520,9,88,101,198,3,201,0,201,60,261,77.0115
第15任總統副總統,在新北市各投開票所,新北市,　瑞芳區,鼻頭里,2521,17,215,273,505,8,513,0,513,338,851,60.2820
第15任總統副總統,在新北市各投開票所,新北市,　瑞芳區,海濱里,2522,44,395,352,791,12,803,0,803,412,1215,66.0905
第15任總統副總統,在新北市各投開票所,新北市,　瑞芳區,瑞濱里,2523,18,252,363,633,6,639,0,639,319,958,66.7015
第15任總統副總統,在新北市各投開票所,新北市,　瑞芳區,瑞濱里,2524,37,297,262,596,10,606,0,606,309,915,66.2295
第15任總統副總統,在新北市各投開票所,新北市,　瑞芳區,深澳里,2525,42,404,353,799,7,806,0,806,471,1277,63.1167
第15任總統副總統,在新北市各投開票所,新北市,　土城區,祖田里,1866,59,327,702,1088,15,1103,0,1103,363,1466,75.2387
第15任總統副總統,在新北市各投開票所,新北市,　土城區,頂新里,1867,45,427,459,931,3,934,0,934,290,1224,76.3072
第15任總統副總統,在新北市各投開票所,新北市,　土城區,頂新里,1868,48,466,403,917,13,930,0,930,281,1211,76.7960
第15任總統副總統,在新北市各投開票所,新北市,　土城區,頂福里,1869,36,384,559,979,14,993,0,993,368,1361,72.9611
第15任總統副總統,在新北市各投開票所,新北市,　土城區,頂福里,1870,65,448,630,1143,16,1159,0,1159,410,1569,73.8687
第15任總統副總統,在新北市各投開票所,新北市,　土城區,頂福里,1871,66,501,646,1213,16,1229,0,1229,373,1602,76.7166
第15任總統副總統,在新北市各投開票所,新北市,　土城區,頂埔里,1872,50,397,585,1032,11,1043,0,1043,332,1375,75.8545
第15任總統副總統,在新北市各投開票所,新北市,　土城區,頂埔里,1873,46,475,515,1036,10,1046,0,1046,439,1485,70.4377
第15任總統副總統,在新北市各投開票所,新北市,　土城區,頂埔里,1874,51,358,689,1098,5,1103,0,1103,355,1458,75.6516
第15任總統副總統,在新北市各投開票所,新北市,　土城區,沛陂里,1875,51,332,593,976,7,983,0,983,306,1289,76.2607
第15任總統副總統,在新北市各投開票所,新北市,　土城區,沛陂里,1876,65,327,546,938,9,947,0,947,335,1282,73.8690
第15任總統副總統,在新北市各投開票所,新北市,　土城區,沛陂里,1877,59,351,657,1067,19,1086,0,1086,319,1405,77.2954
第15任總統副總統,在新北市各投開票所,新北市,　土城區,永寧里,1878,52,322,592,966,13,979,0,979,436,1415,69.1873
第15任總統副總統,在新北市各投開票所,新北市,　土城區,永寧里,1879,39,377,580,996,12,1008,0,1008,410,1418,71.0860
第15任總統副總統,在新北市各投開票所,新北市,　土城區,永寧里,1880,48,336,592,976,14,990,0,990,408,1398,70.8155
第15任總統副總統,在新北市各投開票所,新北市,　土城區,永寧里,1881,54,399,556,1009,12,1021,0,1021,296,1317,77.5247
第15任總統副總統,在新北市各投開票所,新北市,　土城區,永寧里,1882,50,419,577,1046,7,1053,0,1053,419,1472,71.5353
第15任總統副總統,在新北市各投開票所,新北市,　土城區,大安里,1883,36,314,539,889,14,903,1,904,299,1203,75.0623
第15任總統副總統,在新北市各投開票所,新北市,　土城區,大安里,1884,26,299,570,895,12,907,0,907,237,1144,79.2832
第15任總統副總統,在新北市各投開票所,新北市,　土城區,大安里,1885,37,315,343,695,10,705,0,705,238,943,74.7614
第15任總統副總統,在新北市各投開票所,新北市,　土城區,大安里,1886,31,262,406,699,7,706,0,706,237,943,74.8674
第15任總統副總統,在新北市各投開票所,新北市,　土城區,員仁里,1887,44,340,564,948,12,960,0,960,323,1283,74.8246
第15任總統副總統,在新北市各投開票所,新北市,　土城區,員仁里,1888,38,322,537,897,4,901,0,901,297,1198,75.2087
第15任總統副總統,在新北市各投開票所,新北市,　土城區,員仁里,1889,40,363,421,824,15,839,0,839,313,1152,72.8299
第15任總統副總統,在新北市各投開票所,新北市,　土城區,員仁里,1890,41,257,527,825,10,835,0,835,336,1171,71.3066
第15任總統副總統,在新北市各投開票所,新北市,　土城區,埤塘里,1891,39,308,494,841,8,849,0,849,1835,2684,31.6319
第15任總統副總統,在新北市各投開票所,新北市,　土城區,埤塘里,1892,41,346,536,923,7,930,0,930,285,1215,76.5432
第15任總統副總統,在新北市各投開票所,新北市,　土城區,埤塘里,1893,47,306,444,797,10,807,0,807,246,1053,76.6382
第15任總統副總統,在新北市各投開票所,新北市,　土城區,土城里,1894,30,258,391,679,9,688,0,688,219,907,75.8545
第15任總統副總統,在新北市各投開票所,新北市,　土城區,土城里,1895,25,262,390,677,9,686,0,686,225,911,75.3019
第15任總統副總統,在新北市各投開票所,新北市,　土城區,長風里,1896,67,863,515,1445,17,1462,0,1462,315,1777,82.2735
第15任總統副總統,在新北市各投開票所,新北市,　土城區,員信里,1897,44,378,555,977,15,992,0,992,308,1300,76.3077
第15任總統副總統,在新北市各投開票所,新北市,　土城區,員信里,1898,38,348,583,969,10,979,0,979,339,1318,74.2792
第15任總統副總統,在新北市各投開票所,新北市,　土城區,員信里,1899,51,375,484,910,7,917,0,917,299,1216,75.4112
第15任總統副總統,在新北市各投開票所,新北市,　土城區,員林里,1900,45,363,589,997,12,1009,0,1009,371,1380,73.1159
第15任總統副總統,在新北市各投開票所,新北市,　土城區,員林里,1901,51,312,590,953,14,967,0,967,270,1237,78.1730
第15任總統副總統,在新北市各投開票所,新北市,　土城區,員林里,1902,63,499,703,1265,13,1278,0,1278,432,1710,74.7368
第15任總統副總統,在新北市各投開票所,新北市,　土城區,員林里,1903,63,411,508,982,12,994,0,994,276,1270,78.2677
第15任總統副總統,在新北市各投開票所,新北市,　土城區,員福里,1904,44,317,530,891,10,901,0,901,340,1241,72.6027
第15任總統副總統,在新北市各投開票所,新北市,　土城區,員福里,1905,38,254,486,778,8,786,0,786,314,1100,71.4545
第15任總統副總統,在新北市各投開票所,新北市,　土城區,員福里,1906,43,386,544,973,4,977,0,977,318,1295,75.4440
第15任總統副總統,在新北市各投開票所,新北市,　土城區,員福里,1907,50,297,505,852,7,859,0,859,299,1158,74.1796
第15任總統副總統,在新北市各投開票所,新北市,　土城區,日和里,1908,55,287,583,925,19,944,0,944,297,1241,76.0677
第15任總統副總統,在新北市各投開票所,新北市,　土城區,日和里,1909,35,358,625,1018,14,1032,0,1032,368,1400,73.7143
第15任總統副總統,在新北市各投開票所,新北市,　土城區,日和里,1910,55,293,601,949,6,955,0,955,293,1248,76.5224
第15任總統副總統,在新北市各投開票所,新北市,　土城區,日和里,1911,37,286,537,860,11,871,0,871,267,1138,76.5378
第15任總統副總統,在新北市各投開票所,新北市,　土城區,日新里,1912,47,314,656,1017,10,1027,0,1027,317,1344,76.4137
第15任總統副總統,在新北市各投開票所,新北市,　土城區,日新里,1913,38,364,567,969,15,984,0,984,348,1332,73.8739
第15任總統副總統,在新北市各投開票所,新北市,　土城區,日新里,1914,41,347,668,1056,11,1067,0,1067,311,1378,77.4311
第15任總統副總統,在新北市各投開票所,新北市,　土城區,裕生里,1915,32,254,536,822,15,837,0,837,260,1097,76.2990
第15任總統副總統,在新北市各投開票所,新北市,　土城區,裕生里,1916,38,334,571,943,19,962,0,962,313,1275,75.4510
第15任總統副總統,在新北市各投開票所,新北市,　土城區,裕生里,1917,45,351,600,996,14,1010,0,1010,304,1314,76.8645
第15任總統副總統,在新北市各投開票所,新北市,　土城區,裕生里,1918,48,315,441,804,9,813,0,813,255,1068,76.1236
第15任總統副總統,在新北市各投開票所,新北市,　土城區,貨饒里,1919,30,279,554,863,13,876,0,876,297,1173,74.6803
第15任總統副總統,在新北市各投開票所,新北市,　土城區,貨饒里,1920,64,389,733,1186,17,1203,0,1203,383,1586,75.8512
第15任總統副總統,在新北市各投開票所,新北市,　土城區,貨饒里,1921,31,271,547,849,12,861,0,861,246,1107,77.7778
第15任總統副總統,在新北市各投開票所,新北市,　土城區,瑞興里,1922,49,306,619,974,17,991,0,991,332,1323,74.9055
第15任總統副總統,在新北市各投開票所,新北市,　土城區,瑞興里,1923,47,318,669,1034,13,1047,0,1047,356,1403,74.6258
第15任總統副總統,在新北市各投開票所,新北市,　土城區,復興里,1924,52,304,537,893,9,902,0,902,366,1268,71.1356
第15任總統副總統,在新北市各投開票所,新北市,　土城區,復興里,1925,42,308,633,983,8,991,0,991,321,1312,75.5335
第15任總統副總統,在新北市各投開票所,新北市,　土城區,復興里,1926,53,408,642,1103,17,1120,0,1120,278,1398,80.1144
第15任總統副總統,在新北市各投開票所,新北市,　土城區,廣福里,1927,50,486,750,1286,17,1303,0,1303,383,1686,77.2835
第15任總統副總統,在新北市各投開票所,新北市,　土城區,廣福里,1928,71,506,653,1230,8,1238,0,1238,328,1566,79.0549
第15任總統副總統,在新北市各投開票所,新北市,　土城區,廣福里,1929,58,459,733,1250,24,1274,0,1274,356,1630,78.1595
第15任總統副總統,在新北市各投開票所,新北市,　土城區,學成里,1930,40,329,610,979,10,989,0,989,293,1282,77.1451
第15任總統副總統,在新北市各投開票所,新北市,　土城區,學成里,1931,47,398,802,1247,16,1263,0,1263,281,1544,81.8005
第15任總統副總統,在新北市各投開票所,新北市,　土城區,埤林里,1932,40,387,726,1153,10,1163,0,1163,393,1556,74.7429
第15任總統副總統,在新北市各投開票所,新北市,　土城區,埤林里,1933,48,334,673,1055,14,1069,0,1069,326,1395,76.6308
第15任總統副總統,在新北市各投開票所,新北市,　土城區,埤林里,1934,48,415,672,1135,13,1148,0,1148,341,1489,77.0987
第15任總統副總統,在新北市各投開票所,新北市,　土城區,埤林里,1935,51,476,582,1109,15,1124,0,1124,334,1458,77.0919
第15任總統副總統,在新北市各投開票所,新北市,　土城區,埤林里,1936,39,455,563,1057,13,1070,0,1070,272,1342,79.7317
第15任總統副總統,在新北市各投開票所,新北市,　土城區,廣興里,1937,67,435,693,1195,18,1213,0,1213,336,1549,78.3086
第15任總統副總統,在新北市各投開票所,新北市,　土城區,廣興里,1938,49,397,613,1059,20,1079,0,1079,325,1404,76.8519
第15任總統副總統,在新北市各投開票所,新北市,　土城區,樂利里,1939,64,402,694,1160,15,1175,0,1175,377,1552,75.7088
第15任總統副總統,在新北市各投開票所,新北市,　土城區,樂利里,1940,39,371,638,1048,13,1061,0,1061,357,1418,74.8237
第15任總統副總統,在新北市各投開票所,新北市,　土城區,樂利里,1941,35,476,621,1132,15,1147,0,1147,369,1516,75.6596
第15任總統副總統,在新北市各投開票所,新北市,　土城區,學府里,1942,58,410,710,1178,16,1194,0,1194,369,1563,76.3916
第15任總統副總統,在新北市各投開票所,新北市,　土城區,學府里,1943,55,383,678,1116,9,1125,0,1125,387,1512,74.4048
第15任總統副總統,在新北市各投開票所,新北市,　土城區,明德里,1944,61,455,747,1263,15,1278,0,1278,375,1653,77.3140
第15任總統副總統,在新北市各投開票所,新北市,　土城區,明德里,1945,59,443,720,1222,15,1237,0,1237,410,1647,75.1063
第15任總統副總統,在新北市各投開票所,新北市,　土城區,明德里,1946,62,551,713,1326,24,1350,0,1350,349,1699,79.4585
第15任總統副總統,在新北市各投開票所,新北市,　土城區,學士里,1947,51,415,561,1027,13,1040,0,1040,336,1376,75.5814
第15任總統副總統,在新北市各投開票所,新北市,　土城區,學士里,1948,38,380,596,1014,16,1030,0,1030,249,1279,80.5317
第15任總統副總統,在新北市各投開票所,新北市,　土城區,學士里,1949,61,403,639,1103,11,1114,0,1114,290,1404,79.3447
第15任總統副總統,在新北市各投開票所,新北市,　土城區,柑林里,1950,44,363,621,1028,9,1037,0,1037,354,1391,74.5507
第15任總統副總統,在新北市各投開票所,新北市,　土城區,柑林里,1951,74,420,675,1169,16,1185,0,1185,321,1506,78.6853
第15任總統副總統,在新北市各投開票所,新北市,　土城區,中正里,1952,58,431,612,1101,9,1110,0,1110,339,1449,76.6046
第15任總統副總統,在新北市各投開票所,新北市,　土城區,中正里,1953,51,373,598,1022,12,1034,0,1034,292,1326,77.9789
第15任總統副總統,在新北市各投開票所,新北市,　土城區,青雲里,1954,55,329,549,933,13,946,0,946,265,1211,78.1173
第15任總統副總統,在新北市各投開票所,新北市,　土城區,青雲里,1955,44,345,623,1012,8,1020,0,1020,321,1341,76.0626
第15任總統副總統,在新北市各投開票所,新北市,　土城區,清和里,1956,45,250,645,940,4,944,0,944,310,1254,75.2791
第15任總統副總統,在新北市各投開票所,新北市,　土城區,清和里,1957,36,276,558,870,7,877,0,877,429,1306,67.1516
第15任總統副總統,在新北市各投開票所,新北市,　土城區,清和里,1958,32,319,604,955,11,966,0,966,416,1382,69.8987
第15任總統副總統,在新北市各投開票所,新北市,　土城區,清和里,1959,42,405,642,1089,16,1105,0,1105,396,1501,73.6176
第15任總統副總統,在新北市各投開票所,新北市,　土城區,清化里,1960,42,371,652,1065,9,1074,0,1074,352,1426,75.3156
第15任總統副總統,在新北市各投開票所,新北市,　土城區,清溪里,1961,31,420,603,1054,10,1064,0,1064,431,1495,71.1706
第15任總統副總統,在新北市各投開票所,新北市,　土城區,清溪里,1962,61,437,592,1090,13,1103,0,1103,358,1461,75.4962
第15任總統副總統,在新北市各投開票所,新北市,　土城區,清溪里,1963,51,476,645,1172,13,1185,0,1185,342,1527,77.6031
第15任總統副總統,在新北市各投開票所,新北市,　土城區,清溪里,1964,60,463,604,1127,20,1147,0,1147,333,1480,77.5000
第15任總統副總統,在新北市各投開票所,新北市,　土城區,青山里,1965,51,357,620,1028,12,1040,0,1040,289,1329,78.2543
第15任總統副總統,在新北市各投開票所,新北市,　土城區,青山里,1966,40,337,509,886,15,901,0,901,364,1265,71.2253
第15任總統副總統,在新北市各投開票所,新北市,　土城區,清水里,1967,45,293,647,985,6,991,0,991,310,1301,76.1722
第15任總統副總統,在新北市各投開票所,新北市,　土城區,清水里,1968,58,357,610,1025,13,1038,0,1038,332,1370,75.7664
第15任總統副總統,在新北市各投開票所,新北市,　土城區,清水里,1969,45,365,641,1051,9,1060,0,1060,373,1433,73.9707
第15任總統副總統,在新北市各投開票所,新北市,　土城區,清水里,1970,37,387,592,1016,10,1026,0,1026,349,1375,74.6182
第15任總統副總統,在新北市各投開票所,新北市,　土城區,清水里,1971,56,365,686,1107,9,1116,0,1116,401,1517,73.5662
第15任總統副總統,在新北市各投開票所,新北市,　土城區,永豐里,1972,33,315,516,864,6,870,0,870,342,1212,71.7822
第15任總統副總統,在新北市各投開票所,新北市,　土城區,永豐里,1973,54,345,490,889,11,900,0,900,334,1234,72.9335
第15任總統副總統,在新北市各投開票所,新北市,　土城區,永豐里,1974,51,415,565,1031,12,1043,0,1043,228,1271,82.0614
第15任總統副總統,在新北市各投開票所,新北市,　土城區,永富里,1975,57,374,564,995,9,1004,0,1004,382,1386,72.4387
第15任總統副總統,在新北市各投開票所,新北市,　土城區,永富里,1976,59,378,672,1109,17,1126,0,1126,390,1516,74.2744
第15任總統副總統,在新北市各投開票所,新北市,　土城區,永富里,1977,68,447,779,1294,21,1315,0,1315,445,1760,74.7159
第15任總統副總統,在新北市各投開票所,新北市,　土城區,廷寮里,1978,53,341,576,970,13,983,0,983,278,1261,77.9540
第15任總統副總統,在新北市各投開票所,新北市,　土城區,廷寮里,1979,54,415,605,1074,14,1088,0,1088,374,1462,74.4186
第15任總統副總統,在新北市各投開票所,新北市,　土城區,廷寮里,1980,41,315,753,1109,6,1115,0,1115,370,1485,75.0842
第15任總統副總統,在新北市各投開票所,新北市,　土城區,金城里,1981,49,392,451,892,10,902,0,902,356,1258,71.7011
第15任總統副總統,在新北市各投開票所,新北市,　土城區,金城里,1982,59,422,517,998,11,1009,0,1009,313,1322,76.3238
第15任總統副總統,在新北市各投開票所,新北市,　土城區,金城里,1983,56,364,521,941,7,948,0,948,367,1315,72.0913
第15任總統副總統,在新北市各投開票所,新北市,　土城區,金城里,1984,39,391,548,978,9,987,0,987,363,1350,73.1111
第15任總統副總統,在新北市各投開票所,新北市,　土城區,峯廷里,1985,37,346,571,954,6,960,0,960,336,1296,74.0741
第15任總統副總統,在新北市各投開票所,新北市,　土城區,峯廷里,1986,44,319,549,912,7,919,0,919,366,1285,71.5175
第15任總統副總統,在新北市各投開票所,新北市,　土城區,峯廷里,1987,43,252,492,787,11,798,0,798,350,1148,69.5122
第15任總統副總統,在新北市各投開票所,新北市,　土城區,峯廷里,1988,41,310,545,896,14,910,0,910,303,1213,75.0206
第15任總統副總統,在新北市各投開票所,新北市,　土城區,峯廷里,1989,61,374,615,1050,20,1070,0,1070,370,1440,74.3056
第15任總統副總統,在新北市各投開票所,新北市,　土城區,延吉里,1990,36,318,518,872,4,876,0,876,316,1192,73.4899
第15任總統副總統,在新北市各投開票所,新北市,　土城區,延吉里,1991,35,308,681,1024,11,1035,0,1035,364,1399,73.9814
第15任總統副總統,在新北市各投開票所,新北市,　土城區,延吉里,1992,44,231,521,796,14,810,0,810,366,1176,68.8776
第15任總統副總統,在新北市各投開票所,新北市,　土城區,延壽里,1993,50,325,546,921,2,923,0,923,314,1237,74.6160
第15任總統副總統,在新北市各投開票所,新北市,　土城區,延壽里,1994,33,323,617,973,8,981,0,981,337,1318,74.4310
第15任總統副總統,在新北市各投開票所,新北市,　土城區,延壽里,1995,40,371,528,939,13,952,0,952,380,1332,71.4715
第15任總統副總統,在新北市各投開票所,新北市,　土城區,延祿里,1996,48,377,518,943,10,953,0,953,357,1310,72.7481
第15任總統副總統,在新北市各投開票所,新北市,　土城區,延祿里,1997,42,283,479,804,6,810,0,810,323,1133,71.4916
第15任總統副總統,在新北市各投開票所,新北市,　土城區,延祿里,1998,26,259,566,851,10,861,0,861,336,1197,71.9298
第15任總統副總統,在新北市各投開票所,新北市,　土城區,平和里,1999,51,361,655,1067,12,1079,0,1079,355,1434,75.2441
第15任總統副總統,在新北市各投開票所,新北市,　土城區,平和里,2000,71,386,756,1213,19,1232,0,1232,345,1577,78.1230
第15任總統副總統,在新北市各投開票所,新北市,　土城區,平和里,2001,63,353,687,1103,11,1114,0,1114,365,1479,75.3212
第15任總統副總統,在新北市各投開票所,新北市,　土城區,平和里,2002,44,414,694,1152,12,1164,0,1164,365,1529,76.1282
第15任總統副總統,在新北市各投開票所,新北市,　土城區,安和里,2003,46,315,669,1030,11,1041,0,1041,271,1312,79.3445
第15任總統副總統,在新北市各投開票所,新北市,　土城區,安和里,2004,52,324,696,1072,10,1082,0,1082,385,1467,73.7560
第15任總統副總統,在新北市各投開票所,新北市,　土城區,安和里,2005,68,387,641,1096,19,1115,0,1115,370,1485,75.0842
第15任總統副總統,在新北市各投開票所,新北市,　土城區,延和里,2006,41,345,620,1006,7,1013,0,1013,322,1335,75.8801
第15任總統副總統,在新北市各投開票所,新北市,　土城區,延和里,2007,44,363,580,987,18,1005,0,1005,327,1332,75.4505
第15任總統副總統,在新北市各投開票所,新北市,　土城區,延和里,2008,60,353,674,1087,16,1103,0,1103,361,1464,75.3415
第15任總統副總統,在新北市各投開票所,新北市,　土城區,延和里,2009,62,448,599,1109,10,1119,0,1119,382,1501,74.5503
第15任總統副總統,在新北市各投開票所,新北市,　蘆洲區,光華里,0339,55,367,720,1142,10,1152,0,1152,341,1493,77.1601
第15任總統副總統,在新北市各投開票所,新北市,　蘆洲區,光華里,0340,38,391,690,1119,12,1131,0,1131,426,1557,72.6397
第15任總統副總統,在新北市各投開票所,新北市,　蘆洲區,光華里,0341,68,341,733,1142,9,1151,0,1151,360,1511,76.1747
第15任總統副總統,在新北市各投開票所,新北市,　蘆洲區,光明里,0342,51,293,675,1019,17,1036,0,1036,339,1375,75.3455
第15任總統副總統,在新北市各投開票所,新北市,　蘆洲區,光明里,0343,47,239,685,971,13,984,0,984,361,1345,73.1599
第15任總統副總統,在新北市各投開票所,新北市,　蘆洲區,光明里,0344,48,338,648,1034,9,1043,0,1043,418,1461,71.3895
第15任總統副總統,在新北市各投開票所,新北市,　蘆洲區,中路里,0345,65,359,869,1293,9,1302,0,1302,429,1731,75.2166
第15任總統副總統,在新北市各投開票所,新北市,　蘆洲區,中路里,0346,60,430,843,1333,16,1349,0,1349,455,1804,74.7783
第15任總統副總統,在新北市各投開票所,新北市,　蘆洲區,永安里,0347,46,319,737,1102,17,1119,0,1119,360,1479,75.6592
第15任總統副總統,在新北市各投開票所,新北市,　蘆洲區,永安里,0348,49,402,715,1166,13,1179,0,1179,356,1535,76.8078
第15任總統副總統,在新北市各投開票所,新北市,　蘆洲區,永安里,0349,42,294,732,1068,5,1073,0,1073,399,1472,72.8940
第15任總統副總統,在新北市各投開票所,新北市,　蘆洲區,九芎里,0350,51,314,728,1093,12,1105,0,1105,419,1524,72.5066
第15任總統副總統,在新北市各投開票所,新北市,　蘆洲區,九芎里,0351,57,296,768,1121,13,1134,0,1134,442,1576,71.9543
第15任總統副總統,在新北市各投開票所,新北市,　蘆洲區,九芎里,0352,65,406,707,1178,11,1189,0,1189,399,1588,74.8741
第15任總統副總統,在新北市各投開票所,新北市,　蘆洲區,延平里,0353,53,377,901,1331,20,1351,0,1351,441,1792,75.3906
第15任總統副總統,在新北市各投開票所,新北市,　蘆洲區,延平里,0354,70,329,884,1283,12,1295,0,1295,455,1750,74.0000
第15任總統副總統,在新北市各投開票所,新北市,　蘆洲區,中華里,0355,45,299,721,1065,14,1079,0,1079,350,1429,75.5073
第15任總統副總統,在新北市各投開票所,新北市,　蘆洲區,中華里,0356,47,345,669,1061,8,1069,0,1069,331,1400,76.3571
第15任總統副總統,在新北市各投開票所,新北市,　蘆洲區,中原里,0357,63,394,767,1224,19,1243,0,1243,404,1647,75.4706
第15任總統副總統,在新北市各投開票所,新北市,　蘆洲區,中原里,0358,47,302,762,1111,9,1120,0,1120,412,1532,73.1070
第15任總統副總統,在新北市各投開票所,新北市,　蘆洲區,中原里,0359,63,421,831,1315,16,1331,0,1331,469,1800,73.9444
第15任總統副總統,在新北市各投開票所,新北市,　蘆洲區,長安里,0360,56,258,711,1025,7,1032,0,1032,426,1458,70.7819
第15任總統副總統,在新北市各投開票所,新北市,　蘆洲區,長安里,0361,41,276,769,1086,7,1093,0,1093,398,1491,73.3065
第15任總統副總統,在新北市各投開票所,新北市,　蘆洲區,長安里,0362,38,308,723,1069,7,1076,0,1076,391,1467,73.3470
第15任總統副總統,在新北市各投開票所,新北市,　蘆洲區,忠義里,0363,53,304,594,951,11,962,0,962,355,1317,73.0448
第15任總統副總統,在新北市各投開票所,新北市,　蘆洲區,忠義里,0364,65,333,748,1146,13,1159,0,1159,333,1492,77.6810
第15任總統副總統,在新北市各投開票所,新北市,　蘆洲區,正義里,0365,51,383,664,1098,9,1107,0,1107,312,1419,78.0127
第15任總統副總統,在新北市各投開票所,新北市,　蘆洲區,正義里,0366,65,418,739,1222,8,1230,0,1230,299,1529,80.4447
第15任總統副總統,在新北市各投開票所,新北市,　蘆洲區,正義里,0367,56,319,719,1094,11,1105,0,1105,333,1438,76.8428
第15任總統副總統,在新北市各投開票所,新北市,　蘆洲區,正義里,0368,63,426,777,1266,16,1282,1,1283,319,1602,80.0250
第15任總統副總統,在新北市各投開票所,新北市,　蘆洲區,正義里,0369,49,372,699,1120,11,1131,0,1131,342,1473,76.7821
第15任總統副總統,在新北市各投開票所,新北市,　蘆洲區,正義里,0370,76,415,775,1266,11,1277,0,1277,308,1585,80.5678
第15任總統副總統,在新北市各投開票所,新北市,　蘆洲區,正義里,0371,71,397,746,1214,6,1220,0,1220,324,1544,79.0155
第15任總統副總統,在新北市各投開票所,新北市,　蘆洲區,南港里,0372,30,336,766,1132,11,1143,0,1143,434,1577,72.4794
第15任總統副總統,在新北市各投開票所,新北市,　蘆洲區,南港里,0373,64,386,832,1282,14,1296,0,1296,394,1690,76.6864
第15任總統副總統,在新北市各投開票所,新北市,　蘆洲區,南港里,0374,55,368,855,1278,18,1296,0,1296,414,1710,75.7895
第15任總統副總統,在新北市各投開票所,新北市,　蘆洲區,永樂里,0375,58,405,820,1283,10,1293,0,1293,381,1674,77.2401
第15任總統副總統,在新北市各投開票所,新北市,　蘆洲區,永樂里,0376,44,380,923,1347,11,1358,0,1358,461,1819,74.6564
第15任總統副總統,在新北市各投開票所,新北市,　蘆洲區,永樂里,0377,65,421,827,1313,23,1336,0,1336,434,1770,75.4802
第15任總統副總統,在新北市各投開票所,新北市,　蘆洲區,成功里,0378,40,367,767,1174,13,1187,0,1187,411,1598,74.2804
第15任總統副總統,在新北市各投開票所,新北市,　蘆洲區,成功里,0379,48,342,829,1219,18,1237,0,1237,433,1670,74.0719
第15任總統副總統,在新北市各投開票所,新北市,　蘆洲區,成功里,0380,39,351,819,1209,16,1225,0,1225,434,1659,73.8397
第15任總統副總統,在新北市各投開票所,新北市,　蘆洲區,成功里,0381,52,312,779,1143,13,1156,0,1156,376,1532,75.4569
第15任總統副總統,在新北市各投開票所,新北市,　蘆洲區,永康里,0382,29,304,633,966,10,976,0,976,342,1318,74.0516
第15任總統副總統,在新北市各投開票所,新北市,　蘆洲區,永康里,0383,36,262,746,1044,7,1051,0,1051,323,1374,76.4920
第15任總統副總統,在新北市各投開票所,新北市,　蘆洲區,永康里,0384,44,347,676,1067,15,1082,0,1082,407,1489,72.6662
第15任總統副總統,在新北市各投開票所,新北市,　蘆洲區,永康里,0385,55,293,764,1112,17,1129,0,1129,387,1516,74.4723
第15任總統副總統,在新北市各投開票所,新北市,　蘆洲區,永德里,0386,44,314,640,998,7,1005,0,1005,358,1363,73.7344
第15任總統副總統,在新北市各投開票所,新北市,　蘆洲區,永德里,0387,39,282,630,951,23,974,0,974,287,1261,77.2403
第15任總統副總統,在新北市各投開票所,新北市,　蘆洲區,永德里,0388,42,265,631,938,11,949,0,949,350,1299,73.0562
第15任總統副總統,在新北市各投開票所,新北市,　蘆洲區,樓厝里,0389,68,463,825,1356,14,1370,0,1370,395,1765,77.6204
第15任總統副總統,在新北市各投開票所,新北市,　蘆洲區,樓厝里,0390,64,466,892,1422,24,1446,0,1446,454,1900,76.1053
第15任總統副總統,在新北市各投開票所,新北市,　蘆洲區,樓厝里,0391,61,442,839,1342,20,1362,0,1362,440,1802,75.5827
第15任總統副總統,在新北市各投開票所,新北市,　蘆洲區,信義里,0392,60,404,847,1311,14,1325,0,1325,432,1757,75.4126
第15任總統副總統,在新北市各投開票所,新北市,　蘆洲區,信義里,0393,63,356,835,1254,16,1270,0,1270,450,1720,73.8372
第15任總統副總統,在新北市各投開票所,新北市,　蘆洲區,玉清里,0394,58,288,674,1020,15,1035,0,1035,364,1399,73.9814
第15任總統副總統,在新北市各投開票所,新北市,　蘆洲區,玉清里,0395,66,466,825,1357,12,1369,0,1369,415,1784,76.7377
第15任總統副總統,在新北市各投開票所,新北市,　蘆洲區,玉清里,0396,60,471,817,1348,15,1363,0,1363,449,1812,75.2208
第15任總統副總統,在新北市各投開票所,新北市,　蘆洲區,復興里,0397,50,282,794,1126,16,1142,0,1142,398,1540,74.1558
第15任總統副總統,在新北市各投開票所,新北市,　蘆洲區,復興里,0398,52,296,787,1135,10,1145,0,1145,359,1504,76.1303
第15任總統副總統,在新北市各投開票所,新北市,　蘆洲區,福安里,0399,56,340,807,1203,12,1215,0,1215,401,1616,75.1856
第15任總統副總統,在新北市各投開票所,新北市,　蘆洲區,福安里,0400,40,292,597,929,17,946,0,946,256,1202,78.7022
第15任總統副總統,在新北市各投開票所,新北市,　蘆洲區,鷺江里,0401,68,343,776,1187,12,1199,0,1199,423,1622,73.9211
第15任總統副總統,在新北市各投開票所,新北市,　蘆洲區,鷺江里,0402,52,388,703,1143,13,1156,0,1156,363,1519,76.1027
第15任總統副總統,在新北市各投開票所,新北市,　蘆洲區,鷺江里,0403,53,326,749,1128,19,1147,0,1147,360,1507,76.1115
第15任總統副總統,在新北市各投開票所,新北市,　蘆洲區,恆德里,0404,51,506,822,1379,17,1396,0,1396,487,1883,74.1370
第15任總統副總統,在新北市各投開票所,新北市,　蘆洲區,恆德里,0405,53,398,785,1236,15,1251,0,1251,476,1727,72.4378
第15任總統副總統,在新北市各投開票所,新北市,　蘆洲區,恆德里,0406,74,441,807,1322,15,1337,0,1337,458,1795,74.4847
第15任總統副總統,在新北市各投開票所,新北市,　蘆洲區,溪墘里,0407,39,272,673,984,11,995,0,995,313,1308,76.0703
第15任總統副總統,在新北市各投開票所,新北市,　蘆洲區,溪墘里,0408,53,352,718,1123,7,1130,0,1130,307,1437,78.6360
第15任總統副總統,在新北市各投開票所,新北市,　蘆洲區,仁復里,0409,47,472,875,1394,17,1411,0,1411,459,1870,75.4545
第15任總統副總統,在新北市各投開票所,新北市,　蘆洲區,仁德里,0410,49,361,836,1246,12,1258,0,1258,414,1672,75.2392
第15任總統副總統,在新北市各投開票所,新北市,　蘆洲區,仁德里,0411,43,385,751,1179,14,1193,0,1193,355,1548,77.0672
第15任總統副總統,在新北市各投開票所,新北市,　蘆洲區,仁德里,0412,49,329,768,1146,12,1158,0,1158,343,1501,77.1486
第15任總統副總統,在新北市各投開票所,新北市,　蘆洲區,仁義里,0413,54,485,933,1472,16,1488,0,1488,1569,3057,48.6752
第15任總統副總統,在新北市各投開票所,新北市,　蘆洲區,仁義里,0414,65,380,889,1334,15,1349,0,1349,411,1760,76.6477
第15任總統副總統,在新北市各投開票所,新北市,　蘆洲區,得勝里,0415,42,323,581,946,12,958,0,958,342,1300,73.6923
第15任總統副總統,在新北市各投開票所,新北市,　蘆洲區,得勝里,0416,43,352,761,1156,22,1178,1,1179,440,1619,72.7610
第15任總統副總統,在新北市各投開票所,新北市,　蘆洲區,得仁里,0417,53,314,633,1000,11,1011,0,1011,290,1301,77.7095
第15任總統副總統,在新北市各投開票所,新北市,　蘆洲區,得仁里,0418,47,287,666,1000,8,1008,0,1008,335,1343,75.0558
第15任總統副總統,在新北市各投開票所,新北市,　蘆洲區,保和里,0419,30,262,515,807,12,819,0,819,271,1090,75.1376
第15任總統副總統,在新北市各投開票所,新北市,　蘆洲區,保和里,0420,39,259,556,854,13,867,0,867,256,1123,77.2039
第15任總統副總統,在新北市各投開票所,新北市,　蘆洲區,樹德里,0421,57,379,756,1192,10,1202,0,1202,344,1546,77.7490
第15任總統副總統,在新北市各投開票所,新北市,　蘆洲區,樹德里,0422,46,325,644,1015,10,1025,0,1025,327,1352,75.8136
第15任總統副總統,在新北市各投開票所,新北市,　蘆洲區,民和里,0423,52,366,698,1116,12,1128,0,1128,349,1477,76.3710
第15任總統副總統,在新北市各投開票所,新北市,　蘆洲區,民和里,0424,34,218,427,679,6,685,0,685,206,891,76.8799
第15任總統副總統,在新北市各投開票所,新北市,　蘆洲區,水河里,0425,45,392,788,1225,10,1235,0,1235,361,1596,77.3810
第15任總統副總統,在新北市各投開票所,新北市,　蘆洲區,水河里,0426,48,312,764,1124,14,1138,0,1138,403,1541,73.8482
第15任總統副總統,在新北市各投開票所,新北市,　蘆洲區,水河里,0427,58,354,853,1265,15,1280,0,1280,435,1715,74.6356
第15任總統副總統,在新北市各投開票所,新北市,　蘆洲區,水河里,0428,46,364,770,1180,15,1195,0,1195,453,1648,72.5121
第15任總統副總統,在新北市各投開票所,新北市,　蘆洲區,水河里,0429,64,370,768,1202,10,1212,0,1212,392,1604,75.5611
第15任總統副總統,在新北市各投開票所,新北市,　蘆洲區,水湳里,0430,72,408,898,1378,14,1392,0,1392,388,1780,78.2022
第15任總統副總統,在新北市各投開票所,新北市,　蘆洲區,水湳里,0431,40,359,828,1227,17,1244,0,1244,484,1728,71.9907
第15任總統副總統,在新北市各投開票所,新北市,　蘆洲區,水湳里,0432,59,372,887,1318,10,1328,0,1328,454,1782,74.5230
第15任總統副總統,在新北市各投開票所,新北市,　蘆洲區,水湳里,0433,64,368,841,1273,17,1290,0,1290,441,1731,74.5234
第15任總統副總統,在新北市各投開票所,新北市,　蘆洲區,水湳里,0434,76,422,829,1327,18,1345,0,1345,420,1765,76.2040
第15任總統副總統,在新北市各投開票所,新北市,　蘆洲區,仁愛里,0435,55,345,770,1170,13,1183,0,1183,342,1525,77.5738
第15任總統副總統,在新北市各投開票所,新北市,　蘆洲區,仁愛里,0436,65,309,824,1198,18,1216,0,1216,365,1581,76.9133
第15任總統副總統,在新北市各投開票所,新北市,　蘆洲區,仁愛里,0437,55,341,676,1072,18,1090,0,1090,350,1440,75.6944
第15任總統副總統,在新北市各投開票所,新北市,　蘆洲區,忠孝里,0438,47,237,567,851,13,864,0,864,280,1144,75.5245
第15任總統副總統,在新北市各投開票所,新北市,　蘆洲區,忠孝里,0439,25,172,567,764,4,768,0,768,212,980,78.3673
第15任總統副總統,在新北市各投開票所,新北市,　蘆洲區,保佑里,0440,60,363,816,1239,20,1259,0,1259,331,1590,79.1824
第15任總統副總統,在新北市各投開票所,新北市,　蘆洲區,保佑里,0441,52,405,776,1233,18,1251,0,1251,421,1672,74.8206
第15任總統副總統,在新北市各投開票所,新北市,　蘆洲區,保新里,0442,34,259,576,869,8,877,0,877,311,1188,73.8215
第15任總統副總統,在新北市各投開票所,新北市,　蘆洲區,保新里,0443,50,434,813,1297,17,1314,0,1314,457,1771,74.1954
第15任總統副總統,在新北市各投開票所,新北市,　五股區,興珍里,0287,43,247,730,1020,13,1033,0,1033,339,1372,75.2915
第15任總統副總統,在新北市各投開票所,新北市,　五股區,興珍里,0288,37,283,723,1043,13,1056,0,1056,387,1443,73.1809
第15任總統副總統,在新北市各投開票所,新北市,　五股區,興珍里,0289,38,221,708,967,14,981,0,981,295,1276,76.8809
第15任總統副總統,在新北市各投開票所,新北市,　五股區,更寮里,0290,31,158,627,816,8,824,0,824,249,1073,76.7940
第15任總統副總統,在新北市各投開票所,新北市,　五股區,觀音里,0291,24,251,617,892,11,903,0,903,340,1243,72.6468
第15任總統副總統,在新北市各投開票所,新北市,　五股區,集福里,0292,44,444,806,1294,15,1309,0,1309,462,1771,73.9130
第15任總統副總統,在新北市各投開票所,新北市,　五股區,集福里,0293,46,276,555,877,3,880,0,880,271,1151,76.4553
第15任總統副總統,在新北市各投開票所,新北市,　五股區,集福里,0294,15,93,222,330,3,333,0,333,127,460,72.3913
第15任總統副總統,在新北市各投開票所,新北市,　五股區,集賢里,0295,67,364,836,1267,10,1277,0,1277,412,1689,75.6069
第15任總統副總統,在新北市各投開票所,新北市,　五股區,集賢里,0296,50,342,812,1204,12,1216,0,1216,484,1700,71.5294
第15任總統副總統,在新北市各投開票所,新北市,　五股區,成德里,0297,55,361,749,1165,22,1187,0,1187,434,1621,73.2264
第15任總統副總統,在新北市各投開票所,新北市,　五股區,成德里,0298,38,227,595,860,6,866,0,866,332,1198,72.2871
第15任總統副總統,在新北市各投開票所,新北市,　五股區,成州里,0299,40,303,706,1049,11,1060,0,1060,428,1488,71.2366
第15任總統副總統,在新北市各投開票所,新北市,　五股區,成州里,0300,44,320,683,1047,16,1063,0,1063,375,1438,73.9221
第15任總統副總統,在新北市各投開票所,新北市,　五股區,成州里,0301,43,248,529,820,11,831,0,831,332,1163,71.4531
第15任總統副總統,在新北市各投開票所,新北市,　五股區,成州里,0302,39,260,527,826,7,833,0,833,282,1115,74.7085
第15任總統副總統,在新北市各投開票所,新北市,　五股區,成功里,0303,51,362,686,1099,12,1111,0,1111,439,1550,71.6774
第15任總統副總統,在新北市各投開票所,新北市,　五股區,成功里,0304,36,243,645,924,11,935,0,935,378,1313,71.2110
第15任總統副總統,在新北市各投開票所,新北市,　五股區,成功里,0305,47,271,591,909,14,923,0,923,376,1299,71.0547
第15任總統副總統,在新北市各投開票所,新北市,　五股區,成功里,0306,58,328,661,1047,10,1057,0,1057,341,1398,75.6080
第15任總統副總統,在新北市各投開票所,新北市,　五股區,成泰里,0307,101,536,817,1454,17,1471,0,1471,575,2046,71.8964
第15任總統副總統,在新北市各投開票所,新北市,　五股區,成泰里,0308,57,355,536,948,11,959,0,959,313,1272,75.3931
第15任總統副總統,在新北市各投開票所,新北市,　五股區,成泰里,0309,46,306,669,1021,5,1026,0,1026,425,1451,70.7099
第15任總統副總統,在新北市各投開票所,新北市,　五股區,成泰里,0310,73,424,846,1343,18,1361,0,1361,476,1837,74.0882
第15任總統副總統,在新北市各投開票所,新北市,　五股區,成泰里,0311,45,364,875,1284,6,1290,0,1290,451,1741,74.0953
第15任總統副總統,在新北市各投開票所,新北市,　五股區,五龍里,0312,23,205,685,913,12,925,0,925,299,1224,75.5719
第15任總統副總統,在新北市各投開票所,新北市,　五股區,五福里,0313,70,336,662,1068,14,1082,0,1082,384,1466,73.8063
第15任總統副總統,在新北市各投開票所,新北市,　五股區,五福里,0314,35,380,750,1165,12,1177,0,1177,380,1557,75.5941
第15任總統副總統,在新北市各投開票所,新北市,　五股區,六福里,0315,63,465,690,1218,11,1229,0,1229,442,1671,73.5488
第15任總統副總統,在新北市各投開票所,新北市,　五股區,六福里,0316,51,425,719,1195,15,1210,0,1210,445,1655,73.1118
第15任總統副總統,在新北市各投開票所,新北市,　五股區,民義里,0317,41,388,621,1050,7,1057,0,1057,379,1436,73.6072
第15任總統副總統,在新北市各投開票所,新北市,　五股區,民義里,0318,69,435,743,1247,9,1256,0,1256,360,1616,77.7228
第15任總統副總統,在新北市各投開票所,新北市,　五股區,五股里,0319,34,298,520,852,9,861,0,861,725,1586,54.2875
第15任總統副總統,在新北市各投開票所,新北市,　五股區,五股里,0320,38,305,509,852,13,865,0,865,321,1186,72.9342
第15任總統副總統,在新北市各投開票所,新北市,　五股區,五股里,0321,30,236,523,789,10,799,0,799,266,1065,75.0235
第15任總統副總統,在新北市各投開票所,新北市,　五股區,德音里,0322,59,393,651,1103,12,1115,0,1115,424,1539,72.4496
第15任總統副總統,在新北市各投開票所,新北市,　五股區,德音里,0323,53,381,619,1053,14,1067,0,1067,343,1410,75.6738
第15任總統副總統,在新北市各投開票所,新北市,　五股區,德音里,0324,65,428,699,1192,6,1198,0,1198,368,1566,76.5006
第15任總統副總統,在新北市各投開票所,新北市,　五股區,水碓里,0325,46,309,630,985,9,994,0,994,391,1385,71.7690
第15任總統副總統,在新北市各投開票所,新北市,　五股區,水碓里,0326,35,274,653,962,10,972,0,972,332,1304,74.5399
第15任總統副總統,在新北市各投開票所,新北市,　五股區,水碓里,0327,42,336,551,929,15,944,0,944,328,1272,74.2138
第15任總統副總統,在新北市各投開票所,新北市,　五股區,水碓里,0328,42,346,657,1045,15,1060,0,1060,366,1426,74.3338
第15任總統副總統,在新北市各投開票所,新北市,　五股區,水碓里,0329,40,300,628,968,12,980,0,980,330,1310,74.8092
第15任總統副總統,在新北市各投開票所,新北市,　五股區,福德里,0330,50,286,538,874,13,887,0,887,283,1170,75.8120
第15任總統副總統,在新北市各投開票所,新北市,　五股區,福德里,0331,51,403,660,1114,8,1122,0,1122,544,1666,67.3469
第15任總統副總統,在新北市各投開票所,新北市,　五股區,德泰里,0332,41,377,637,1055,5,1060,0,1060,348,1408,75.2841
第15任總統副總統,在新北市各投開票所,新北市,　五股區,德泰里,0333,43,363,551,957,8,965,0,965,319,1284,75.1558
第15任總統副總統,在新北市各投開票所,新北市,　五股區,德泰里,0334,47,287,518,852,11,863,0,863,255,1118,77.1914
第15任總統副總統,在新北市各投開票所,新北市,　五股區,貿商里,0335,51,607,420,1078,11,1089,0,1089,306,1395,78.0645
第15任總統副總統,在新北市各投開票所,新北市,　五股區,貿商里,0336,37,622,268,927,11,938,0,938,292,1230,76.2602
第15任總統副總統,在新北市各投開票所,新北市,　五股區,陸一里,0337,36,583,211,830,16,846,0,846,246,1092,77.4725
第15任總統副總統,在新北市各投開票所,新北市,　五股區,陸一里,0338,31,614,218,863,9,872,0,872,302,1174,74.2760
第15任總統副總統,在新北市各投開票所,新北市,　泰山區,大科里,0239,20,125,324,469,8,477,0,477,153,630,75.7143
第15任總統副總統,在新北市各投開票所,新北市,　泰山區,大科里,0240,8,57,66,131,1,132,0,132,36,168,78.5714
第15任總統副總統,在新北市各投開票所,新北市,　泰山區,黎明里,0241,61,337,664,1062,17,1079,0,1079,368,1447,74.5681
第15任總統副總統,在新北市各投開票所,新北市,　泰山區,黎明里,0242,53,400,686,1139,11,1150,0,1150,392,1542,74.5785
第15任總統副總統,在新北市各投開票所,新北市,　泰山區,山腳里,0243,37,467,596,1100,17,1117,0,1117,443,1560,71.6026
第15任總統副總統,在新北市各投開票所,新北市,　泰山區,山腳里,0244,39,355,703,1097,15,1112,0,1112,387,1499,74.1828
第15任總統副總統,在新北市各投開票所,新北市,　泰山區,山腳里,0245,42,344,613,999,14,1013,0,1013,409,1422,71.2377
第15任總統副總統,在新北市各投開票所,新北市,　泰山區,山腳里,0246,40,348,577,965,13,978,0,978,347,1325,73.8113
第15任總統副總統,在新北市各投開票所,新北市,　泰山區,福泰里,0247,41,358,519,918,9,927,0,927,266,1193,77.7033
第15任總統副總統,在新北市各投開票所,新北市,　泰山區,福泰里,0248,43,297,548,888,10,898,0,898,354,1252,71.7252
第15任總統副總統,在新北市各投開票所,新北市,　泰山區,福興里,0249,40,434,640,1114,12,1126,0,1126,357,1483,75.9272
第15任總統副總統,在新北市各投開票所,新北市,　泰山區,福興里,0250,50,418,689,1157,23,1180,0,1180,385,1565,75.3994
第15任總統副總統,在新北市各投開票所,新北市,　泰山區,楓樹里,0251,51,325,507,883,18,901,0,901,320,1221,73.7920
第15任總統副總統,在新北市各投開票所,新北市,　泰山區,楓樹里,0252,46,330,544,920,9,929,0,929,326,1255,74.0239
第15任總統副總統,在新北市各投開票所,新北市,　泰山區,楓樹里,0253,41,319,646,1006,15,1021,0,1021,322,1343,76.0238
第15任總統副總統,在新北市各投開票所,新北市,　泰山區,同榮里,0254,37,440,423,900,13,913,0,913,283,1196,76.3378
第15任總統副總統,在新北市各投開票所,新北市,　泰山區,同榮里,0255,31,377,561,969,13,982,0,982,265,1247,78.7490
第15任總統副總統,在新北市各投開票所,新北市,　泰山區,同榮里,0256,29,264,500,793,13,806,0,806,271,1077,74.8375
第15任總統副總統,在新北市各投開票所,新北市,　泰山區,同興里,0257,45,425,701,1171,18,1189,0,1189,347,1536,77.4089
第15任總統副總統,在新北市各投開票所,新北市,　泰山區,同興里,0258,39,364,815,1218,10,1228,0,1228,374,1602,76.6542
第15任總統副總統,在新北市各投開票所,新北市,　泰山區,全興里,0259,41,339,515,895,17,912,0,912,574,1486,61.3728
第15任總統副總統,在新北市各投開票所,新北市,　泰山區,全興里,0260,57,402,697,1156,8,1164,0,1164,364,1528,76.1780
第15任總統副總統,在新北市各投開票所,新北市,　泰山區,全興里,0261,66,433,659,1158,11,1169,0,1169,375,1544,75.7124
第15任總統副總統,在新北市各投開票所,新北市,　泰山區,全興里,0262,54,374,609,1037,12,1049,0,1049,359,1408,74.5028
第15任總統副總統,在新北市各投開票所,新北市,　泰山區,全興里,0263,31,306,544,881,12,893,0,893,319,1212,73.6799
第15任總統副總統,在新北市各投開票所,新北市,　泰山區,義學里,0264,39,278,581,898,12,910,0,910,240,1150,79.1304
第15任總統副總統,在新北市各投開票所,新北市,　泰山區,義學里,0265,19,292,489,800,4,804,0,804,311,1115,72.1076
第15任總統副總統,在新北市各投開票所,新北市,　泰山區,義學里,0266,63,457,810,1330,20,1350,0,1350,410,1760,76.7045
第15任總統副總統,在新北市各投開票所,新北市,　泰山區,義仁里,0267,48,379,678,1105,17,1122,0,1122,368,1490,75.3020
第15任總統副總統,在新北市各投開票所,新北市,　泰山區,義仁里,0268,46,359,706,1111,12,1123,0,1123,383,1506,74.5684
第15任總統副總統,在新北市各投開票所,新北市,　泰山區,義仁里,0269,40,357,633,1030,12,1042,0,1042,353,1395,74.6953
第15任總統副總統,在新北市各投開票所,新北市,　泰山區,義仁里,0270,66,415,692,1173,10,1183,0,1183,362,1545,76.5696
第15任總統副總統,在新北市各投開票所,新北市,　泰山區,義仁里,0271,53,295,569,917,8,925,0,925,259,1184,78.1250
第15任總統副總統,在新北市各投開票所,新北市,　泰山區,明志里,0272,22,296,499,817,11,828,0,828,286,1114,74.3268
第15任總統副總統,在新北市各投開票所,新北市,　泰山區,明志里,0273,37,286,491,814,6,820,0,820,254,1074,76.3501
第15任總統副總統,在新北市各投開票所,新北市,　泰山區,明志里,0274,42,304,453,799,11,810,0,810,222,1032,78.4884
第15任總統副總統,在新北市各投開票所,新北市,　泰山區,泰友里,0275,30,289,390,709,13,722,0,722,239,961,75.1301
第15任總統副總統,在新北市各投開票所,新北市,　泰山區,泰友里,0276,33,235,470,738,12,750,0,750,195,945,79.3651
第15任總統副總統,在新北市各投開票所,新北市,　泰山區,新明里,0277,40,379,627,1046,10,1056,0,1056,338,1394,75.7532
第15任總統副總統,在新北市各投開票所,新北市,　泰山區,新明里,0278,45,385,655,1085,8,1093,0,1093,347,1440,75.9028
第15任總統副總統,在新北市各投開票所,新北市,　泰山區,貴子里,0279,53,305,531,889,2,891,0,891,306,1197,74.4361
第15任總統副總統,在新北市各投開票所,新北市,　泰山區,貴子里,0280,38,320,620,978,5,983,0,983,289,1272,77.2799
第15任總統副總統,在新北市各投開票所,新北市,　泰山區,貴子里,0281,35,297,417,749,8,757,0,757,237,994,76.1569
第15任總統副總統,在新北市各投開票所,新北市,　泰山區,貴賢里,0282,69,527,707,1303,12,1315,0,1315,319,1634,80.4774
第15任總統副總統,在新北市各投開票所,新北市,　泰山區,貴賢里,0283,57,461,696,1214,16,1230,0,1230,390,1620,75.9259
第15任總統副總統,在新北市各投開票所,新北市,　泰山區,貴和里,0284,34,422,547,1003,14,1017,0,1017,381,1398,72.7468
第15任總統副總統,在新北市各投開票所,新北市,　泰山區,貴和里,0285,51,331,613,995,10,1005,0,1005,286,1291,77.8466
第15任總統副總統,在新北市各投開票所,新北市,　泰山區,貴和里,0286,50,408,698,1156,9,1165,0,1165,394,1559,74.7274
第15任總統副總統,在新北市各投開票所,新北市,　林口區,東林里,0166,44,302,537,883,13,896,0,896,309,1205,74.3568
第15任總統副總統,在新北市各投開票所,新北市,　林口區,東林里,0167,31,260,477,768,6,774,0,774,326,1100,70.3636
第15任總統副總統,在新北市各投開票所,新北市,　林口區,東林里,0168,48,307,540,895,6,901,0,901,306,1207,74.6479
第15任總統副總統,在新北市各投開票所,新北市,　林口區,林口里,0169,36,373,545,954,15,969,0,969,343,1312,73.8567
第15任總統副總統,在新北市各投開票所,新北市,　林口區,林口里,0170,38,304,489,831,8,839,0,839,297,1136,73.8556
第15任總統副總統,在新北市各投開票所,新北市,　林口區,林口里,0171,50,295,514,859,3,862,0,862,322,1184,72.8041
第15任總統副總統,在新北市各投開票所,新北市,　林口區,林口里,0172,41,287,468,796,9,805,0,805,276,1081,74.4681
第15任總統副總統,在新北市各投開票所,新北市,　林口區,西林里,0173,46,285,465,796,5,801,0,801,335,1136,70.5106
第15任總統副總統,在新北市各投開票所,新北市,　林口區,西林里,0174,37,333,520,890,6,896,0,896,326,1222,73.3224
第15任總統副總統,在新北市各投開票所,新北市,　林口區,西林里,0175,18,251,393,662,10,672,0,672,521,1193,56.3286
第15任總統副總統,在新北市各投開票所,新北市,　林口區,西林里,0176,68,426,518,1012,8,1020,0,1020,253,1273,80.1257
第15任總統副總統,在新北市各投開票所,新北市,　林口區,西林里,0177,64,426,561,1051,9,1060,0,1060,294,1354,78.2866
第15任總統副總統,在新北市各投開票所,新北市,　林口區,西林里,0178,55,389,539,983,6,989,0,989,337,1326,74.5852
第15任總統副總統,在新北市各投開票所,新北市,　林口區,西林里,0179,50,416,535,1001,9,1010,0,1010,281,1291,78.2339
第15任總統副總統,在新北市各投開票所,新北市,　林口區,菁湖里,0180,37,347,665,1049,5,1054,0,1054,270,1324,79.6073
第15任總統副總統,在新北市各投開票所,新北市,　林口區,菁湖里,0181,29,217,565,811,12,823,0,823,325,1148,71.6899
第15任總統副總統,在新北市各投開票所,新北市,　林口區,菁湖里,0182,55,388,513,956,12,968,0,968,289,1257,77.0088
第15任總統副總統,在新北市各投開票所,新北市,　林口區,中湖里,0183,32,257,549,838,8,846,0,846,321,1167,72.4936
第15任總統副總統,在新北市各投開票所,新北市,　林口區,中湖里,0184,53,383,512,948,9,957,0,957,298,1255,76.2550
第15任總統副總統,在新北市各投開票所,新北市,　林口區,中湖里,0185,40,280,646,966,15,981,0,981,344,1325,74.0377
第15任總統副總統,在新北市各投開票所,新北市,　林口區,湖北里,0186,29,303,708,1040,7,1047,0,1047,300,1347,77.7283
第15任總統副總統,在新北市各投開票所,新北市,　林口區,湖南里,0187,34,360,358,752,15,767,0,767,327,1094,70.1097
第15任總統副總統,在新北市各投開票所,新北市,　林口區,湖南里,0188,33,392,365,790,1,791,0,791,342,1133,69.8147
第15任總統副總統,在新北市各投開票所,新北市,　林口區,湖南里,0189,47,433,479,959,7,966,0,966,343,1309,73.7968
第15任總統副總統,在新北市各投開票所,新北市,　林口區,湖南里,0190,66,481,560,1107,14,1121,0,1121,334,1455,77.0447
第15任總統副總統,在新北市各投開票所,新北市,　林口區,湖南里,0191,49,484,426,959,10,969,0,969,366,1335,72.5843
第15任總統副總統,在新北市各投開票所,新北市,　林口區,湖南里,0192,41,534,356,931,7,938,0,938,405,1343,69.8436
第15任總統副總統,在新北市各投開票所,新北市,　林口區,湖南里,0193,60,390,516,966,9,975,0,975,262,1237,78.8197
第15任總統副總統,在新北市各投開票所,新北市,　林口區,湖南里,0194,55,377,459,891,5,896,0,896,236,1132,79.1519
第15任總統副總統,在新北市各投開票所,新北市,　林口區,湖南里,0195,61,368,432,861,5,866,0,866,316,1182,73.2657
第15任總統副總統,在新北市各投開票所,新北市,　林口區,湖南里,0196,58,301,593,952,9,961,0,961,297,1258,76.3911
第15任總統副總統,在新北市各投開票所,新北市,　林口區,湖南里,0197,48,258,515,821,16,837,0,837,222,1059,79.0368
第15任總統副總統,在新北市各投開票所,新北市,　林口區,湖南里,0198,36,317,528,881,9,890,0,890,322,1212,73.4323
第15任總統副總統,在新北市各投開票所,新北市,　林口區,湖南里,0199,37,317,453,807,6,813,0,813,272,1085,74.9309
第15任總統副總統,在新北市各投開票所,新北市,　林口區,湖南里,0200,44,391,430,865,8,873,0,873,306,1179,74.0458
第15任總統副總統,在新北市各投開票所,新北市,　林口區,湖南里,0201,64,412,542,1018,11,1029,0,1029,350,1379,74.6193
第15任總統副總統,在新北市各投開票所,新北市,　林口區,南勢里,0202,56,220,490,766,8,774,0,774,253,1027,75.3651
第15任總統副總統,在新北市各投開票所,新北市,　林口區,南勢里,0203,67,414,625,1106,12,1118,0,1118,299,1417,78.8991
第15任總統副總統,在新北市各投開票所,新北市,　林口區,南勢里,0204,65,367,552,984,12,996,0,996,292,1288,77.3292
第15任總統副總統,在新北市各投開票所,新北市,　林口區,南勢里,0205,64,438,498,1000,10,1010,0,1010,313,1323,76.3416
第15任總統副總統,在新北市各投開票所,新北市,　林口區,南勢里,0206,57,480,507,1044,10,1054,0,1054,329,1383,76.2111
第15任總統副總統,在新北市各投開票所,新北市,　林口區,南勢里,0207,41,417,446,904,11,915,0,915,274,1189,76.9554
第15任總統副總統,在新北市各投開票所,新北市,　林口區,南勢里,0208,69,481,506,1056,18,1074,0,1074,347,1421,75.5806
第15任總統副總統,在新北市各投開票所,新北市,　林口區,南勢里,0209,58,484,450,992,10,1002,0,1002,341,1343,74.6091
第15任總統副總統,在新北市各投開票所,新北市,　林口區,南勢里,0210,50,466,483,999,9,1008,0,1008,325,1333,75.6189
第15任總統副總統,在新北市各投開票所,新北市,　林口區,南勢里,0211,48,425,544,1017,11,1028,0,1028,384,1412,72.8045
第15任總統副總統,在新北市各投開票所,新北市,　林口區,南勢里,0212,48,442,510,1000,10,1010,0,1010,339,1349,74.8703
第15任總統副總統,在新北市各投開票所,新北市,　林口區,南勢里,0213,63,452,483,998,10,1008,0,1008,351,1359,74.1722
第15任總統副總統,在新北市各投開票所,新北市,　林口區,南勢里,0214,47,419,467,933,10,943,0,943,373,1316,71.6565
第15任總統副總統,在新北市各投開票所,新北市,　林口區,仁愛里,0215,44,305,390,739,5,744,0,744,275,1019,73.0128
第15任總統副總統,在新北市各投開票所,新北市,　林口區,仁愛里,0216,56,374,431,861,11,872,0,872,257,1129,77.2365
第15任總統副總統,在新北市各投開票所,新北市,　林口區,仁愛里,0217,47,385,409,841,5,846,0,846,284,1130,74.8673
第15任總統副總統,在新北市各投開票所,新北市,　林口區,仁愛里,0218,66,396,406,868,5,873,0,873,311,1184,73.7331
第15任總統副總統,在新北市各投開票所,新北市,　林口區,仁愛里,0219,49,405,529,983,5,988,2,990,298,1288,76.7081
第15任總統副總統,在新北市各投開票所,新北市,　林口區,麗林里,0220,57,407,469,933,4,937,0,937,359,1296,72.2994
第15任總統副總統,在新北市各投開票所,新北市,　林口區,麗林里,0221,55,322,401,778,8,786,0,786,313,1099,71.5196
第15任總統副總統,在新北市各投開票所,新北市,　林口區,麗林里,0222,65,365,400,830,8,838,1,839,320,1159,72.3037
第15任總統副總統,在新北市各投開票所,新北市,　林口區,麗林里,0223,48,387,413,848,19,867,0,867,273,1140,76.0526
第15任總統副總統,在新北市各投開票所,新北市,　林口區,麗林里,0224,57,415,511,983,17,1000,0,1000,301,1301,76.8640
第15任總統副總統,在新北市各投開票所,新北市,　林口區,麗林里,0225,44,349,502,895,16,911,0,911,249,1160,78.5345
第15任總統副總統,在新北市各投開票所,新北市,　林口區,東勢里,0226,31,380,480,891,6,897,0,897,273,1170,76.6667
第15任總統副總統,在新北市各投開票所,新北市,　林口區,東勢里,0227,35,419,498,952,5,957,0,957,270,1227,77.9951
第15任總統副總統,在新北市各投開票所,新北市,　林口區,東勢里,0228,57,297,381,735,8,743,0,743,280,1023,72.6295
第15任總統副總統,在新北市各投開票所,新北市,　林口區,東勢里,0229,47,331,417,795,12,807,0,807,234,1041,77.5216
第15任總統副總統,在新北市各投開票所,新北市,　林口區,東勢里,0230,58,360,463,881,13,894,0,894,286,1180,75.7627
第15任總統副總統,在新北市各投開票所,新北市,　林口區,麗園里,0231,40,395,523,958,12,970,0,970,323,1293,75.0193
第15任總統副總統,在新北市各投開票所,新北市,　林口區,麗園里,0232,38,317,471,826,11,837,0,837,277,1114,75.1346
第15任總統副總統,在新北市各投開票所,新北市,　林口區,麗園里,0233,55,357,482,894,15,909,0,909,209,1118,81.3059
第15任總統副總統,在新北市各投開票所,新北市,　林口區,頂福里,0234,29,154,516,699,10,709,0,709,280,989,71.6886
第15任總統副總統,在新北市各投開票所,新北市,　林口區,下福里,0235,49,306,539,894,6,900,0,900,270,1170,76.9231
第15任總統副總統,在新北市各投開票所,新北市,　林口區,嘉寶里,0236,30,163,489,682,6,688,0,688,189,877,78.4493
第15任總統副總統,在新北市各投開票所,新北市,　林口區,瑞平里,0237,25,150,379,554,6,560,0,560,214,774,72.3514
第15任總統副總統,在新北市各投開票所,新北市,　林口區,太平里,0238,52,252,722,1026,10,1036,0,1036,331,1367,75.7864
第15任總統副總統,在新北市各投開票所,新北市,　深坑區,萬順里,2258,22,315,479,816,4,820,0,820,312,1132,72.4382
第15任總統副總統,在新北市各投開票所,新北市,　深坑區,萬順里,2259,30,347,464,841,9,850,0,850,259,1109,76.6456
第15任總統副總統,在新北市各投開票所,新北市,　深坑區,萬福里,2260,34,283,466,783,11,794,0,794,257,1051,75.5471
第15任總統副總統,在新北市各投開票所,新北市,　深坑區,萬福里,2261,40,475,512,1027,9,1036,0,1036,335,1371,75.5653
第15任總統副總統,在新北市各投開票所,新北市,　深坑區,土庫里,2262,52,403,536,991,12,1003,0,1003,335,1338,74.9626
第15任總統副總統,在新北市各投開票所,新北市,　深坑區,土庫里,2263,46,397,539,982,9,991,0,991,335,1326,74.7360
第15任總統副總統,在新北市各投開票所,新北市,　深坑區,深坑里,2264,36,411,594,1041,8,1049,0,1049,421,1470,71.3605
第15任總統副總統,在新北市各投開票所,新北市,　深坑區,深坑里,2265,48,507,623,1178,16,1194,0,1194,310,1504,79.3883
第15任總統副總統,在新北市各投開票所,新北市,　深坑區,埔新里,2266,35,460,557,1052,6,1058,0,1058,353,1411,74.9823
第15任總統副總統,在新北市各投開票所,新北市,　深坑區,埔新里,2267,50,439,504,993,12,1005,0,1005,362,1367,73.5187
第15任總統副總統,在新北市各投開票所,新北市,　深坑區,埔新里,2268,42,406,492,940,9,949,0,949,328,1277,74.3148
第15任總統副總統,在新北市各投開票所,新北市,　深坑區,埔新里,2269,42,407,575,1024,9,1033,0,1033,331,1364,75.7331
第15任總統副總統,在新北市各投開票所,新北市,　深坑區,昇高里,2270,32,198,341,571,6,577,0,577,187,764,75.5236
第15任總統副總統,在新北市各投開票所,新北市,　深坑區,昇高里,2271,31,434,377,842,11,853,0,853,264,1117,76.3653
第15任總統副總統,在新北市各投開票所,新北市,　深坑區,賴仲里,2272,39,497,475,1011,17,1028,0,1028,293,1321,77.8198
第15任總統副總統,在新北市各投開票所,新北市,　深坑區,賴仲里,2273,22,240,272,534,4,538,0,538,188,726,74.1047
第15任總統副總統,在新北市各投開票所,新北市,　深坑區,阿柔里,2274,16,155,246,417,2,419,0,419,120,539,77.7365
第15任總統副總統,在新北市各投開票所,新北市,　石碇區,石碇里,2275,17,113,165,295,2,297,0,297,84,381,77.9528
第15任總統副總統,在新北市各投開票所,新北市,　石碇區,潭邊里,2276,18,214,322,554,10,564,0,564,205,769,73.3420
第15任總統副總統,在新北市各投開票所,新北市,　石碇區,烏塗里,2277,6,127,325,458,9,467,0,467,177,644,72.5155
第15任總統副總統,在新北市各投開票所,新北市,　石碇區,彭山里,2278,3,92,108,203,1,204,0,204,91,295,69.1525
第15任總統副總統,在新北市各投開票所,新北市,　石碇區,豐田里,2279,7,72,121,200,2,202,0,202,74,276,73.1884
第15任總統副總統,在新北市各投開票所,新北市,　石碇區,豐田里,2280,2,30,38,70,1,71,0,71,24,95,74.7368
第15任總統副總統,在新北市各投開票所,新北市,　石碇區,隆盛里,2281,8,151,271,430,6,436,0,436,211,647,67.3879
第15任總統副總統,在新北市各投開票所,新北市,　石碇區,豐林里,2282,10,83,126,219,1,220,0,220,77,297,74.0741
第15任總統副總統,在新北市各投開票所,新北市,　石碇區,中民里,2283,25,167,290,482,5,487,0,487,215,702,69.3732
第15任總統副總統,在新北市各投開票所,新北市,　石碇區,永定里,2284,22,116,248,386,2,388,0,388,187,575,67.4783
第15任總統副總統,在新北市各投開票所,新北市,　石碇區,光明里,2285,7,59,133,199,3,202,0,202,68,270,74.8148
第15任總統副總統,在新北市各投開票所,新北市,　石碇區,永安里,2286,20,169,389,578,4,582,0,582,201,783,74.3295
第15任總統副總統,在新北市各投開票所,新北市,　石碇區,格頭里,2287,26,199,499,724,6,730,0,730,204,934,78.1585
第15任總統副總統,在新北市各投開票所,新北市,　坪林區,坪林里,2288,36,295,598,929,16,945,0,945,304,1249,75.6605
第15任總統副總統,在新北市各投開票所,新北市,　坪林區,水德里,2289,9,164,268,441,8,449,0,449,161,610,73.6066
第15任總統副總統,在新北市各投開票所,新北市,　坪林區,大林里,2290,23,219,524,766,8,774,0,774,352,1126,68.7389
第15任總統副總統,在新北市各投開票所,新北市,　坪林區,石𥕢里,2291,9,79,192,280,1,281,0,281,131,412,68.2039
第15任總統副總統,在新北市各投開票所,新北市,　坪林區,粗窟里,2292,16,138,288,442,7,449,0,449,142,591,75.9729
第15任總統副總統,在新北市各投開票所,新北市,　坪林區,粗窟里,2293,7,101,102,210,0,210,0,210,49,259,81.0811
第15任總統副總統,在新北市各投開票所,新北市,　坪林區,上德里,2294,11,51,158,220,2,222,0,222,96,318,69.8113
第15任總統副總統,在新北市各投開票所,新北市,　坪林區,上德里,2295,9,165,150,324,2,326,0,326,150,476,68.4874
第15任總統副總統,在新北市各投開票所,新北市,　坪林區,漁光里,2296,6,67,201,274,3,277,0,277,123,400,69.2500
第15任總統副總統,在新北市各投開票所,新北市,　坪林區,漁光里,2297,6,83,207,296,0,296,0,296,147,443,66.8172
第15任總統副總統,在新北市各投開票所,新北市,　三芝區,八賢里,0011,7,65,132,204,2,206,0,206,99,305,67.5410
第15任總統副總統,在新北市各投開票所,新北市,　三芝區,埔頭里,0012,46,336,446,828,12,840,0,840,359,1199,70.0584
第15任總統副總統,在新北市各投開票所,新北市,　三芝區,埔頭里,0013,38,362,480,880,13,893,0,893,331,1224,72.9575
第15任總統副總統,在新北市各投開票所,新北市,　三芝區,埔頭里,0014,38,302,445,785,10,795,0,795,414,1209,65.7568
第15任總統副總統,在新北市各投開票所,新北市,　三芝區,埔頭里,0015,33,269,403,705,5,710,0,710,334,1044,68.0077
第15任總統副總統,在新北市各投開票所,新北市,　三芝區,古庄里,0016,24,333,395,752,3,755,0,755,317,1072,70.4291
第15任總統副總統,在新北市各投開票所,新北市,　三芝區,新庄里,0017,14,236,287,537,6,543,0,543,213,756,71.8254
第15任總統副總統,在新北市各投開票所,新北市,　三芝區,埔坪里,0018,23,355,423,801,8,809,0,809,425,1234,65.5592
第15任總統副總統,在新北市各投開票所,新北市,　三芝區,埔坪里,0019,20,359,457,836,13,849,0,849,412,1261,67.3275
第15任總統副總統,在新北市各投開票所,新北市,　三芝區,埔坪里,0020,37,352,394,783,12,795,0,795,363,1158,68.6528
第15任總統副總統,在新北市各投開票所,新北市,　三芝區,埔坪里,0021,35,307,453,795,6,801,0,801,356,1157,69.2308
第15任總統副總統,在新北市各投開票所,新北市,　三芝區,埔坪里,0022,28,343,383,754,13,767,0,767,346,1113,68.9128
第15任總統副總統,在新北市各投開票所,新北市,　三芝區,茂長里,0023,21,197,257,475,6,481,0,481,131,612,78.5948
第15任總統副總統,在新北市各投開票所,新北市,　三芝區,橫山里,0024,17,170,153,340,9,349,0,349,147,496,70.3629
第15任總統副總統,在新北市各投開票所,新北市,　三芝區,錫板里,0025,12,185,289,486,3,489,0,489,181,670,72.9851
第15任總統副總統,在新北市各投開票所,新北市,　三芝區,後厝里,0026,18,266,311,595,2,597,0,597,267,864,69.0972
第15任總統副總統,在新北市各投開票所,新北市,　三芝區,後厝里,0027,32,417,342,791,4,795,0,795,384,1179,67.4300
第15任總統副總統,在新北市各投開票所,新北市,　三芝區,福德里,0028,15,231,290,536,9,545,0,545,203,748,72.8610
第15任總統副總統,在新北市各投開票所,新北市,　三芝區,圓山里,0029,12,124,217,353,7,360,0,360,155,515,69.9029
第15任總統副總統,在新北市各投開票所,新北市,　三芝區,店子里,0030,11,121,262,394,14,408,0,408,164,572,71.3287
第15任總統副總統,在新北市各投開票所,新北市,　三芝區,興華里,0031,31,275,540,846,7,853,0,853,312,1165,73.2189
第15任總統副總統,在新北市各投開票所,新北市,　石門區,德茂里,0001,25,275,440,740,8,748,0,748,328,1076,69.5167
第15任總統副總統,在新北市各投開票所,新北市,　石門區,富基里,0002,35,376,509,920,13,933,0,933,370,1303,71.6040
第15任總統副總統,在新北市各投開票所,新北市,　石門區,老梅里,0003,15,270,332,617,11,628,0,628,261,889,70.6412
第15任總統副總統,在新北市各投開票所,新北市,　石門區,老梅里,0004,27,262,482,771,12,783,0,783,396,1179,66.4122
第15任總統副總統,在新北市各投開票所,新北市,　石門區,山溪里,0005,25,254,318,597,8,605,0,605,252,857,70.5951
第15任總統副總統,在新北市各投開票所,新北市,　石門區,石門里,0006,42,476,537,1055,10,1065,0,1065,426,1491,71.4286
第15任總統副總統,在新北市各投開票所,新北市,　石門區,尖鹿里,0007,38,393,569,1000,12,1012,0,1012,413,1425,71.0175
第15任總統副總統,在新北市各投開票所,新北市,　石門區,乾華里,0008,7,86,111,204,3,207,0,207,113,320,64.6875
第15任總統副總統,在新北市各投開票所,新北市,　石門區,茂林里,0009,11,190,231,432,4,436,0,436,188,624,69.8718
第15任總統副總統,在新北市各投開票所,新北市,　石門區,草里里,0010,24,289,308,621,9,630,0,630,267,897,70.2341
第15任總統副總統,在新北市各投開票所,新北市,　八里區,龍源里,0146,44,380,656,1080,12,1092,0,1092,390,1482,73.6842
第15任總統副總統,在新北市各投開票所,新北市,　八里區,龍源里,0147,57,642,696,1395,18,1413,0,1413,525,1938,72.9102
第15任總統副總統,在新北市各投開票所,新北市,　八里區,龍源里,0148,44,456,599,1099,13,1112,0,1112,388,1500,74.1333
第15任總統副總統,在新北市各投開票所,新北市,　八里區,龍源里,0149,49,494,684,1227,10,1237,0,1237,378,1615,76.5944
第15任總統副總統,在新北市各投開票所,新北市,　八里區,米倉里,0150,73,474,776,1323,21,1344,0,1344,592,1936,69.4215
第15任總統副總統,在新北市各投開票所,新北市,　八里區,米倉里,0151,48,365,499,912,7,919,0,919,338,1257,73.1106
第15任總統副總統,在新北市各投開票所,新北市,　八里區,大崁里,0152,59,402,672,1133,4,1137,0,1137,347,1484,76.6173
第15任總統副總統,在新北市各投開票所,新北市,　八里區,大崁里,0153,49,361,631,1041,11,1052,0,1052,376,1428,73.6695
第15任總統副總統,在新北市各投開票所,新北市,　八里區,埤頭里,0154,51,377,725,1153,7,1160,0,1160,425,1585,73.1861
第15任總統副總統,在新北市各投開票所,新北市,　八里區,埤頭里,0155,46,495,791,1332,17,1349,0,1349,530,1879,71.7935
第15任總統副總統,在新北市各投開票所,新北市,　八里區,頂罟里,0156,58,477,839,1374,20,1394,0,1394,582,1976,70.5466
第15任總統副總統,在新北市各投開票所,新北市,　八里區,舊城里,0157,49,408,659,1116,14,1130,0,1130,481,1611,70.1428
第15任總統副總統,在新北市各投開票所,新北市,　八里區,舊城里,0158,58,442,714,1214,12,1226,0,1226,531,1757,69.7780
第15任總統副總統,在新北市各投開票所,新北市,　八里區,舊城里,0159,36,325,572,933,9,942,0,942,375,1317,71.5262
第15任總統副總統,在新北市各投開票所,新北市,　八里區,舊城里,0160,61,390,639,1090,16,1106,0,1106,461,1567,70.5807
第15任總統副總統,在新北市各投開票所,新北市,　八里區,訊塘里,0161,66,555,737,1358,14,1372,0,1372,506,1878,73.0564
第15任總統副總統,在新北市各投開票所,新北市,　八里區,訊塘里,0162,67,506,813,1386,17,1403,0,1403,538,1941,72.2823
第15任總統副總統,在新北市各投開票所,新北市,　八里區,荖阡里,0163,56,394,677,1127,13,1140,0,1140,451,1591,71.6530
第15任總統副總統,在新北市各投開票所,新北市,　八里區,長坑里,0164,47,368,635,1050,11,1061,0,1061,432,1493,71.0650
第15任總統副總統,在新北市各投開票所,新北市,　八里區,下罟里,0165,65,425,562,1052,15,1067,0,1067,367,1434,74.4073
第15任總統副總統,在新北市各投開票所,新北市,　平溪區,薯榔里,2468,3,89,165,257,3,260,0,260,115,375,69.3333
第15任總統副總統,在新北市各投開票所,新北市,　平溪區,菁桐里,2469,5,71,77,153,3,156,0,156,69,225,69.3333
第15任總統副總統,在新北市各投開票所,新北市,　平溪區,白石里,2470,6,63,115,184,1,185,0,185,52,237,78.0591
第15任總統副總統,在新北市各投開票所,新北市,　平溪區,石底里,2471,11,97,197,305,6,311,0,311,125,436,71.3303
第15任總統副總統,在新北市各投開票所,新北市,　平溪區,平溪里,2472,7,89,72,168,2,170,0,170,62,232,73.2759
第15任總統副總統,在新北市各投開票所,新北市,　平溪區,嶺腳里,2473,11,158,217,386,4,390,0,390,206,596,65.4362
第15任總統副總統,在新北市各投開票所,新北市,　平溪區,東勢里,2474,10,138,148,296,2,298,0,298,117,415,71.8072
第15任總統副總統,在新北市各投開票所,新北市,　平溪區,十分里,2475,27,224,282,533,6,539,0,539,271,810,66.5432
第15任總統副總統,在新北市各投開票所,新北市,　平溪區,望古里,2476,3,35,59,97,0,97,0,97,54,151,64.2384
第15任總統副總統,在新北市各投開票所,新北市,　平溪區,南山里,2477,8,99,128,235,1,236,0,236,114,350,67.4286
第15任總統副總統,在新北市各投開票所,新北市,　平溪區,新寮里,2478,3,54,60,117,0,117,0,117,36,153,76.4706
第15任總統副總統,在新北市各投開票所,新北市,　平溪區,平湖里,2479,3,57,78,138,0,138,0,138,42,180,76.6667
第15任總統副總統,在新北市各投開票所,新北市,　雙溪區,雙溪里,2526,7,155,144,306,4,310,0,310,134,444,69.8198
第15任總統副總統,在新北市各投開票所,新北市,　雙溪區,新基里,2527,8,104,74,186,0,186,0,186,86,272,68.3824
第15任總統副總統,在新北市各投開票所,新北市,　雙溪區,新基里,2528,4,156,176,336,6,342,1,343,112,455,75.1648
第15任總統副總統,在新北市各投開票所,新北市,　雙溪區,三港里,2529,4,95,130,229,3,232,0,232,131,363,63.9118
第15任總統副總統,在新北市各投開票所,新北市,　雙溪區,牡丹里,2530,20,221,300,541,6,547,0,547,299,846,64.6572
第15任總統副總統,在新北市各投開票所,新北市,　雙溪區,牡丹里,2531,12,173,245,430,9,439,0,439,200,639,68.7011
第15任總統副總統,在新北市各投開票所,新北市,　雙溪區,三貂里,2532,7,89,108,204,2,206,0,206,117,323,63.7771
第15任總統副總統,在新北市各投開票所,新北市,　雙溪區,平林里,2533,19,182,208,409,3,412,0,412,198,610,67.5410
第15任總統副總統,在新北市各投開票所,新北市,　雙溪區,平林里,2534,5,80,106,191,1,192,0,192,68,260,73.8462
第15任總統副總統,在新北市各投開票所,新北市,　雙溪區,上林里,2535,12,155,263,430,5,435,1,436,182,618,70.3883
第15任總統副總統,在新北市各投開票所,新北市,　雙溪區,外柑里,2536,12,113,152,277,1,278,0,278,129,407,68.3047
第15任總統副總統,在新北市各投開票所,新北市,　雙溪區,長源里,2537,10,60,149,219,4,223,0,223,139,362,61.6022
第15任總統副總統,在新北市各投開票所,新北市,　雙溪區,共和里,2538,10,113,120,243,4,247,0,247,117,364,67.8571
第15任總統副總統,在新北市各投開票所,新北市,　雙溪區,魚行里,2539,12,91,115,218,2,220,0,220,127,347,63.4006
第15任總統副總統,在新北市各投開票所,新北市,　雙溪區,魚行里,2540,11,92,130,233,2,235,0,235,119,354,66.3842
第15任總統副總統,在新北市各投開票所,新北市,　雙溪區,泰平里,2541,38,286,395,719,3,722,0,722,356,1078,66.9759
第15任總統副總統,在新北市各投開票所,新北市,　貢寮區,貢寮里,2542,24,195,316,535,9,544,0,544,286,830,65.5422
第15任總統副總統,在新北市各投開票所,新北市,　貢寮區,龍崗里,2543,8,77,175,260,1,261,0,261,151,412,63.3495
第15任總統副總統,在新北市各投開票所,新北市,　貢寮區,吉林里,2544,18,126,196,340,5,345,0,345,134,479,72.0251
第15任總統副總統,在新北市各投開票所,新北市,　貢寮區,雙玉里,2545,7,68,152,227,3,230,0,230,130,360,63.8889
第15任總統副總統,在新北市各投開票所,新北市,　貢寮區,雙玉里,2546,7,69,128,204,0,204,0,204,93,297,68.6869
第15任總統副總統,在新北市各投開票所,新北市,　貢寮區,福連里,2547,9,117,186,312,3,315,0,315,162,477,66.0377
第15任總統副總統,在新北市各投開票所,新北市,　貢寮區,福連里,2548,3,58,188,249,3,252,0,252,156,408,61.7647
第15任總統副總統,在新北市各投開票所,新北市,　貢寮區,福隆里,2549,14,187,286,487,1,488,0,488,273,761,64.1261
第15任總統副總統,在新北市各投開票所,新北市,　貢寮區,福隆里,2550,24,192,326,542,2,544,0,544,271,815,66.7485
第15任總統副總統,在新北市各投開票所,新北市,　貢寮區,龍門里,2551,8,122,301,431,6,437,0,437,219,656,66.6159
第15任總統副總統,在新北市各投開票所,新北市,　貢寮區,真理里,2552,16,142,517,675,10,685,0,685,381,1066,64.2589
第15任總統副總統,在新北市各投開票所,新北市,　貢寮區,真理里,2553,11,115,443,569,4,573,0,573,348,921,62.2150
第15任總統副總統,在新北市各投開票所,新北市,　貢寮區,仁里里,2554,17,167,287,471,2,473,0,473,239,712,66.4326
第15任總統副總統,在新北市各投開票所,新北市,　貢寮區,仁里里,2555,27,163,468,658,7,665,0,665,259,924,71.9697
第15任總統副總統,在新北市各投開票所,新北市,　貢寮區,美豐里,2556,8,72,171,251,4,255,0,255,124,379,67.2823
第15任總統副總統,在新北市各投開票所,新北市,　貢寮區,美豐里,2557,5,75,139,219,2,221,0,221,121,342,64.6199
第15任總統副總統,在新北市各投開票所,新北市,　貢寮區,和美里,2558,11,99,216,326,5,331,0,331,167,498,66.4659
第15任總統副總統,在新北市各投開票所,新北市,　貢寮區,和美里,2559,17,69,226,312,3,315,0,315,167,482,65.3527
第15任總統副總統,在新北市各投開票所,新北市,　金山區,和平里,2305,15,160,175,350,6,356,0,356,104,460,77.3913
第15任總統副總統,在新北市各投開票所,新北市,　金山區,大同里,2306,18,200,245,463,6,469,0,469,229,698,67.1920
第15任總統副總統,在新北市各投開票所,新北市,　金山區,豐漁里,2307,8,116,208,332,1,333,0,333,159,492,67.6829
第15任總統副總統,在新北市各投開票所,新北市,　金山區,磺港里,2308,14,164,376,554,3,557,0,557,234,791,70.4172
第15任總統副總統,在新北市各投開票所,新北市,　金山區,磺港里,2309,19,198,401,618,7,625,0,625,296,921,67.8610
第15任總統副總統,在新北市各投開票所,新北市,　金山區,金美里,2310,28,309,491,828,6,834,0,834,317,1151,72.4587
第15任總統副總統,在新北市各投開票所,新北市,　金山區,金美里,2311,30,336,569,935,8,943,0,943,373,1316,71.6565
第15任總統副總統,在新北市各投開票所,新北市,　金山區,金美里,2312,26,308,521,855,4,859,0,859,398,1257,68.3373
第15任總統副總統,在新北市各投開票所,新北市,　金山區,金美里,2313,30,290,434,754,5,759,0,759,373,1132,67.0495
第15任總統副總統,在新北市各投開票所,新北市,　金山區,五湖里,2314,32,240,307,579,8,587,0,587,202,789,74.3980
第15任總統副總統,在新北市各投開票所,新北市,　金山區,五湖里,2315,21,227,384,632,11,643,0,643,213,856,75.1168
第15任總統副總統,在新北市各投開票所,新北市,　金山區,美田里,2316,35,276,544,855,9,864,0,864,308,1172,73.7201
第15任總統副總統,在新北市各投開票所,新北市,　金山區,美田里,2317,33,320,476,829,6,835,0,835,373,1208,69.1225
第15任總統副總統,在新北市各投開票所,新北市,　金山區,美田里,2318,38,358,498,894,4,898,0,898,371,1269,70.7644
第15任總統副總統,在新北市各投開票所,新北市,　金山區,重和里,2319,32,284,473,789,12,801,0,801,377,1178,67.9966
第15任總統副總統,在新北市各投開票所,新北市,　金山區,兩湖里,2320,15,95,173,283,2,285,0,285,92,377,75.5968
第15任總統副總統,在新北市各投開票所,新北市,　金山區,六股里,2321,7,162,303,472,5,477,0,477,162,639,74.6479
第15任總統副總統,在新北市各投開票所,新北市,　金山區,三界里,2322,20,139,278,437,6,443,0,443,181,624,70.9936
第15任總統副總統,在新北市各投開票所,新北市,　金山區,萬壽里,2323,12,93,192,297,5,302,0,302,134,436,69.2661
第15任總統副總統,在新北市各投開票所,新北市,　金山區,清泉里,2324,16,215,314,545,13,558,0,558,243,801,69.6629
第15任總統副總統,在新北市各投開票所,新北市,　金山區,西湖里,2325,2,58,86,146,1,147,0,147,37,184,79.8913
第15任總統副總統,在新北市各投開票所,新北市,　金山區,永興里,2326,14,145,216,375,1,376,0,376,192,568,66.1972
第15任總統副總統,在新北市各投開票所,新北市,　萬里區,萬里里,2327,27,355,470,852,7,859,0,859,380,1239,69.3301
第15任總統副總統,在新北市各投開票所,新北市,　萬里區,萬里里,2328,42,423,645,1110,13,1123,0,1123,398,1521,73.8330
第15任總統副總統,在新北市各投開票所,新北市,　萬里區,萬里里,2329,37,378,566,981,10,991,0,991,416,1407,70.4335
第15任總統副總統,在新北市各投開票所,新北市,　萬里區,北基里,2330,31,425,420,876,12,888,0,888,510,1398,63.5193
第15任總統副總統,在新北市各投開票所,新北市,　萬里區,北基里,2331,45,389,424,858,4,862,0,862,470,1332,64.7147
第15任總統副總統,在新北市各投開票所,新北市,　萬里區,龜吼里,2332,23,325,396,744,9,753,0,753,459,1212,62.1287
第15任總統副總統,在新北市各投開票所,新北市,　萬里區,龜吼里,2333,29,361,523,913,10,923,0,923,348,1271,72.6200
第15任總統副總統,在新北市各投開票所,新北市,　萬里區,野柳里,2334,25,446,631,1102,8,1110,0,1110,533,1643,67.5593
第15任總統副總統,在新北市各投開票所,新北市,　萬里區,野柳里,2335,33,394,620,1047,13,1060,0,1060,424,1484,71.4286
第15任總統副總統,在新北市各投開票所,新北市,　萬里區,大鵬里,2336,21,276,366,663,8,671,0,671,257,928,72.3060
第15任總統副總統,在新北市各投開票所,新北市,　萬里區,大鵬里,2337,47,515,654,1216,13,1229,0,1229,460,1689,72.7649
第15任總統副總統,在新北市各投開票所,新北市,　萬里區,磺潭里,2338,17,173,206,396,2,398,0,398,176,574,69.3380
第15任總統副總統,在新北市各投開票所,新北市,　萬里區,雙興里,2339,29,238,421,688,8,696,0,696,254,950,73.2632
第15任總統副總統,在新北市各投開票所,新北市,　萬里區,溪底里,2340,13,143,288,444,4,448,0,448,203,651,68.8172
第15任總統副總統,在新北市各投開票所,新北市,　萬里區,崁脚里,2341,17,91,167,275,2,277,0,277,123,400,69.2500
第15任總統副總統,在新北市各投開票所,新北市,　萬里區,中幅里,2342,26,274,416,716,6,722,0,722,335,1057,68.3065
第15任總統副總統,在新北市各投開票所,新北市,　烏來區,忠治里,2298,39,320,347,706,3,709,0,709,196,905,78.3425
第15任總統副總統,在新北市各投開票所,新北市,　烏來區,忠治里,2299,23,284,140,447,2,449,0,449,168,617,72.7715
第15任總統副總統,在新北市各投開票所,新北市,　烏來區,烏來里,2300,38,363,438,839,5,844,0,844,324,1168,72.2603
第15任總統副總統,在新北市各投開票所,新北市,　烏來區,烏來里,2301,47,454,304,805,9,814,0,814,330,1144,71.1538
第15任總統副總統,在新北市各投開票所,新北市,　烏來區,孝義里,2302,3,63,112,178,4,182,0,182,51,233,78.1116
第15任總統副總統,在新北市各投開票所,新北市,　烏來區,信賢里,2303,11,158,172,341,6,347,0,347,136,483,71.8427
第15任總統副總統,在新北市各投開票所,新北市,　烏來區,福山里,2304,12,252,110,374,8,382,0,382,221,603,63.3499
第15任總統副總統,在臺東縣各投開票所,臺東縣,　臺東市,文化里,0001,17,241,235,493,3,496,0,496,353,849,58.4217
第15任總統副總統,在臺東縣各投開票所,臺東縣,　臺東市,民族里,0002,19,164,203,386,4,390,0,390,151,541,72.0887
第15任總統副總統,在臺東縣各投開票所,臺東縣,　臺東市,民族里,0003,25,283,308,616,5,621,0,621,196,817,76.0098
第15任總統副總統,在臺東縣各投開票所,臺東縣,　臺東市,自強里,0004,31,371,279,681,5,686,0,686,253,939,73.0564
第15任總統副總統,在臺東縣各投開票所,臺東縣,　臺東市,自強里,0005,24,364,296,684,6,690,0,690,231,921,74.9186
第15任總統副總統,在臺東縣各投開票所,臺東縣,　臺東市,自強里,0006,23,348,305,676,8,684,0,684,251,935,73.1551
第15任總統副總統,在臺東縣各投開票所,臺東縣,　臺東市,自強里,0007,30,419,337,786,9,795,0,795,282,1077,73.8162
第15任總統副總統,在臺東縣各投開票所,臺東縣,　臺東市,民生里,0008,19,346,328,693,4,697,0,697,272,969,71.9298
第15任總統副總統,在臺東縣各投開票所,臺東縣,　臺東市,民生里,0009,18,396,337,751,6,757,0,757,245,1002,75.5489
第15任總統副總統,在臺東縣各投開票所,臺東縣,　臺東市,民生里,0010,27,376,361,764,8,772,0,772,271,1043,74.0173
第15任總統副總統,在臺東縣各投開票所,臺東縣,　臺東市,寶桑里,0011,28,282,265,575,5,580,0,580,243,823,70.4739
第15任總統副總統,在臺東縣各投開票所,臺東縣,　臺東市,民權里,0012,24,286,282,592,10,602,0,602,246,848,70.9906
第15任總統副總統,在臺東縣各投開票所,臺東縣,　臺東市,四維里,0013,14,261,153,428,5,433,0,433,216,649,66.7180
第15任總統副總統,在臺東縣各投開票所,臺東縣,　臺東市,中華里,0014,23,277,293,593,5,598,0,598,261,859,69.6158
第15任總統副總統,在臺東縣各投開票所,臺東縣,　臺東市,中華里,0015,19,238,241,498,4,502,0,502,265,767,65.4498
第15任總統副總統,在臺東縣各投開票所,臺東縣,　臺東市,仁愛里,0016,16,224,233,473,5,478,0,478,216,694,68.8761
第15任總統副總統,在臺東縣各投開票所,臺東縣,　臺東市,強國里,0017,18,199,219,436,1,437,0,437,172,609,71.7570
第15任總統副總統,在臺東縣各投開票所,臺東縣,　臺東市,大同里,0018,22,260,223,505,10,515,0,515,223,738,69.7832
第15任總統副總統,在臺東縣各投開票所,臺東縣,　臺東市,成功里,0019,22,239,268,529,3,532,0,532,210,742,71.6981
第15任總統副總統,在臺東縣各投開票所,臺東縣,　臺東市,建國里,0020,37,407,372,816,13,829,0,829,416,1245,66.5863
第15任總統副總統,在臺東縣各投開票所,臺東縣,　臺東市,中正里,0021,13,259,303,575,6,581,0,581,199,780,74.4872
第15任總統副總統,在臺東縣各投開票所,臺東縣,　臺東市,中山里,0022,14,266,276,556,4,560,0,560,179,739,75.7781
第15任總統副總統,在臺東縣各投開票所,臺東縣,　臺東市,興國里,0023,20,232,276,528,1,529,0,529,205,734,72.0708
第15任總統副總統,在臺東縣各投開票所,臺東縣,　臺東市,鐵花里,0024,11,112,167,290,4,294,0,294,105,399,73.6842
第15任總統副總統,在臺東縣各投開票所,臺東縣,　臺東市,東海里,0025,17,279,196,492,6,498,0,498,241,739,67.3884
第15任總統副總統,在臺東縣各投開票所,臺東縣,　臺東市,東海里,0026,16,356,330,702,4,706,0,706,241,947,74.5512
第15任總統副總統,在臺東縣各投開票所,臺東縣,　臺東市,東海里,0027,31,393,288,712,8,720,0,720,265,985,73.0964
第15任總統副總統,在臺東縣各投開票所,臺東縣,　臺東市,復國里,0028,15,210,157,382,2,384,0,384,192,576,66.6667
第15任總統副總統,在臺東縣各投開票所,臺東縣,　臺東市,復興里,0029,10,148,124,282,0,282,0,282,149,431,65.4292
第15任總統副總統,在臺東縣各投開票所,臺東縣,　臺東市,新興里,0030,26,338,286,650,4,654,0,654,298,952,68.6975
第15任總統副總統,在臺東縣各投開票所,臺東縣,　臺東市,新生里,0031,27,410,303,740,7,747,0,747,337,1084,68.9114
第15任總統副總統,在臺東縣各投開票所,臺東縣,　臺東市,新生里,0032,30,333,266,629,2,631,0,631,304,935,67.4866
第15任總統副總統,在臺東縣各投開票所,臺東縣,　臺東市,新生里,0033,31,428,307,766,14,780,0,780,296,1076,72.4907
第15任總統副總統,在臺東縣各投開票所,臺東縣,　臺東市,新生里,0034,35,398,303,736,6,742,0,742,281,1023,72.5318
第15任總統副總統,在臺東縣各投開票所,臺東縣,　臺東市,新生里,0035,21,427,286,734,7,741,0,741,319,1060,69.9057
第15任總統副總統,在臺東縣各投開票所,臺東縣,　臺東市,新生里,0036,25,453,347,825,9,834,0,834,288,1122,74.3316
第15任總統副總統,在臺東縣各投開票所,臺東縣,　臺東市,中心里,0037,27,382,296,705,8,713,0,713,318,1031,69.1562
第15任總統副總統,在臺東縣各投開票所,臺東縣,　臺東市,中心里,0038,23,331,275,629,2,631,0,631,266,897,70.3456
第15任總統副總統,在臺東縣各投開票所,臺東縣,　臺東市,中心里,0039,25,376,336,737,8,745,0,745,220,965,77.2021
第15任總統副總統,在臺東縣各投開票所,臺東縣,　臺東市,馬蘭里,0040,41,521,336,898,8,906,0,906,309,1215,74.5679
第15任總統副總統,在臺東縣各投開票所,臺東縣,　臺東市,馬蘭里,0041,39,539,331,909,6,915,0,915,346,1261,72.5615
第15任總統副總統,在臺東縣各投開票所,臺東縣,　臺東市,光明里,0042,42,515,333,890,7,897,0,897,335,1232,72.8084
第15任總統副總統,在臺東縣各投開票所,臺東縣,　臺東市,光明里,0043,31,467,338,836,9,845,0,845,368,1213,69.6620
第15任總統副總統,在臺東縣各投開票所,臺東縣,　臺東市,豐年里,0044,38,324,209,571,7,578,0,578,364,942,61.3588
第15任總統副總統,在臺東縣各投開票所,臺東縣,　臺東市,豐年里,0045,33,402,309,744,8,752,0,752,364,1116,67.3835
第15任總統副總統,在臺東縣各投開票所,臺東縣,　臺東市,豐年里,0046,22,371,203,596,1,597,0,597,290,887,67.3055
第15任總統副總統,在臺東縣各投開票所,臺東縣,　臺東市,豐樂里,0047,19,245,246,510,3,513,0,513,191,704,72.8693
第15任總統副總統,在臺東縣各投開票所,臺東縣,　臺東市,豐樂里,0048,21,269,180,470,8,478,0,478,239,717,66.6667
第15任總統副總統,在臺東縣各投開票所,臺東縣,　臺東市,永樂里,0049,15,322,274,611,10,621,0,621,287,908,68.3921
第15任總統副總統,在臺東縣各投開票所,臺東縣,　臺東市,永樂里,0050,49,411,325,785,7,792,0,792,318,1110,71.3514
第15任總統副總統,在臺東縣各投開票所,臺東縣,　臺東市,康樂里,0051,31,426,418,875,12,887,0,887,403,1290,68.7597
第15任總統副總統,在臺東縣各投開票所,臺東縣,　臺東市,豐榮里,0052,30,466,315,811,6,817,0,817,330,1147,71.2293
第15任總統副總統,在臺東縣各投開票所,臺東縣,　臺東市,豐榮里,0053,37,463,299,799,8,807,0,807,356,1163,69.3895
第15任總統副總統,在臺東縣各投開票所,臺東縣,　臺東市,豐榮里,0054,34,468,311,813,7,820,0,820,359,1179,69.5505
第15任總統副總統,在臺東縣各投開票所,臺東縣,　臺東市,豐榮里,0055,33,431,346,810,9,819,0,819,365,1184,69.1723
第15任總統副總統,在臺東縣各投開票所,臺東縣,　臺東市,豐榮里,0056,30,350,271,651,5,656,0,656,349,1005,65.2736
第15任總統副總統,在臺東縣各投開票所,臺東縣,　臺東市,豐榮里,0057,38,392,282,712,5,717,0,717,293,1010,70.9901
第15任總統副總統,在臺東縣各投開票所,臺東縣,　臺東市,豐榮里,0058,19,482,301,802,9,811,0,811,269,1080,75.0926
第15任總統副總統,在臺東縣各投開票所,臺東縣,　臺東市,豐谷里,0059,25,468,325,818,5,823,0,823,476,1299,63.3564
第15任總統副總統,在臺東縣各投開票所,臺東縣,　臺東市,豐谷里,0060,19,498,304,821,2,823,0,823,438,1261,65.2657
第15任總統副總統,在臺東縣各投開票所,臺東縣,　臺東市,豐谷里,0061,33,494,349,876,9,885,0,885,365,1250,70.8000
第15任總統副總統,在臺東縣各投開票所,臺東縣,　臺東市,豐谷里,0062,30,429,313,772,6,778,0,778,348,1126,69.0941
第15任總統副總統,在臺東縣各投開票所,臺東縣,　臺東市,豐里里,0063,24,366,368,758,7,765,0,765,335,1100,69.5455
第15任總統副總統,在臺東縣各投開票所,臺東縣,　臺東市,豐里里,0064,28,359,419,806,9,815,0,815,381,1196,68.1438
第15任總統副總統,在臺東縣各投開票所,臺東縣,　臺東市,豐原里,0065,32,330,428,790,4,794,0,794,381,1175,67.5745
第15任總統副總統,在臺東縣各投開票所,臺東縣,　臺東市,富岡里,0066,8,294,195,497,11,508,0,508,300,808,62.8713
第15任總統副總統,在臺東縣各投開票所,臺東縣,　臺東市,富岡里,0067,22,272,95,389,8,397,0,397,262,659,60.2428
第15任總統副總統,在臺東縣各投開票所,臺東縣,　臺東市,富豐里,0068,19,291,191,501,4,505,0,505,327,832,60.6971
第15任總統副總統,在臺東縣各投開票所,臺東縣,　臺東市,南榮里,0069,24,395,229,648,3,651,0,651,190,841,77.4078
第15任總統副總統,在臺東縣各投開票所,臺東縣,　臺東市,南榮里,0070,23,327,182,532,4,536,0,536,307,843,63.5824
第15任總統副總統,在臺東縣各投開票所,臺東縣,　臺東市,南榮里,0071,19,347,208,574,6,580,0,580,302,882,65.7596
第15任總統副總統,在臺東縣各投開票所,臺東縣,　臺東市,岩灣里,0072,28,548,362,938,16,954,0,954,386,1340,71.1940
第15任總統副總統,在臺東縣各投開票所,臺東縣,　臺東市,岩灣里,0073,10,262,164,436,7,443,0,443,346,789,56.1470
第15任總統副總統,在臺東縣各投開票所,臺東縣,　臺東市,卑南里,0074,34,338,297,669,5,674,0,674,228,902,74.7228
第15任總統副總統,在臺東縣各投開票所,臺東縣,　臺東市,卑南里,0075,26,310,317,653,3,656,0,656,213,869,75.4891
第15任總統副總統,在臺東縣各投開票所,臺東縣,　臺東市,卑南里,0076,21,259,382,662,9,671,0,671,210,881,76.1635
第15任總統副總統,在臺東縣各投開票所,臺東縣,　臺東市,南王里,0077,20,324,247,591,10,601,0,601,264,865,69.4798
第15任總統副總統,在臺東縣各投開票所,臺東縣,　臺東市,南王里,0078,17,405,228,650,6,656,0,656,273,929,70.6136
第15任總統副總統,在臺東縣各投開票所,臺東縣,　臺東市,南王里,0079,17,318,236,571,2,573,0,573,259,832,68.8702
第15任總統副總統,在臺東縣各投開票所,臺東縣,　臺東市,豐田里,0080,19,308,284,611,7,618,0,618,337,955,64.7120
第15任總統副總統,在臺東縣各投開票所,臺東縣,　臺東市,豐田里,0081,19,287,367,673,11,684,0,684,322,1006,67.9920
第15任總統副總統,在臺東縣各投開票所,臺東縣,　臺東市,新園里,0082,15,328,232,575,5,580,0,580,193,773,75.0323
第15任總統副總統,在臺東縣各投開票所,臺東縣,　臺東市,新園里,0083,18,322,182,522,12,534,0,534,259,793,67.3392
第15任總統副總統,在臺東縣各投開票所,臺東縣,　臺東市,建和里,0084,14,226,199,439,6,445,0,445,260,705,63.1206
第15任總統副總統,在臺東縣各投開票所,臺東縣,　臺東市,建和里,0085,10,328,150,488,1,489,0,489,167,656,74.5427
第15任總統副總統,在臺東縣各投開票所,臺東縣,　臺東市,建興里,0086,25,302,312,639,7,646,0,646,263,909,71.0671
第15任總統副總統,在臺東縣各投開票所,臺東縣,　臺東市,建業里,0087,38,466,326,830,11,841,0,841,405,1246,67.4960
第15任總統副總統,在臺東縣各投開票所,臺東縣,　臺東市,知本里,0088,19,247,200,466,8,474,0,474,197,671,70.6408
第15任總統副總統,在臺東縣各投開票所,臺東縣,　臺東市,知本里,0089,18,253,166,437,6,443,0,443,223,666,66.5165
第15任總統副總統,在臺東縣各投開票所,臺東縣,　臺東市,建農里,0090,30,470,183,683,6,689,0,689,347,1036,66.5058
第15任總統副總統,在臺東縣各投開票所,臺東縣,　臺東市,建農里,0091,22,326,171,519,4,523,0,523,352,875,59.7714
第15任總統副總統,在臺東縣各投開票所,臺東縣,　成功鎮,信義里,0092,6,204,75,285,3,288,0,288,220,508,56.6929
第15任總統副總統,在臺東縣各投開票所,臺東縣,　成功鎮,信義里,0093,10,385,102,497,2,499,0,499,395,894,55.8166
第15任總統副總統,在臺東縣各投開票所,臺東縣,　成功鎮,信義里,0094,4,153,20,177,0,177,0,177,182,359,49.3036
第15任總統副總統,在臺東縣各投開票所,臺東縣,　成功鎮,和平里,0095,7,283,87,377,2,379,0,379,344,723,52.4205
第15任總統副總統,在臺東縣各投開票所,臺東縣,　成功鎮,忠仁里,0096,6,118,58,182,1,183,0,183,151,334,54.7904
第15任總統副總統,在臺東縣各投開票所,臺東縣,　成功鎮,忠仁里,0097,25,359,202,586,3,589,0,589,351,940,62.6596
第15任總統副總統,在臺東縣各投開票所,臺東縣,　成功鎮,忠仁里,0098,12,298,202,512,1,513,0,513,297,810,63.3333
第15任總統副總統,在臺東縣各投開票所,臺東縣,　成功鎮,忠智里,0099,27,329,221,577,10,587,0,587,304,891,65.8810
第15任總統副總統,在臺東縣各投開票所,臺東縣,　成功鎮,忠智里,0100,18,411,178,607,2,609,0,609,322,931,65.4135
第15任總統副總統,在臺東縣各投開票所,臺東縣,　成功鎮,三民里,0101,21,515,164,700,5,705,0,705,584,1289,54.6936
第15任總統副總統,在臺東縣各投開票所,臺東縣,　成功鎮,三民里,0102,30,553,215,798,5,803,0,803,498,1301,61.7218
第15任總統副總統,在臺東縣各投開票所,臺東縣,　成功鎮,三仙里,0103,4,171,94,269,2,271,0,271,239,510,53.1373
第15任總統副總統,在臺東縣各投開票所,臺東縣,　成功鎮,三仙里,0104,18,286,106,410,9,419,0,419,432,851,49.2362
第15任總統副總統,在臺東縣各投開票所,臺東縣,　成功鎮,忠孝里,0105,9,162,79,250,2,252,0,252,221,473,53.2770
第15任總統副總統,在臺東縣各投開票所,臺東縣,　成功鎮,忠孝里,0106,7,157,79,243,2,245,0,245,238,483,50.7246
第15任總統副總統,在臺東縣各投開票所,臺東縣,　成功鎮,博愛里,0107,5,165,33,203,1,204,0,204,155,359,56.8245
第15任總統副總統,在臺東縣各投開票所,臺東縣,　成功鎮,博愛里,0108,3,128,21,152,1,153,0,153,111,264,57.9545
第15任總統副總統,在臺東縣各投開票所,臺東縣,　關山鎮,里壠里,0109,23,356,234,613,5,618,0,618,250,868,71.1982
第15任總統副總統,在臺東縣各投開票所,臺東縣,　關山鎮,里壠里,0110,21,243,142,406,3,409,0,409,342,751,54.4607
第15任總統副總統,在臺東縣各投開票所,臺東縣,　關山鎮,中福里,0111,19,295,271,585,6,591,0,591,192,783,75.4789
第15任總統副總統,在臺東縣各投開票所,臺東縣,　關山鎮,新福里,0112,24,291,206,521,14,535,0,535,321,856,62.5000
第15任總統副總統,在臺東縣各投開票所,臺東縣,　關山鎮,豐泉里,0113,27,468,282,777,5,782,1,783,301,1084,72.1402
第15任總統副總統,在臺東縣各投開票所,臺東縣,　關山鎮,月眉里,0114,8,189,191,388,7,395,0,395,299,694,56.9164
第15任總統副總統,在臺東縣各投開票所,臺東縣,　關山鎮,德高里,0115,18,378,141,537,3,540,0,540,362,902,59.8670
第15任總統副總統,在臺東縣各投開票所,臺東縣,　關山鎮,德高里,0116,18,262,207,487,4,491,0,491,265,756,64.9471
第15任總統副總統,在臺東縣各投開票所,臺東縣,　關山鎮,電光里,0117,15,180,90,285,6,291,0,291,226,517,56.2863
第15任總統副總統,在臺東縣各投開票所,臺東縣,　卑南鄉,賓朗村,0118,25,256,410,691,6,697,0,697,325,1022,68.1996
第15任總統副總統,在臺東縣各投開票所,臺東縣,　卑南鄉,賓朗村,0119,29,407,320,756,5,761,0,761,357,1118,68.0680
第15任總統副總統,在臺東縣各投開票所,臺東縣,　卑南鄉,美農村,0120,4,48,71,123,0,123,0,123,87,210,58.5714
第15任總統副總統,在臺東縣各投開票所,臺東縣,　卑南鄉,美農村,0121,8,107,171,286,2,288,0,288,155,443,65.0113
第15任總統副總統,在臺東縣各投開票所,臺東縣,　卑南鄉,美農村,0122,9,111,94,214,0,214,0,214,191,405,52.8395
第15任總統副總統,在臺東縣各投開票所,臺東縣,　卑南鄉,初鹿村,0123,18,280,194,492,5,497,0,497,233,730,68.0822
第15任總統副總統,在臺東縣各投開票所,臺東縣,　卑南鄉,初鹿村,0124,14,182,141,337,3,340,0,340,148,488,69.6721
第15任總統副總統,在臺東縣各投開票所,臺東縣,　卑南鄉,明峰村,0125,24,214,209,447,4,451,0,451,263,714,63.1653
第15任總統副總統,在臺東縣各投開票所,臺東縣,　卑南鄉,明峰村,0126,10,145,103,258,3,261,0,261,167,428,60.9813
第15任總統副總統,在臺東縣各投開票所,臺東縣,　卑南鄉,嘉豐村,0127,10,67,65,142,2,144,0,144,112,256,56.2500
第15任總統副總統,在臺東縣各投開票所,臺東縣,　卑南鄉,嘉豐村,0128,8,93,43,144,1,145,0,145,76,221,65.6109
第15任總統副總統,在臺東縣各投開票所,臺東縣,　卑南鄉,太平村,0129,22,472,362,856,10,866,0,866,351,1217,71.1586
第15任總統副總統,在臺東縣各投開票所,臺東縣,　卑南鄉,太平村,0130,16,279,170,465,5,470,0,470,244,714,65.8263
第15任總統副總統,在臺東縣各投開票所,臺東縣,　卑南鄉,太平村,0131,22,419,235,676,7,683,0,683,369,1052,64.9240
第15任總統副總統,在臺東縣各投開票所,臺東縣,　卑南鄉,泰安村,0132,25,455,248,728,9,737,0,737,348,1085,67.9263
第15任總統副總統,在臺東縣各投開票所,臺東縣,　卑南鄉,利嘉村,0133,24,490,222,736,8,744,0,744,339,1083,68.6981
第15任總統副總統,在臺東縣各投開票所,臺東縣,　卑南鄉,東興村,0134,13,601,178,792,4,796,0,796,344,1140,69.8246
第15任總統副總統,在臺東縣各投開票所,臺東縣,　卑南鄉,溫泉村,0135,23,260,327,610,4,614,0,614,318,932,65.8798
第15任總統副總統,在臺東縣各投開票所,臺東縣,　卑南鄉,溫泉村,0136,3,31,71,105,0,105,0,105,48,153,68.6275
第15任總統副總統,在臺東縣各投開票所,臺東縣,　卑南鄉,富山村,0137,10,174,95,279,5,284,0,284,179,463,61.3391
第15任總統副總統,在臺東縣各投開票所,臺東縣,　卑南鄉,富源村,0138,5,74,125,204,4,208,0,208,124,332,62.6506
第15任總統副總統,在臺東縣各投開票所,臺東縣,　卑南鄉,利吉村,0139,9,173,108,290,1,291,0,291,145,436,66.7431
第15任總統副總統,在臺東縣各投開票所,臺東縣,　鹿野鄉,鹿野村,0140,9,227,73,309,3,312,0,312,196,508,61.4173
第15任總統副總統,在臺東縣各投開票所,臺東縣,　鹿野鄉,鹿野村,0141,9,180,171,360,4,364,0,364,181,545,66.7890
第15任總統副總統,在臺東縣各投開票所,臺東縣,　鹿野鄉,龍田村,0142,14,273,366,653,9,662,0,662,354,1016,65.1575
第15任總統副總統,在臺東縣各投開票所,臺東縣,　鹿野鄉,永安村,0143,16,387,276,679,9,688,0,688,373,1061,64.8445
第15任總統副總統,在臺東縣各投開票所,臺東縣,　鹿野鄉,永安村,0144,5,142,42,189,5,194,0,194,141,335,57.9104
第15任總統副總統,在臺東縣各投開票所,臺東縣,　鹿野鄉,瑞隆村,0145,14,338,158,510,3,513,0,513,345,858,59.7902
第15任總統副總統,在臺東縣各投開票所,臺東縣,　鹿野鄉,瑞源村,0146,25,310,187,522,7,529,0,529,313,842,62.8266
第15任總統副總統,在臺東縣各投開票所,臺東縣,　鹿野鄉,瑞和村,0147,17,195,132,344,5,349,0,349,290,639,54.6166
第15任總統副總統,在臺東縣各投開票所,臺東縣,　鹿野鄉,瑞豐村,0148,11,117,132,260,4,264,0,264,152,416,63.4615
第15任總統副總統,在臺東縣各投開票所,臺東縣,　鹿野鄉,瑞豐村,0149,8,71,218,297,3,300,0,300,159,459,65.3595
第15任總統副總統,在臺東縣各投開票所,臺東縣,　池上鄉,福原村,0150,23,331,265,619,4,623,0,623,347,970,64.2268
第15任總統副總統,在臺東縣各投開票所,臺東縣,　池上鄉,福原村,0151,19,301,299,619,5,624,0,624,259,883,70.6682
第15任總統副總統,在臺東縣各投開票所,臺東縣,　池上鄉,福文村,0152,5,141,119,265,1,266,0,266,151,417,63.7890
第15任總統副總統,在臺東縣各投開票所,臺東縣,　池上鄉,福文村,0153,21,191,144,356,4,360,0,360,314,674,53.4125
第15任總統副總統,在臺東縣各投開票所,臺東縣,　池上鄉,慶豐村,0154,12,201,147,360,5,365,0,365,266,631,57.8447
第15任總統副總統,在臺東縣各投開票所,臺東縣,　池上鄉,大坡村,0155,7,94,51,152,4,156,0,156,165,321,48.5981
第15任總統副總統,在臺東縣各投開票所,臺東縣,　池上鄉,大埔村,0156,17,272,155,444,6,450,0,450,319,769,58.5176
第15任總統副總統,在臺東縣各投開票所,臺東縣,　池上鄉,新興村,0157,18,259,222,499,4,503,0,503,318,821,61.2667
第15任總統副總統,在臺東縣各投開票所,臺東縣,　池上鄉,錦園村,0158,8,84,116,208,2,210,0,210,133,343,61.2245
第15任總統副總統,在臺東縣各投開票所,臺東縣,　池上鄉,萬安村,0159,3,80,110,193,1,194,0,194,109,303,64.0264
第15任總統副總統,在臺東縣各投開票所,臺東縣,　池上鄉,富興村,0160,11,132,81,224,0,224,0,224,161,385,58.1818
第15任總統副總統,在臺東縣各投開票所,臺東縣,　池上鄉,振興村,0161,5,127,59,191,1,192,0,192,235,427,44.9649
第15任總統副總統,在臺東縣各投開票所,臺東縣,　東河鄉,都蘭村,0162,13,248,163,424,2,426,0,426,256,682,62.4633
第15任總統副總統,在臺東縣各投開票所,臺東縣,　東河鄉,都蘭村,0163,15,236,139,390,1,391,0,391,209,600,65.1667
第15任總統副總統,在臺東縣各投開票所,臺東縣,　東河鄉,都蘭村,0164,20,324,181,525,6,531,0,531,258,789,67.3004
第15任總統副總統,在臺東縣各投開票所,臺東縣,　東河鄉,興昌村,0165,12,305,206,523,9,532,0,532,352,884,60.1810
第15任總統副總統,在臺東縣各投開票所,臺東縣,　東河鄉,隆昌村,0166,7,210,105,322,3,325,0,325,215,540,60.1852
第15任總統副總統,在臺東縣各投開票所,臺東縣,　東河鄉,東河村,0167,26,378,130,534,6,540,0,540,423,963,56.0748
第15任總統副總統,在臺東縣各投開票所,臺東縣,　東河鄉,泰源村,0168,22,396,143,561,7,568,0,568,567,1135,50.0441
第15任總統副總統,在臺東縣各投開票所,臺東縣,　東河鄉,北源村,0169,17,219,80,316,2,318,0,318,537,855,37.1930
第15任總統副總統,在臺東縣各投開票所,臺東縣,　東河鄉,北源村,0170,11,124,36,171,1,172,0,172,162,334,51.4970
第15任總統副總統,在臺東縣各投開票所,臺東縣,　東河鄉,北源村,0171,8,150,84,242,1,243,0,243,157,400,60.7500
第15任總統副總統,在臺東縣各投開票所,臺東縣,　東河鄉,尚德村,0172,6,74,54,134,1,135,0,135,121,256,52.7344
第15任總統副總統,在臺東縣各投開票所,臺東縣,　長濱鄉,寧埔村,0173,5,199,81,285,2,287,0,287,224,511,56.1644
第15任總統副總統,在臺東縣各投開票所,臺東縣,　長濱鄉,寧埔村,0174,11,267,80,358,4,362,0,362,299,661,54.7655
第15任總統副總統,在臺東縣各投開票所,臺東縣,　長濱鄉,竹湖村,0175,16,309,148,473,4,477,0,477,404,881,54.1430
第15任總統副總統,在臺東縣各投開票所,臺東縣,　長濱鄉,長濱村,0176,26,392,256,674,16,690,0,690,535,1225,56.3265
第15任總統副總統,在臺東縣各投開票所,臺東縣,　長濱鄉,長濱村,0177,7,292,103,402,2,404,0,404,297,701,57.6320
第15任總統副總統,在臺東縣各投開票所,臺東縣,　長濱鄉,忠勇村,0178,11,148,99,258,3,261,0,261,260,521,50.0960
第15任總統副總統,在臺東縣各投開票所,臺東縣,　長濱鄉,三間村,0179,7,248,76,331,2,333,0,333,308,641,51.9501
第15任總統副總統,在臺東縣各投開票所,臺東縣,　長濱鄉,三間村,0180,8,147,39,194,1,195,0,195,133,328,59.4512
第15任總統副總統,在臺東縣各投開票所,臺東縣,　長濱鄉,三間村,0181,6,79,19,104,2,106,0,106,79,185,57.2973
第15任總統副總統,在臺東縣各投開票所,臺東縣,　長濱鄉,樟原村,0182,0,8,12,20,0,20,0,20,8,28,71.4286
第15任總統副總統,在臺東縣各投開票所,臺東縣,　長濱鄉,樟原村,0183,9,218,97,324,3,327,0,327,243,570,57.3684
第15任總統副總統,在臺東縣各投開票所,臺東縣,　太麻里鄉,美和村,0184,18,188,198,404,3,407,0,407,206,613,66.3948
第15任總統副總統,在臺東縣各投開票所,臺東縣,　太麻里鄉,美和村,0185,7,198,196,401,8,409,0,409,245,654,62.5382
第15任總統副總統,在臺東縣各投開票所,臺東縣,　太麻里鄉,三和村,0186,15,161,207,383,3,386,0,386,205,591,65.3130
第15任總統副總統,在臺東縣各投開票所,臺東縣,　太麻里鄉,華源村,0187,20,145,218,383,8,391,0,391,199,590,66.2712
第15任總統副總統,在臺東縣各投開票所,臺東縣,　太麻里鄉,北里村,0188,13,188,159,360,4,364,0,364,193,557,65.3501
第15任總統副總統,在臺東縣各投開票所,臺東縣,　太麻里鄉,大王村,0189,16,429,185,630,6,636,0,636,286,922,68.9805
第15任總統副總統,在臺東縣各投開票所,臺東縣,　太麻里鄉,大王村,0190,10,237,253,500,7,507,0,507,283,790,64.1772
第15任總統副總統,在臺東縣各投開票所,臺東縣,　太麻里鄉,泰和村,0191,14,256,219,489,0,489,0,489,166,655,74.6565
第15任總統副總統,在臺東縣各投開票所,臺東縣,　太麻里鄉,泰和村,0192,14,288,160,462,5,467,0,467,244,711,65.6821
第15任總統副總統,在臺東縣各投開票所,臺東縣,　太麻里鄉,香蘭村,0193,8,150,96,254,1,255,0,255,162,417,61.1511
第15任總統副總統,在臺東縣各投開票所,臺東縣,　太麻里鄉,香蘭村,0194,6,123,94,223,4,227,0,227,137,364,62.3626
第15任總統副總統,在臺東縣各投開票所,臺東縣,　太麻里鄉,金崙村,0195,11,432,93,536,3,539,0,539,263,802,67.2070
第15任總統副總統,在臺東縣各投開票所,臺東縣,　太麻里鄉,金崙村,0196,25,413,112,550,3,553,0,553,292,845,65.4438
第15任總統副總統,在臺東縣各投開票所,臺東縣,　太麻里鄉,多良村,0197,2,134,13,149,2,151,0,151,75,226,66.8142
第15任總統副總統,在臺東縣各投開票所,臺東縣,　太麻里鄉,多良村,0198,17,290,75,382,4,386,0,386,270,656,58.8415
第15任總統副總統,在臺東縣各投開票所,臺東縣,　大武鄉,南興村,0199,8,236,92,336,3,339,0,339,187,526,64.4487
第15任總統副總統,在臺東縣各投開票所,臺東縣,　大武鄉,尚武村,0200,20,346,339,705,8,713,0,713,665,1378,51.7417
第15任總統副總統,在臺東縣各投開票所,臺東縣,　大武鄉,大武村,0201,17,462,246,725,4,729,0,729,525,1254,58.1340
第15任總統副總統,在臺東縣各投開票所,臺東縣,　大武鄉,大鳥村,0202,18,528,113,659,4,663,0,663,405,1068,62.0787
第15任總統副總統,在臺東縣各投開票所,臺東縣,　大武鄉,大竹村,0203,3,211,22,236,6,242,0,242,121,363,66.6667
第15任總統副總統,在臺東縣各投開票所,臺東縣,　大武鄉,大竹村,0204,9,145,43,197,1,198,0,198,169,367,53.9510
第15任總統副總統,在臺東縣各投開票所,臺東縣,　綠島鄉,南寮村,0205,19,520,240,779,3,782,0,782,661,1443,54.1927
第15任總統副總統,在臺東縣各投開票所,臺東縣,　綠島鄉,中寮村,0206,17,337,146,500,8,508,0,508,500,1008,50.3968
第15任總統副總統,在臺東縣各投開票所,臺東縣,　綠島鄉,公舘村,0207,10,256,122,388,7,395,0,395,361,756,52.2487
第15任總統副總統,在臺東縣各投開票所,臺東縣,　綠島鄉,公舘村,0208,3,76,19,98,1,99,0,99,96,195,50.7692
第15任總統副總統,在臺東縣各投開票所,臺東縣,　海端鄉,加拿村,0209,10,230,52,292,2,294,0,294,172,466,63.0901
第15任總統副總統,在臺東縣各投開票所,臺東縣,　海端鄉,崁頂村,0210,10,284,69,363,1,364,0,364,179,543,67.0350
第15任總統副總統,在臺東縣各投開票所,臺東縣,　海端鄉,海端村,0211,24,391,113,528,5,533,0,533,391,924,57.6840
第15任總統副總統,在臺東縣各投開票所,臺東縣,　海端鄉,廣原村,0212,9,307,81,397,2,399,0,399,304,703,56.7568
第15任總統副總統,在臺東縣各投開票所,臺東縣,　海端鄉,霧鹿村,0213,4,124,33,161,4,165,0,165,84,249,66.2651
第15任總統副總統,在臺東縣各投開票所,臺東縣,　海端鄉,利稻村,0214,6,103,49,158,1,159,0,159,83,242,65.7025
第15任總統副總統,在臺東縣各投開票所,臺東縣,　延平鄉,桃源村,0215,13,428,195,636,8,644,0,644,326,970,66.3918
第15任總統副總統,在臺東縣各投開票所,臺東縣,　延平鄉,紅葉村,0216,9,203,57,269,4,273,0,273,132,405,67.4074
第15任總統副總統,在臺東縣各投開票所,臺東縣,　延平鄉,永康村,0217,6,167,23,196,2,198,0,198,95,293,67.5768
第15任總統副總統,在臺東縣各投開票所,臺東縣,　延平鄉,武陵村,0218,11,279,69,359,6,365,0,365,186,551,66.2432
第15任總統副總統,在臺東縣各投開票所,臺東縣,　延平鄉,鸞山村,0219,10,271,62,343,6,349,0,349,214,563,61.9893
第15任總統副總統,在臺東縣各投開票所,臺東縣,　金峰鄉,嘉蘭村,0220,12,362,76,450,0,450,0,450,174,624,72.1154
第15任總統副總統,在臺東縣各投開票所,臺東縣,　金峰鄉,嘉蘭村,0221,10,317,80,407,3,410,0,410,151,561,73.0838
第15任總統副總統,在臺東縣各投開票所,臺東縣,　金峰鄉,正興村,0222,17,365,65,447,1,448,0,448,132,580,77.2414
第15任總統副總統,在臺東縣各投開票所,臺東縣,　金峰鄉,新興村,0223,4,324,71,399,3,402,0,402,92,494,81.3765
第15任總統副總統,在臺東縣各投開票所,臺東縣,　金峰鄉,賓茂村,0224,8,213,25,246,2,248,0,248,66,314,78.9809
第15任總統副總統,在臺東縣各投開票所,臺東縣,　金峰鄉,歷坵村,0225,7,204,24,235,3,238,0,238,76,314,75.7962
第15任總統副總統,在臺東縣各投開票所,臺東縣,　達仁鄉,安朔村,0226,3,115,29,147,0,147,0,147,85,232,63.3621
第15任總統副總統,在臺東縣各投開票所,臺東縣,　達仁鄉,安朔村,0227,14,170,32,216,0,216,0,216,110,326,66.2577
第15任總統副總統,在臺東縣各投開票所,臺東縣,　達仁鄉,南田村,0228,5,136,45,186,1,187,0,187,94,281,66.5480
第15任總統副總統,在臺東縣各投開票所,臺東縣,　達仁鄉,森永村,0229,6,185,55,246,1,247,0,247,130,377,65.5172
第15任總統副總統,在臺東縣各投開票所,臺東縣,　達仁鄉,新化村,0230,5,177,41,223,1,224,0,224,97,321,69.7819
第15任總統副總統,在臺東縣各投開票所,臺東縣,　達仁鄉,台坂村,0231,11,313,58,382,4,386,0,386,196,582,66.3230
第15任總統副總統,在臺東縣各投開票所,臺東縣,　達仁鄉,土坂村,0232,17,414,92,523,4,527,0,527,315,842,62.5891
第15任總統副總統,在臺東縣各投開票所,臺東縣,　蘭嶼鄉,椰油村,0233,24,273,94,391,3,394,0,394,521,915,43.0601
第15任總統副總統,在臺東縣各投開票所,臺東縣,　蘭嶼鄉,紅頭村,0234,33,335,163,531,4,535,0,535,680,1215,44.0329
第15任總統副總統,在臺東縣各投開票所,臺東縣,　蘭嶼鄉,東清村,0235,48,276,146,470,4,474,0,474,731,1205,39.3361
第15任總統副總統,在臺東縣各投開票所,臺東縣,　蘭嶼鄉,朗島村,0236,50,124,119,293,3,296,0,296,436,732,40.4372
第15任總統副總統,在臺南市各投開票所,臺南市,　新營區,忠政里,0138,28,368,480,876,10,886,0,886,389,1275,69.4902
第15任總統副總統,在臺南市各投開票所,臺南市,　新營區,忠政里,0139,29,365,445,839,5,844,0,844,268,1112,75.8993
第15任總統副總統,在臺南市各投開票所,臺南市,　新營區,忠政里,0140,24,322,441,787,6,793,0,793,209,1002,79.1417
第15任總統副總統,在臺南市各投開票所,臺南市,　新營區,忠政里,0141,36,391,466,893,9,902,0,902,230,1132,79.6820
第15任總統副總統,在臺南市各投開票所,臺南市,　新營區,民權里,0142,33,310,522,865,13,878,0,878,283,1161,75.6245
第15任總統副總統,在臺南市各投開票所,臺南市,　新營區,民權里,0143,24,328,437,789,7,796,0,796,267,1063,74.8824
第15任總統副總統,在臺南市各投開票所,臺南市,　新營區,三仙里,0144,48,338,602,988,14,1002,0,1002,360,1362,73.5683
第15任總統副總統,在臺南市各投開票所,臺南市,　新營區,三仙里,0145,27,350,656,1033,15,1048,0,1048,384,1432,73.1844
第15任總統副總統,在臺南市各投開票所,臺南市,　新營區,永平里,0146,30,249,414,693,2,695,0,695,190,885,78.5311
第15任總統副總統,在臺南市各投開票所,臺南市,　新營區,永平里,0147,23,242,508,773,14,787,0,787,269,1056,74.5265
第15任總統副總統,在臺南市各投開票所,臺南市,　新營區,永平里,0148,16,189,311,516,8,524,0,524,216,740,70.8108
第15任總統副總統,在臺南市各投開票所,臺南市,　新營區,大宏里,0149,34,267,472,773,7,780,0,780,269,1049,74.3565
第15任總統副總統,在臺南市各投開票所,臺南市,　新營區,大宏里,0150,25,245,390,660,6,666,0,666,231,897,74.2475
第15任總統副總統,在臺南市各投開票所,臺南市,　新營區,大宏里,0151,22,215,411,648,11,659,0,659,248,907,72.6571
第15任總統副總統,在臺南市各投開票所,臺南市,　新營區,王公里,0152,45,334,590,969,15,984,0,984,342,1326,74.2081
第15任總統副總統,在臺南市各投開票所,臺南市,　新營區,王公里,0153,32,314,583,929,12,941,0,941,331,1272,73.9780
第15任總統副總統,在臺南市各投開票所,臺南市,　新營區,王公里,0154,46,378,622,1046,12,1058,0,1058,322,1380,76.6667
第15任總統副總統,在臺南市各投開票所,臺南市,　新營區,新東里,0155,38,294,561,893,16,909,0,909,264,1173,77.4936
第15任總統副總統,在臺南市各投開票所,臺南市,　新營區,新東里,0156,39,372,517,928,17,945,0,945,250,1195,79.0795
第15任總統副總統,在臺南市各投開票所,臺南市,　新營區,新東里,0157,27,288,527,842,14,856,0,856,300,1156,74.0484
第15任總統副總統,在臺南市各投開票所,臺南市,　新營區,新東里,0158,43,350,556,949,9,958,0,958,262,1220,78.5246
第15任總統副總統,在臺南市各投開票所,臺南市,　新營區,新東里,0159,44,335,582,961,16,977,0,977,224,1201,81.3489
第15任總統副總統,在臺南市各投開票所,臺南市,　新營區,中營里,0160,36,303,547,886,9,895,0,895,257,1152,77.6910
第15任總統副總統,在臺南市各投開票所,臺南市,　新營區,土庫里,0161,30,298,732,1060,10,1070,0,1070,329,1399,76.4832
第15任總統副總統,在臺南市各投開票所,臺南市,　新營區,興業里,0162,23,262,305,590,8,598,0,598,225,823,72.6610
第15任總統副總統,在臺南市各投開票所,臺南市,　新營區,興業里,0163,32,236,394,662,13,675,0,675,213,888,76.0135
第15任總統副總統,在臺南市各投開票所,臺南市,　新營區,南興里,0164,25,284,542,851,6,857,0,857,333,1190,72.0168
第15任總統副總統,在臺南市各投開票所,臺南市,　新營區,南興里,0165,36,313,467,816,10,826,0,826,346,1172,70.4778
第15任總統副總統,在臺南市各投開票所,臺南市,　新營區,民生里,0166,16,251,447,714,5,719,0,719,275,994,72.3340
第15任總統副總統,在臺南市各投開票所,臺南市,　新營區,民生里,0167,22,228,478,728,4,732,0,732,275,1007,72.6912
第15任總統副總統,在臺南市各投開票所,臺南市,　新營區,民生里,0168,24,269,529,822,6,828,0,828,318,1146,72.2513
第15任總統副總統,在臺南市各投開票所,臺南市,　新營區,新北里,0169,30,327,533,890,15,905,0,905,303,1208,74.9172
第15任總統副總統,在臺南市各投開票所,臺南市,　新營區,新北里,0170,34,320,533,887,11,898,0,898,333,1231,72.9488
第15任總統副總統,在臺南市各投開票所,臺南市,　新營區,新北里,0171,31,292,482,805,9,814,0,814,251,1065,76.4319
第15任總統副總統,在臺南市各投開票所,臺南市,　新營區,新北里,0172,32,295,530,857,6,863,0,863,266,1129,76.4393
第15任總統副總統,在臺南市各投開票所,臺南市,　新營區,新南里,0173,39,317,667,1023,10,1033,0,1033,322,1355,76.2362
第15任總統副總統,在臺南市各投開票所,臺南市,　新營區,新南里,0174,40,318,463,821,10,831,0,831,238,1069,77.7362
第15任總統副總統,在臺南市各投開票所,臺南市,　新營區,新南里,0175,39,256,516,811,7,818,0,818,280,1098,74.4991
第15任總統副總統,在臺南市各投開票所,臺南市,　新營區,新南里,0176,49,304,593,946,11,957,0,957,273,1230,77.8049
第15任總統副總統,在臺南市各投開票所,臺南市,　新營區,民榮里,0177,29,289,541,859,8,867,0,867,319,1186,73.1029
第15任總統副總統,在臺南市各投開票所,臺南市,　新營區,民榮里,0178,28,197,447,672,6,678,0,678,249,927,73.1392
第15任總統副總統,在臺南市各投開票所,臺南市,　新營區,民榮里,0179,28,274,434,736,10,746,0,746,282,1028,72.5681
第15任總統副總統,在臺南市各投開票所,臺南市,　新營區,民榮里,0180,22,252,563,837,14,851,0,851,300,1151,73.9357
第15任總統副總統,在臺南市各投開票所,臺南市,　新營區,埤寮里,0181,30,181,438,649,5,654,0,654,226,880,74.3182
第15任總統副總統,在臺南市各投開票所,臺南市,　新營區,埤寮里,0182,18,137,346,501,5,506,0,506,202,708,71.4689
第15任總統副總統,在臺南市各投開票所,臺南市,　新營區,護鎮里,0183,34,269,668,971,11,982,0,982,352,1334,73.6132
第15任總統副總統,在臺南市各投開票所,臺南市,　新營區,太南里,0184,27,220,759,1006,5,1011,0,1011,369,1380,73.2609
第15任總統副總統,在臺南市各投開票所,臺南市,　新營區,太南里,0185,4,47,157,208,2,210,0,210,64,274,76.6423
第15任總統副總統,在臺南市各投開票所,臺南市,　新營區,太北里,0186,13,159,532,704,8,712,0,712,239,951,74.8686
第15任總統副總統,在臺南市各投開票所,臺南市,　新營區,太北里,0187,22,117,403,542,10,552,0,552,184,736,75.0000
第15任總統副總統,在臺南市各投開票所,臺南市,　新營區,南紙里,0188,34,266,550,850,11,861,0,861,299,1160,74.2241
第15任總統副總統,在臺南市各投開票所,臺南市,　新營區,南紙里,0189,38,344,616,998,9,1007,0,1007,333,1340,75.1493
第15任總統副總統,在臺南市各投開票所,臺南市,　新營區,南紙里,0190,37,286,478,801,9,810,0,810,275,1085,74.6544
第15任總統副總統,在臺南市各投開票所,臺南市,　新營區,嘉芳里,0191,25,186,482,693,11,704,0,704,281,985,71.4721
第15任總統副總統,在臺南市各投開票所,臺南市,　新營區,嘉芳里,0192,23,162,402,587,7,594,0,594,222,816,72.7941
第15任總統副總統,在臺南市各投開票所,臺南市,　新營區,姑爺里,0193,9,72,291,372,3,375,0,375,135,510,73.5294
第15任總統副總統,在臺南市各投開票所,臺南市,　新營區,姑爺里,0194,15,76,206,297,7,304,0,304,94,398,76.3819
第15任總統副總統,在臺南市各投開票所,臺南市,　新營區,五興里,0195,14,106,364,484,6,490,0,490,175,665,73.6842
第15任總統副總統,在臺南市各投開票所,臺南市,　新營區,五興里,0196,19,160,441,620,13,633,0,633,252,885,71.5254
第15任總統副總統,在臺南市各投開票所,臺南市,　鹽水區,水秀里,0107,20,187,553,760,10,770,0,770,249,1019,75.5643
第15任總統副總統,在臺南市各投開票所,臺南市,　鹽水區,水秀里,0108,9,125,213,347,1,348,0,348,127,475,73.2632
第15任總統副總統,在臺南市各投開票所,臺南市,　鹽水區,津城里,0109,15,127,318,460,6,466,0,466,159,625,74.5600
第15任總統副總統,在臺南市各投開票所,臺南市,　鹽水區,津城里,0110,7,67,162,236,6,242,0,242,78,320,75.6250
第15任總統副總統,在臺南市各投開票所,臺南市,　鹽水區,津城里,0111,12,95,226,333,6,339,0,339,136,475,71.3684
第15任總統副總統,在臺南市各投開票所,臺南市,　鹽水區,月港里,0112,16,197,380,593,4,597,0,597,149,746,80.0268
第15任總統副總統,在臺南市各投開票所,臺南市,　鹽水區,月港里,0113,6,80,141,227,2,229,0,229,96,325,70.4615
第15任總統副總統,在臺南市各投開票所,臺南市,　鹽水區,月港里,0114,9,137,219,365,3,368,0,368,137,505,72.8713
第15任總統副總統,在臺南市各投開票所,臺南市,　鹽水區,橋南里,0115,19,170,423,612,11,623,0,623,241,864,72.1065
第15任總統副總統,在臺南市各投開票所,臺南市,　鹽水區,橋南里,0116,31,280,658,969,19,988,0,988,335,1323,74.6788
第15任總統副總統,在臺南市各投開票所,臺南市,　鹽水區,橋南里,0117,39,297,710,1046,10,1056,0,1056,417,1473,71.6904
第15任總統副總統,在臺南市各投開票所,臺南市,　鹽水區,岸內里,0118,36,286,666,988,10,998,0,998,352,1350,73.9259
第15任總統副總統,在臺南市各投開票所,臺南市,　鹽水區,岸內里,0119,25,242,614,881,7,888,0,888,310,1198,74.1235
第15任總統副總統,在臺南市各投開票所,臺南市,　鹽水區,岸內里,0120,22,228,527,777,6,783,0,783,278,1061,73.7983
第15任總統副總統,在臺南市各投開票所,臺南市,　鹽水區,汫水里,0121,9,98,498,605,5,610,0,610,283,893,68.3091
第15任總統副總統,在臺南市各投開票所,臺南市,　鹽水區,義中里,0122,17,133,443,593,9,602,0,602,227,829,72.6176
第15任總統副總統,在臺南市各投開票所,臺南市,　鹽水區,義中里,0123,10,117,362,489,9,498,0,498,218,716,69.5531
第15任總統副總統,在臺南市各投開票所,臺南市,　鹽水區,三明里,0124,10,79,472,561,6,567,0,567,182,749,75.7009
第15任總統副總統,在臺南市各投開票所,臺南市,　鹽水區,三明里,0125,2,37,143,182,5,187,0,187,88,275,68.0000
第15任總統副總統,在臺南市各投開票所,臺南市,　鹽水區,三明里,0126,4,69,242,315,4,319,0,319,153,472,67.5847
第15任總統副總統,在臺南市各投開票所,臺南市,　鹽水區,文昌里,0127,11,101,294,406,1,407,0,407,201,608,66.9408
第15任總統副總統,在臺南市各投開票所,臺南市,　鹽水區,文昌里,0128,11,53,183,247,1,248,0,248,132,380,65.2632
第15任總統副總統,在臺南市各投開票所,臺南市,　鹽水區,歡雅里,0129,22,161,462,645,8,653,0,653,236,889,73.4533
第15任總統副總統,在臺南市各投開票所,臺南市,　鹽水區,歡雅里,0130,14,97,370,481,5,486,0,486,228,714,68.0672
第15任總統副總統,在臺南市各投開票所,臺南市,　鹽水區,三和里,0131,2,30,117,149,2,151,0,151,52,203,74.3842
第15任總統副總統,在臺南市各投開票所,臺南市,　鹽水區,三和里,0132,8,77,188,273,1,274,0,274,97,371,73.8544
第15任總統副總統,在臺南市各投開票所,臺南市,　鹽水區,三和里,0133,3,56,160,219,2,221,0,221,79,300,73.6667
第15任總統副總統,在臺南市各投開票所,臺南市,　鹽水區,竹林里,0134,6,113,414,533,6,539,0,539,193,732,73.6339
第15任總統副總統,在臺南市各投開票所,臺南市,　鹽水區,竹林里,0135,8,42,202,252,3,255,0,255,103,358,71.2291
第15任總統副總統,在臺南市各投開票所,臺南市,　鹽水區,坔頭港里,0136,13,155,496,664,10,674,0,674,229,903,74.6401
第15任總統副總統,在臺南市各投開票所,臺南市,　鹽水區,坔頭港里,0137,11,85,243,339,7,346,0,346,124,470,73.6170
第15任總統副總統,在臺南市各投開票所,臺南市,　白河區,白河里,0030,23,233,565,821,12,833,0,833,300,1133,73.5216
第15任總統副總統,在臺南市各投開票所,臺南市,　白河區,白河里,0031,13,128,245,386,5,391,0,391,132,523,74.7610
第15任總統副總統,在臺南市各投開票所,臺南市,　白河區,永安里,0032,14,163,458,635,6,641,0,641,210,851,75.3231
第15任總統副總統,在臺南市各投開票所,臺南市,　白河區,永安里,0033,20,197,495,712,9,721,0,721,222,943,76.4581
第15任總統副總統,在臺南市各投開票所,臺南市,　白河區,永安里,0034,23,244,542,809,10,819,0,819,272,1091,75.0687
第15任總統副總統,在臺南市各投開票所,臺南市,　白河區,外角里,0035,25,239,682,946,13,959,0,959,377,1336,71.7814
第15任總統副總統,在臺南市各投開票所,臺南市,　白河區,庄內里,0036,19,131,379,529,6,535,0,535,186,721,74.2025
第15任總統副總統,在臺南市各投開票所,臺南市,　白河區,庄內里,0037,20,156,462,638,6,644,0,644,215,859,74.9709
第15任總統副總統,在臺南市各投開票所,臺南市,　白河區,秀祐里,0038,25,158,437,620,5,625,0,625,230,855,73.0994
第15任總統副總統,在臺南市各投開票所,臺南市,　白河區,河東里,0039,16,153,362,531,11,542,0,542,232,774,70.0258
第15任總統副總統,在臺南市各投開票所,臺南市,　白河區,河東里,0040,10,94,270,374,7,381,0,381,163,544,70.0368
第15任總統副總統,在臺南市各投開票所,臺南市,　白河區,虎山里,0041,4,101,192,297,7,304,0,304,133,437,69.5652
第15任總統副總統,在臺南市各投開票所,臺南市,　白河區,大林里,0042,9,70,298,377,4,381,0,381,199,580,65.6897
第15任總統副總統,在臺南市各投開票所,臺南市,　白河區,崁頭里,0043,7,71,169,247,5,252,0,252,110,362,69.6133
第15任總統副總統,在臺南市各投開票所,臺南市,　白河區,六溪里,0044,7,74,224,305,1,306,0,306,187,493,62.0690
第15任總統副總統,在臺南市各投開票所,臺南市,　白河區,關嶺里,0045,9,120,270,399,4,403,0,403,212,615,65.5285
第15任總統副總統,在臺南市各投開票所,臺南市,　白河區,關嶺里,0046,2,96,158,256,3,259,0,259,124,383,67.6240
第15任總統副總統,在臺南市各投開票所,臺南市,　白河區,仙草里,0047,8,124,368,500,7,507,0,507,270,777,65.2510
第15任總統副總統,在臺南市各投開票所,臺南市,　白河區,仙草里,0048,10,134,137,281,5,286,0,286,188,474,60.3376
第15任總統副總統,在臺南市各投開票所,臺南市,　白河區,詔豐里,0049,10,114,447,571,10,581,1,582,222,804,72.2637
第15任總統副總統,在臺南市各投開票所,臺南市,　白河區,詔豐里,0050,15,199,567,781,10,791,0,791,337,1128,70.1241
第15任總統副總統,在臺南市各投開票所,臺南市,　白河區,大竹里,0051,24,130,340,494,6,500,0,500,211,711,70.3235
第15任總統副總統,在臺南市各投開票所,臺南市,　白河區,大竹里,0052,11,138,303,452,5,457,0,457,219,676,67.6036
第15任總統副總統,在臺南市各投開票所,臺南市,　白河區,廣蓮里,0053,14,111,294,419,2,421,0,421,196,617,68.2334
第15任總統副總統,在臺南市各投開票所,臺南市,　白河區,廣蓮里,0054,15,149,456,620,5,625,0,625,199,824,75.8495
第15任總統副總統,在臺南市各投開票所,臺南市,　白河區,竹門里,0055,22,179,390,591,6,597,0,597,248,845,70.6509
第15任總統副總統,在臺南市各投開票所,臺南市,　白河區,崎內里,0056,15,176,277,468,3,471,0,471,238,709,66.4316
第15任總統副總統,在臺南市各投開票所,臺南市,　白河區,昇安里,0057,28,238,691,957,10,967,0,967,324,1291,74.9032
第15任總統副總統,在臺南市各投開票所,臺南市,　白河區,汴頭里,0058,6,95,364,465,3,468,0,468,235,703,66.5718
第15任總統副總統,在臺南市各投開票所,臺南市,　白河區,內角里,0059,10,122,355,487,3,490,0,490,176,666,73.5736
第15任總統副總統,在臺南市各投開票所,臺南市,　白河區,馬稠後里,0060,16,196,362,574,3,577,0,577,248,825,69.9394
第15任總統副總統,在臺南市各投開票所,臺南市,　白河區,馬稠後里,0061,4,78,272,354,2,356,0,356,166,522,68.1992
第15任總統副總統,在臺南市各投開票所,臺南市,　柳營區,士林里,0197,41,207,579,827,12,839,0,839,312,1151,72.8931
第15任總統副總統,在臺南市各投開票所,臺南市,　柳營區,士林里,0198,20,134,365,519,6,525,1,526,130,656,80.0305
第15任總統副總統,在臺南市各投開票所,臺南市,　柳營區,光福里,0199,22,168,335,525,6,531,0,531,186,717,74.0586
第15任總統副總統,在臺南市各投開票所,臺南市,　柳營區,光福里,0200,23,175,440,638,5,643,0,643,158,801,80.2747
第15任總統副總統,在臺南市各投開票所,臺南市,　柳營區,中埕里,0201,29,215,531,775,8,783,0,783,303,1086,72.0994
第15任總統副總統,在臺南市各投開票所,臺南市,　柳營區,東昇里,0202,22,160,487,669,14,683,0,683,203,886,77.0880
第15任總統副總統,在臺南市各投開票所,臺南市,　柳營區,東昇里,0203,21,207,479,707,9,716,0,716,228,944,75.8475
第15任總統副總統,在臺南市各投開票所,臺南市,　柳營區,東昇里,0204,30,203,430,663,9,672,1,673,190,863,77.8679
第15任總統副總統,在臺南市各投開票所,臺南市,　柳營區,八翁里,0205,38,299,697,1034,5,1039,0,1039,328,1367,76.0059
第15任總統副總統,在臺南市各投開票所,臺南市,　柳營區,人和里,0206,18,96,194,308,5,313,0,313,95,408,76.7157
第15任總統副總統,在臺南市各投開票所,臺南市,　柳營區,人和里,0207,7,74,155,236,4,240,0,240,83,323,74.3034
第15任總統副總統,在臺南市各投開票所,臺南市,　柳營區,太康里,0208,14,168,362,544,4,548,0,548,170,718,76.3231
第15任總統副總統,在臺南市各投開票所,臺南市,　柳營區,太康里,0209,21,125,371,517,10,527,1,528,197,725,72.6897
第15任總統副總統,在臺南市各投開票所,臺南市,　柳營區,重溪里,0210,21,109,381,511,3,514,0,514,179,693,74.1703
第15任總統副總統,在臺南市各投開票所,臺南市,　柳營區,重溪里,0211,14,141,399,554,7,561,0,561,189,750,74.8000
第15任總統副總統,在臺南市各投開票所,臺南市,　柳營區,重溪里,0212,16,43,151,210,5,215,0,215,69,284,75.7042
第15任總統副總統,在臺南市各投開票所,臺南市,　柳營區,篤農里,0213,15,128,331,474,7,481,0,481,170,651,73.8863
第15任總統副總統,在臺南市各投開票所,臺南市,　柳營區,篤農里,0214,8,112,342,462,5,467,0,467,154,621,75.2013
第15任總統副總統,在臺南市各投開票所,臺南市,　柳營區,大農里,0215,13,116,338,467,10,477,0,477,182,659,72.3824
第15任總統副總統,在臺南市各投開票所,臺南市,　柳營區,神農里,0216,26,168,626,820,12,832,0,832,325,1157,71.9101
第15任總統副總統,在臺南市各投開票所,臺南市,　柳營區,神農里,0217,2,19,125,146,2,148,0,148,45,193,76.6839
第15任總統副總統,在臺南市各投開票所,臺南市,　柳營區,果毅里,0218,25,158,544,727,4,731,0,731,287,1018,71.8075
第15任總統副總統,在臺南市各投開票所,臺南市,　柳營區,果毅里,0219,8,39,76,123,4,127,0,127,33,160,79.3750
第15任總統副總統,在臺南市各投開票所,臺南市,　柳營區,旭山里,0220,12,203,365,580,13,593,0,593,274,867,68.3968
第15任總統副總統,在臺南市各投開票所,臺南市,　柳營區,旭山里,0221,15,88,270,373,4,377,0,377,116,493,76.4706
第15任總統副總統,在臺南市各投開票所,臺南市,　柳營區,旭山里,0222,6,23,84,113,2,115,0,115,43,158,72.7848
第15任總統副總統,在臺南市各投開票所,臺南市,　後壁區,後壁里,0001,10,171,356,537,5,542,0,542,181,723,74.9654
第15任總統副總統,在臺南市各投開票所,臺南市,　後壁區,後壁里,0002,25,209,417,651,7,658,0,658,198,856,76.8692
第15任總統副總統,在臺南市各投開票所,臺南市,　後壁區,侯伯里,0003,10,142,380,532,6,538,0,538,205,743,72.4092
第15任總統副總統,在臺南市各投開票所,臺南市,　後壁區,侯伯里,0004,9,93,269,371,4,375,0,375,146,521,71.9770
第15任總統副總統,在臺南市各投開票所,臺南市,　後壁區,嘉苳里,0005,29,208,481,718,5,723,0,723,277,1000,72.3000
第15任總統副總統,在臺南市各投開票所,臺南市,　後壁區,嘉苳里,0006,2,40,126,168,2,170,0,170,64,234,72.6496
第15任總統副總統,在臺南市各投開票所,臺南市,　後壁區,土溝里,0007,7,91,227,325,3,328,0,328,132,460,71.3043
第15任總統副總統,在臺南市各投開票所,臺南市,　後壁區,土溝里,0008,8,133,479,620,6,626,0,626,197,823,76.0632
第15任總統副總統,在臺南市各投開票所,臺南市,　後壁區,上茄苳里,0009,17,151,600,768,9,777,0,777,266,1043,74.4966
第15任總統副總統,在臺南市各投開票所,臺南市,　後壁區,上茄苳里,0010,21,173,603,797,7,804,0,804,296,1100,73.0909
第15任總統副總統,在臺南市各投開票所,臺南市,　後壁區,菁豐里,0011,20,148,357,525,7,532,0,532,201,733,72.5784
第15任總統副總統,在臺南市各投開票所,臺南市,　後壁區,菁豐里,0012,5,95,224,324,7,331,0,331,110,441,75.0567
第15任總統副總統,在臺南市各投開票所,臺南市,　後壁區,菁寮里,0013,10,78,167,255,6,261,0,261,95,356,73.3146
第15任總統副總統,在臺南市各投開票所,臺南市,　後壁區,菁寮里,0014,18,129,343,490,8,498,0,498,159,657,75.7991
第15任總統副總統,在臺南市各投開票所,臺南市,　後壁區,菁寮里,0015,21,81,170,272,5,277,0,277,132,409,67.7262
第15任總統副總統,在臺南市各投開票所,臺南市,　後壁區,新嘉里,0016,10,81,280,371,4,375,0,375,148,523,71.7017
第15任總統副總統,在臺南市各投開票所,臺南市,　後壁區,新嘉里,0017,4,69,241,314,8,322,0,322,123,445,72.3596
第15任總統副總統,在臺南市各投開票所,臺南市,　後壁區,長短樹里,0018,22,187,473,682,8,690,0,690,251,941,73.3262
第15任總統副總統,在臺南市各投開票所,臺南市,　後壁區,長短樹里,0019,8,79,276,363,1,364,0,364,107,471,77.2824
第15任總統副總統,在臺南市各投開票所,臺南市,　後壁區,長短樹里,0020,9,93,257,359,6,365,0,365,147,512,71.2891
第15任總統副總統,在臺南市各投開票所,臺南市,　後壁區,竹新里,0021,23,110,533,666,11,677,0,677,232,909,74.4774
第15任總統副總統,在臺南市各投開票所,臺南市,　後壁區,竹新里,0022,13,66,238,317,3,320,0,320,111,431,74.2459
第15任總統副總統,在臺南市各投開票所,臺南市,　後壁區,新東里,0023,12,104,355,471,5,476,0,476,168,644,73.9130
第15任總統副總統,在臺南市各投開票所,臺南市,　後壁區,新東里,0024,27,173,473,673,7,680,0,680,279,959,70.9072
第15任總統副總統,在臺南市各投開票所,臺南市,　後壁區,頂安里,0025,41,319,549,909,7,916,0,916,302,1218,75.2053
第15任總統副總統,在臺南市各投開票所,臺南市,　後壁區,長安里,0026,16,162,302,480,10,490,0,490,174,664,73.7952
第15任總統副總統,在臺南市各投開票所,臺南市,　後壁區,長安里,0027,14,115,274,403,6,409,0,409,143,552,74.0942
第15任總統副總統,在臺南市各投開票所,臺南市,　後壁區,福安里,0028,9,89,321,419,2,421,0,421,183,604,69.7020
第15任總統副總統,在臺南市各投開票所,臺南市,　後壁區,福安里,0029,27,233,564,824,8,832,0,832,304,1136,73.2394
第15任總統副總統,在臺南市各投開票所,臺南市,　東山區,東山里,0223,38,303,577,918,6,924,0,924,437,1361,67.8913
第15任總統副總統,在臺南市各投開票所,臺南市,　東山區,東中里,0224,23,270,538,831,8,839,0,839,291,1130,74.2478
第15任總統副總統,在臺南市各投開票所,臺南市,　東山區,東中里,0225,33,262,606,901,11,912,0,912,380,1292,70.5882
第15任總統副總統,在臺南市各投開票所,臺南市,　東山區,東正里,0226,14,120,348,482,9,491,0,491,221,712,68.9607
第15任總統副總統,在臺南市各投開票所,臺南市,　東山區,東正里,0227,10,126,305,441,1,442,0,442,239,681,64.9046
第15任總統副總統,在臺南市各投開票所,臺南市,　東山區,大客里,0228,9,207,453,669,8,677,0,677,388,1065,63.5681
第15任總統副總統,在臺南市各投開票所,臺南市,　東山區,三榮里,0229,21,157,426,604,4,608,0,608,304,912,66.6667
第15任總統副總統,在臺南市各投開票所,臺南市,　東山區,科里里,0230,13,126,260,399,8,407,0,407,229,636,63.9937
第15任總統副總統,在臺南市各投開票所,臺南市,　東山區,科里里,0231,11,116,297,424,6,430,0,430,150,580,74.1379
第15任總統副總統,在臺南市各投開票所,臺南市,　東山區,東河里,0232,13,124,446,583,6,589,0,589,254,843,69.8695
第15任總統副總統,在臺南市各投開票所,臺南市,　東山區,聖賢里,0233,15,136,374,525,10,535,0,535,221,756,70.7672
第15任總統副總統,在臺南市各投開票所,臺南市,　東山區,聖賢里,0234,22,80,241,343,9,352,0,352,115,467,75.3747
第15任總統副總統,在臺南市各投開票所,臺南市,　東山區,聖賢里,0235,10,122,312,444,3,447,0,447,165,612,73.0392
第15任總統副總統,在臺南市各投開票所,臺南市,　東山區,南溪里,0236,6,87,162,255,1,256,0,256,152,408,62.7451
第15任總統副總統,在臺南市各投開票所,臺南市,　東山區,水雲里,0237,5,50,162,217,4,221,0,221,157,378,58.4656
第15任總統副總統,在臺南市各投開票所,臺南市,　東山區,林安里,0238,0,63,171,234,3,237,0,237,123,360,65.8333
第15任總統副總統,在臺南市各投開票所,臺南市,　東山區,東原里,0239,20,240,526,786,9,795,0,795,400,1195,66.5272
第15任總統副總統,在臺南市各投開票所,臺南市,　東山區,東原里,0240,16,218,292,526,6,532,0,532,318,850,62.5882
第15任總統副總統,在臺南市各投開票所,臺南市,　東山區,嶺南里,0241,13,98,278,389,3,392,0,392,250,642,61.0592
第15任總統副總統,在臺南市各投開票所,臺南市,　東山區,南勢里,0242,32,226,390,648,6,654,0,654,410,1064,61.4662
第15任總統副總統,在臺南市各投開票所,臺南市,　東山區,青山里,0243,18,239,436,693,7,700,0,700,334,1034,67.6983
第15任總統副總統,在臺南市各投開票所,臺南市,　東山區,高原里,0244,14,268,340,622,2,624,0,624,258,882,70.7483
第15任總統副總統,在臺南市各投開票所,臺南市,　麻豆區,新興里,0381,26,181,687,894,8,902,0,902,253,1155,78.0952
第15任總統副總統,在臺南市各投開票所,臺南市,　麻豆區,新興里,0382,15,102,392,509,4,513,0,513,140,653,78.5605
第15任總統副總統,在臺南市各投開票所,臺南市,　麻豆區,巷口里,0383,21,175,505,701,6,707,0,707,206,913,77.4370
第15任總統副總統,在臺南市各投開票所,臺南市,　麻豆區,巷口里,0384,35,234,619,888,12,900,0,900,253,1153,78.0572
第15任總統副總統,在臺南市各投開票所,臺南市,　麻豆區,東角里,0385,19,193,485,697,8,705,0,705,210,915,77.0492
第15任總統副總統,在臺南市各投開票所,臺南市,　麻豆區,東角里,0386,13,165,420,598,3,601,0,601,165,766,78.4595
第15任總統副總統,在臺南市各投開票所,臺南市,　麻豆區,東角里,0387,20,180,429,629,8,637,0,637,184,821,77.5883
第15任總統副總統,在臺南市各投開票所,臺南市,　麻豆區,晋江里,0388,13,124,381,518,3,521,0,521,177,698,74.6418
第15任總統副總統,在臺南市各投開票所,臺南市,　麻豆區,晋江里,0389,25,122,458,605,10,615,0,615,194,809,76.0198
第15任總統副總統,在臺南市各投開票所,臺南市,　麻豆區,晋江里,0390,21,143,542,706,5,711,0,711,192,903,78.7375
第15任總統副總統,在臺南市各投開票所,臺南市,　麻豆區,中興里,0391,18,209,519,746,4,750,0,750,239,989,75.8342
第15任總統副總統,在臺南市各投開票所,臺南市,　麻豆區,中興里,0392,16,174,500,690,5,695,0,695,241,936,74.2521
第15任總統副總統,在臺南市各投開票所,臺南市,　麻豆區,興農里,0393,24,137,441,602,13,615,0,615,134,749,82.1095
第15任總統副總統,在臺南市各投開票所,臺南市,　麻豆區,興農里,0394,8,81,434,523,6,529,0,529,171,700,75.5714
第15任總統副總統,在臺南市各投開票所,臺南市,　麻豆區,油車里,0395,33,185,664,882,5,887,0,887,208,1095,81.0046
第15任總統副總統,在臺南市各投開票所,臺南市,　麻豆區,油車里,0396,22,213,768,1003,10,1013,0,1013,239,1252,80.9105
第15任總統副總統,在臺南市各投開票所,臺南市,　麻豆區,油車里,0397,22,142,671,835,3,838,0,838,223,1061,78.9821
第15任總統副總統,在臺南市各投開票所,臺南市,　麻豆區,北勢里,0398,25,103,692,820,9,829,0,829,257,1086,76.3352
第15任總統副總統,在臺南市各投開票所,臺南市,　麻豆區,大埕里,0399,19,172,474,665,8,673,0,673,190,863,77.9838
第15任總統副總統,在臺南市各投開票所,臺南市,　麻豆區,大埕里,0400,18,141,512,671,7,678,0,678,218,896,75.6696
第15任總統副總統,在臺南市各投開票所,臺南市,　麻豆區,大埕里,0401,23,179,573,775,11,786,0,786,206,992,79.2339
第15任總統副總統,在臺南市各投開票所,臺南市,　麻豆區,清水里,0402,14,139,379,532,2,534,0,534,139,673,79.3462
第15任總統副總統,在臺南市各投開票所,臺南市,　麻豆區,清水里,0403,13,102,491,606,6,612,0,612,167,779,78.5623
第15任總統副總統,在臺南市各投開票所,臺南市,　麻豆區,南勢里,0404,28,363,707,1098,9,1107,0,1107,314,1421,77.9029
第15任總統副總統,在臺南市各投開票所,臺南市,　麻豆區,南勢里,0405,17,154,460,631,5,636,0,636,198,834,76.2590
第15任總統副總統,在臺南市各投開票所,臺南市,　麻豆區,寮廍里,0406,19,98,456,573,4,577,0,577,172,749,77.0360
第15任總統副總統,在臺南市各投開票所,臺南市,　麻豆區,寮廍里,0407,17,98,534,649,6,655,0,655,182,837,78.2557
第15任總統副總統,在臺南市各投開票所,臺南市,　麻豆區,埤頭里,0408,24,135,823,982,9,991,0,991,317,1308,75.7645
第15任總統副總統,在臺南市各投開票所,臺南市,　麻豆區,埤頭里,0409,19,110,596,725,5,730,0,730,217,947,77.0855
第15任總統副總統,在臺南市各投開票所,臺南市,　麻豆區,海埔里,0410,15,160,550,725,10,735,1,736,249,985,74.6193
第15任總統副總統,在臺南市各投開票所,臺南市,　麻豆區,海埔里,0411,16,74,391,481,10,491,0,491,120,611,80.3601
第15任總統副總統,在臺南市各投開票所,臺南市,　麻豆區,海埔里,0412,7,61,272,340,8,348,0,348,114,462,75.3247
第15任總統副總統,在臺南市各投開票所,臺南市,　麻豆區,港尾里,0413,21,214,664,899,12,911,0,911,291,1202,75.7903
第15任總統副總統,在臺南市各投開票所,臺南市,　麻豆區,麻口里,0414,21,131,697,849,13,862,0,862,219,1081,79.7410
第15任總統副總統,在臺南市各投開票所,臺南市,　麻豆區,安業里,0415,7,67,340,414,3,417,0,417,115,532,78.3835
第15任總統副總統,在臺南市各投開票所,臺南市,　麻豆區,安業里,0416,5,83,499,587,7,594,0,594,162,756,78.5714
第15任總統副總統,在臺南市各投開票所,臺南市,　麻豆區,謝厝寮里,0417,19,105,515,639,7,646,0,646,179,825,78.3030
第15任總統副總統,在臺南市各投開票所,臺南市,　麻豆區,謝厝寮里,0418,23,81,529,633,8,641,0,641,158,799,80.2253
第15任總統副總統,在臺南市各投開票所,臺南市,　麻豆區,安正里,0419,12,110,552,674,5,679,0,679,243,922,73.6443
第15任總統副總統,在臺南市各投開票所,臺南市,　麻豆區,井東里,0420,22,141,720,883,9,892,0,892,221,1113,80.1438
第15任總統副總統,在臺南市各投開票所,臺南市,　麻豆區,井東里,0421,12,102,329,443,4,447,0,447,136,583,76.6724
第15任總統副總統,在臺南市各投開票所,臺南市,　下營區,下營里,0269,21,186,330,537,8,545,0,545,208,753,72.3772
第15任總統副總統,在臺南市各投開票所,臺南市,　下營區,下營里,0270,14,194,358,566,6,572,0,572,174,746,76.6756
第15任總統副總統,在臺南市各投開票所,臺南市,　下營區,仁里里,0271,20,206,524,750,6,756,0,756,304,1060,71.3208
第15任總統副總統,在臺南市各投開票所,臺南市,　下營區,仁里里,0272,15,177,422,614,5,619,0,619,249,868,71.3134
第15任總統副總統,在臺南市各投開票所,臺南市,　下營區,宅內里,0273,16,198,296,510,8,518,0,518,200,718,72.1448
第15任總統副總統,在臺南市各投開票所,臺南市,　下營區,宅內里,0274,20,212,389,621,10,631,0,631,226,857,73.6289
第15任總統副總統,在臺南市各投開票所,臺南市,　下營區,後街里,0275,15,196,338,549,2,551,0,551,176,727,75.7909
第15任總統副總統,在臺南市各投開票所,臺南市,　下營區,後街里,0276,22,173,380,575,6,581,0,581,228,809,71.8171
第15任總統副總統,在臺南市各投開票所,臺南市,　下營區,新興里,0277,15,222,428,665,8,673,0,673,281,954,70.5451
第15任總統副總統,在臺南市各投開票所,臺南市,　下營區,新興里,0278,22,178,463,663,5,668,0,668,268,936,71.3675
第15任總統副總統,在臺南市各投開票所,臺南市,　下營區,營前里,0279,13,203,501,717,9,726,0,726,279,1005,72.2388
第15任總統副總統,在臺南市各投開票所,臺南市,　下營區,營前里,0280,21,259,498,778,10,788,0,788,250,1038,75.9152
第15任總統副總統,在臺南市各投開票所,臺南市,　下營區,大吉里,0281,7,133,348,488,10,498,0,498,186,684,72.8070
第15任總統副總統,在臺南市各投開票所,臺南市,　下營區,大吉里,0282,19,186,420,625,11,636,0,636,219,855,74.3860
第15任總統副總統,在臺南市各投開票所,臺南市,　下營區,茅營里,0283,33,183,631,847,6,853,0,853,259,1112,76.7086
第15任總統副總統,在臺南市各投開票所,臺南市,　下營區,茅營里,0284,20,167,583,770,4,774,0,774,271,1045,74.0670
第15任總統副總統,在臺南市各投開票所,臺南市,　下營區,開化里,0285,22,131,554,707,5,712,0,712,220,932,76.3948
第15任總統副總統,在臺南市各投開票所,臺南市,　下營區,開化里,0286,18,169,470,657,8,665,0,665,237,902,73.7251
第15任總統副總統,在臺南市各投開票所,臺南市,　下營區,西連里,0287,24,111,509,644,8,652,0,652,212,864,75.4630
第15任總統副總統,在臺南市各投開票所,臺南市,　下營區,賀建里,0288,26,211,639,876,15,891,0,891,369,1260,70.7143
第15任總統副總統,在臺南市各投開票所,臺南市,　下營區,紅甲里,0289,30,168,647,845,10,855,0,855,293,1148,74.4774
第15任總統副總統,在臺南市各投開票所,臺南市,　下營區,紅甲里,0290,21,124,605,750,8,758,0,758,278,1036,73.1660
第15任總統副總統,在臺南市各投開票所,臺南市,　六甲區,六甲里,0291,21,149,425,595,3,598,0,598,189,787,75.9848
第15任總統副總統,在臺南市各投開票所,臺南市,　六甲區,六甲里,0292,23,116,333,472,6,478,0,478,150,628,76.1146
第15任總統副總統,在臺南市各投開票所,臺南市,　六甲區,六甲里,0293,57,237,757,1051,11,1062,0,1062,327,1389,76.4579
第15任總統副總統,在臺南市各投開票所,臺南市,　六甲區,甲東里,0294,30,264,757,1051,12,1063,0,1063,437,1500,70.8667
第15任總統副總統,在臺南市各投開票所,臺南市,　六甲區,甲東里,0295,21,173,622,816,10,826,0,826,292,1118,73.8819
第15任總統副總統,在臺南市各投開票所,臺南市,　六甲區,甲南里,0296,24,244,686,954,7,961,0,961,333,1294,74.2658
第15任總統副總統,在臺南市各投開票所,臺南市,　六甲區,七甲里,0297,20,175,470,665,9,674,0,674,300,974,69.1992
第15任總統副總統,在臺南市各投開票所,臺南市,　六甲區,七甲里,0298,22,117,491,630,11,641,0,641,236,877,73.0901
第15任總統副總統,在臺南市各投開票所,臺南市,　六甲區,二甲里,0299,27,192,766,985,9,994,0,994,324,1318,75.4173
第15任總統副總統,在臺南市各投開票所,臺南市,　六甲區,二甲里,0300,20,163,484,667,7,674,0,674,254,928,72.6293
第15任總統副總統,在臺南市各投開票所,臺南市,　六甲區,二甲里,0301,15,200,508,723,10,733,0,733,246,979,74.8723
第15任總統副總統,在臺南市各投開票所,臺南市,　六甲區,水林里,0302,23,194,640,857,12,869,0,869,286,1155,75.2381
第15任總統副總統,在臺南市各投開票所,臺南市,　六甲區,水林里,0303,27,145,451,623,6,629,0,629,251,880,71.4773
第15任總統副總統,在臺南市各投開票所,臺南市,　六甲區,中社里,0304,12,127,370,509,6,515,0,515,179,694,74.2075
第15任總統副總統,在臺南市各投開票所,臺南市,　六甲區,中社里,0305,33,183,429,645,6,651,0,651,224,875,74.4000
第15任總統副總統,在臺南市各投開票所,臺南市,　六甲區,龜港里,0306,34,232,594,860,5,865,0,865,279,1144,75.6119
第15任總統副總統,在臺南市各投開票所,臺南市,　六甲區,菁埔里,0307,11,107,311,429,3,432,0,432,146,578,74.7405
第15任總統副總統,在臺南市各投開票所,臺南市,　六甲區,王爺里,0308,18,113,338,469,4,473,0,473,246,719,65.7858
第15任總統副總統,在臺南市各投開票所,臺南市,　六甲區,大丘里,0309,4,112,254,370,4,374,0,374,230,604,61.9205
第15任總統副總統,在臺南市各投開票所,臺南市,　官田區,官田里,0422,32,237,523,792,10,802,0,802,261,1063,75.4468
第15任總統副總統,在臺南市各投開票所,臺南市,　官田區,官田里,0423,21,134,517,672,4,676,0,676,259,935,72.2995
第15任總統副總統,在臺南市各投開票所,臺南市,　官田區,二鎮里,0424,28,214,995,1237,9,1246,0,1246,386,1632,76.3480
第15任總統副總統,在臺南市各投開票所,臺南市,　官田區,二鎮里,0425,38,201,866,1105,10,1115,0,1115,315,1430,77.9720
第15任總統副總統,在臺南市各投開票所,臺南市,　官田區,烏山頭里,0426,20,108,572,700,7,707,0,707,224,931,75.9398
第15任總統副總統,在臺南市各投開票所,臺南市,　官田區,烏山頭里,0427,2,60,127,189,0,189,0,189,88,277,68.2310
第15任總統副總統,在臺南市各投開票所,臺南市,　官田區,大崎里,0428,5,73,197,275,0,275,0,275,121,396,69.4444
第15任總統副總統,在臺南市各投開票所,臺南市,　官田區,隆田里,0429,21,213,466,700,7,707,0,707,228,935,75.6150
第15任總統副總統,在臺南市各投開票所,臺南市,　官田區,隆田里,0430,26,244,450,720,6,726,0,726,272,998,72.7455
第15任總統副總統,在臺南市各投開票所,臺南市,　官田區,隆本里,0431,14,163,387,564,8,572,0,572,205,777,73.6165
第15任總統副總統,在臺南市各投開票所,臺南市,　官田區,隆本里,0432,34,290,532,856,5,861,0,861,255,1116,77.1505
第15任總統副總統,在臺南市各投開票所,臺南市,　官田區,隆本里,0433,31,371,682,1084,10,1094,0,1094,353,1447,75.6047
第15任總統副總統,在臺南市各投開票所,臺南市,　官田區,南廍里,0434,28,187,669,884,13,897,0,897,312,1209,74.1935
第15任總統副總統,在臺南市各投開票所,臺南市,　官田區,東西庄里,0435,13,81,859,953,11,964,0,964,272,1236,77.9935
第15任總統副總統,在臺南市各投開票所,臺南市,　官田區,東西庄里,0436,5,26,408,439,5,444,0,444,155,599,74.1235
第15任總統副總統,在臺南市各投開票所,臺南市,　官田區,渡拔里,0437,9,100,257,366,3,369,0,369,106,475,77.6842
第15任總統副總統,在臺南市各投開票所,臺南市,　官田區,渡拔里,0438,11,151,392,554,7,561,0,561,147,708,79.2373
第15任總統副總統,在臺南市各投開票所,臺南市,　官田區,渡拔里,0439,30,123,482,635,4,639,0,639,153,792,80.6818
第15任總統副總統,在臺南市各投開票所,臺南市,　官田區,渡拔里,0440,4,102,255,361,5,366,0,366,122,488,75.0000
第15任總統副總統,在臺南市各投開票所,臺南市,　官田區,社子里,0441,12,108,504,624,8,632,0,632,220,852,74.1784
第15任總統副總統,在臺南市各投開票所,臺南市,　大內區,石湖里,0475,20,90,399,509,7,516,0,516,210,726,71.0744
第15任總統副總統,在臺南市各投開票所,臺南市,　大內區,石湖里,0476,5,97,79,181,6,187,0,187,63,250,74.8000
第15任總統副總統,在臺南市各投開票所,臺南市,　大內區,石林里,0477,16,81,357,454,4,458,0,458,163,621,73.7520
第15任總統副總統,在臺南市各投開票所,臺南市,　大內區,石城里,0478,27,238,760,1025,9,1034,0,1034,364,1398,73.9628
第15任總統副總統,在臺南市各投開票所,臺南市,　大內區,內江里,0479,15,203,440,658,4,662,0,662,236,898,73.7194
第15任總統副總統,在臺南市各投開票所,臺南市,　大內區,大內里,0480,20,178,385,583,5,588,0,588,168,756,77.7778
第15任總統副總統,在臺南市各投開票所,臺南市,　大內區,內郭里,0481,13,102,333,448,2,450,0,450,157,607,74.1351
第15任總統副總統,在臺南市各投開票所,臺南市,　大內區,頭社里,0482,31,178,475,684,5,689,0,689,284,973,70.8119
第15任總統副總統,在臺南市各投開票所,臺南市,　大內區,環湖里,0483,14,188,304,506,7,513,0,513,200,713,71.9495
第15任總統副總統,在臺南市各投開票所,臺南市,　大內區,二溪里,0484,19,181,414,614,13,627,0,627,201,828,75.7246
第15任總統副總統,在臺南市各投開票所,臺南市,　大內區,曲溪里,0485,12,107,303,422,6,428,0,428,132,560,76.4286
第15任總統副總統,在臺南市各投開票所,臺南市,　佳里區,東寧里,0335,19,234,568,821,10,831,0,831,257,1088,76.3787
第15任總統副總統,在臺南市各投開票所,臺南市,　佳里區,東寧里,0336,27,246,577,850,6,856,0,856,268,1124,76.1566
第15任總統副總統,在臺南市各投開票所,臺南市,　佳里區,忠仁里,0337,31,239,744,1014,10,1024,0,1024,325,1349,75.9081
第15任總統副總統,在臺南市各投開票所,臺南市,　佳里區,忠仁里,0338,28,260,745,1033,14,1047,0,1047,369,1416,73.9407
第15任總統副總統,在臺南市各投開票所,臺南市,　佳里區,鎮山里,0339,20,223,573,816,8,824,0,824,260,1084,76.0148
第15任總統副總統,在臺南市各投開票所,臺南市,　佳里區,鎮山里,0340,26,202,560,788,10,798,0,798,260,1058,75.4253
第15任總統副總統,在臺南市各投開票所,臺南市,　佳里區,鎮山里,0341,28,201,570,799,5,804,0,804,247,1051,76.4986
第15任總統副總統,在臺南市各投開票所,臺南市,　佳里區,鎮山里,0342,42,188,592,822,6,828,0,828,260,1088,76.1029
第15任總統副總統,在臺南市各投開票所,臺南市,　佳里區,鎮山里,0343,36,198,661,895,5,900,0,900,273,1173,76.7263
第15任總統副總統,在臺南市各投開票所,臺南市,　佳里區,安西里,0344,24,261,501,786,11,797,0,797,240,1037,76.8563
第15任總統副總統,在臺南市各投開票所,臺南市,　佳里區,安西里,0345,27,235,597,859,6,865,0,865,294,1159,74.6333
第15任總統副總統,在臺南市各投開票所,臺南市,　佳里區,安西里,0346,26,211,588,825,9,834,0,834,246,1080,77.2222
第15任總統副總統,在臺南市各投開票所,臺南市,　佳里區,安西里,0347,32,263,626,921,10,931,0,931,305,1236,75.3236
第15任總統副總統,在臺南市各投開票所,臺南市,　佳里區,安西里,0348,31,239,654,924,9,933,0,933,282,1215,76.7901
第15任總統副總統,在臺南市各投開票所,臺南市,　佳里區,文新里,0349,27,269,553,849,8,857,0,857,305,1162,73.7522
第15任總統副總統,在臺南市各投開票所,臺南市,　佳里區,文新里,0350,35,274,691,1000,15,1015,0,1015,287,1302,77.9570
第15任總統副總統,在臺南市各投開票所,臺南市,　佳里區,文新里,0351,28,268,666,962,9,971,0,971,317,1288,75.3882
第15任總統副總統,在臺南市各投開票所,臺南市,　佳里區,文新里,0352,43,283,556,882,4,886,0,886,282,1168,75.8562
第15任總統副總統,在臺南市各投開票所,臺南市,　佳里區,建南里,0353,23,208,558,789,5,794,0,794,261,1055,75.2607
第15任總統副總統,在臺南市各投開票所,臺南市,　佳里區,建南里,0354,31,220,464,715,9,724,0,724,258,982,73.7271
第15任總統副總統,在臺南市各投開票所,臺南市,　佳里區,建南里,0355,26,232,534,792,6,798,0,798,269,1067,74.7891
第15任總統副總統,在臺南市各投開票所,臺南市,　佳里區,建南里,0356,22,194,498,714,10,724,0,724,273,997,72.6179
第15任總統副總統,在臺南市各投開票所,臺南市,　佳里區,南勢里,0357,19,221,514,754,9,763,0,763,268,1031,74.0058
第15任總統副總統,在臺南市各投開票所,臺南市,　佳里區,南勢里,0358,23,189,582,794,7,801,0,801,276,1077,74.3733
第15任總統副總統,在臺南市各投開票所,臺南市,　佳里區,南勢里,0359,31,177,487,695,3,698,0,698,240,938,74.4136
第15任總統副總統,在臺南市各投開票所,臺南市,　佳里區,南勢里,0360,21,252,697,970,5,975,0,975,259,1234,79.0113
第15任總統副總統,在臺南市各投開票所,臺南市,　佳里區,六安里,0361,33,275,724,1032,10,1042,0,1042,301,1343,77.5875
第15任總統副總統,在臺南市各投開票所,臺南市,　佳里區,六安里,0362,43,286,654,983,18,1001,0,1001,317,1318,75.9484
第15任總統副總統,在臺南市各投開票所,臺南市,　佳里區,六安里,0363,37,295,586,918,15,933,0,933,329,1262,73.9303
第15任總統副總統,在臺南市各投開票所,臺南市,　佳里區,佳化里,0364,28,220,577,825,1,826,0,826,293,1119,73.8159
第15任總統副總統,在臺南市各投開票所,臺南市,　佳里區,佳化里,0365,24,155,531,710,4,714,0,714,246,960,74.3750
第15任總統副總統,在臺南市各投開票所,臺南市,　佳里區,佳興里,0366,18,212,657,887,10,897,0,897,265,1162,77.1945
第15任總統副總統,在臺南市各投開票所,臺南市,　佳里區,佳興里,0367,18,163,505,686,7,693,0,693,213,906,76.4901
第15任總統副總統,在臺南市各投開票所,臺南市,　佳里區,營溪里,0368,18,112,373,503,5,508,0,508,172,680,74.7059
第15任總統副總統,在臺南市各投開票所,臺南市,　佳里區,營溪里,0369,10,75,185,270,1,271,0,271,99,370,73.2432
第15任總統副總統,在臺南市各投開票所,臺南市,　佳里區,海澄里,0370,22,211,586,819,8,827,0,827,307,1134,72.9277
第15任總統副總統,在臺南市各投開票所,臺南市,　佳里區,海澄里,0371,19,169,544,732,6,738,0,738,246,984,75.0000
第15任總統副總統,在臺南市各投開票所,臺南市,　佳里區,下營里,0372,10,141,505,656,7,663,0,663,211,874,75.8581
第15任總統副總統,在臺南市各投開票所,臺南市,　佳里區,下營里,0373,17,186,482,685,8,693,0,693,222,915,75.7377
第15任總統副總統,在臺南市各投開票所,臺南市,　佳里區,塭內里,0374,24,158,570,752,8,760,0,760,240,1000,76.0000
第15任總統副總統,在臺南市各投開票所,臺南市,　佳里區,塭內里,0375,22,135,550,707,5,712,0,712,248,960,74.1667
第15任總統副總統,在臺南市各投開票所,臺南市,　佳里區,塭內里,0376,14,109,429,552,7,559,0,559,208,767,72.8814
第15任總統副總統,在臺南市各投開票所,臺南市,　佳里區,民安里,0377,36,239,908,1183,10,1193,0,1193,355,1548,77.0672
第15任總統副總統,在臺南市各投開票所,臺南市,　佳里區,子龍里,0378,10,96,406,512,4,516,0,516,177,693,74.4589
第15任總統副總統,在臺南市各投開票所,臺南市,　佳里區,子龍里,0379,19,129,384,532,9,541,0,541,186,727,74.4154
第15任總統副總統,在臺南市各投開票所,臺南市,　佳里區,子龍里,0380,23,133,559,715,7,722,0,722,193,915,78.9071
第15任總統副總統,在臺南市各投開票所,臺南市,　學甲區,秀昌里,0080,10,157,459,626,8,634,0,634,214,848,74.7642
第15任總統副總統,在臺南市各投開票所,臺南市,　學甲區,秀昌里,0081,8,80,381,469,2,471,0,471,157,628,75.0000
第15任總統副總統,在臺南市各投開票所,臺南市,　學甲區,秀昌里,0082,24,164,503,691,9,700,0,700,214,914,76.5864
第15任總統副總統,在臺南市各投開票所,臺南市,　學甲區,明宜里,0083,17,103,630,750,5,755,0,755,277,1032,73.1589
第15任總統副總統,在臺南市各投開票所,臺南市,　學甲區,明宜里,0084,13,168,444,625,4,629,0,629,205,834,75.4197
第15任總統副總統,在臺南市各投開票所,臺南市,　學甲區,慈福里,0085,14,140,317,471,7,478,0,478,132,610,78.3607
第15任總統副總統,在臺南市各投開票所,臺南市,　學甲區,慈福里,0086,28,150,459,637,9,646,0,646,255,901,71.6981
第15任總統副總統,在臺南市各投開票所,臺南市,　學甲區,慈福里,0087,7,116,191,314,3,317,0,317,118,435,72.8736
第15任總統副總統,在臺南市各投開票所,臺南市,　學甲區,仁得里,0088,35,235,727,997,8,1005,0,1005,347,1352,74.3343
第15任總統副總統,在臺南市各投開票所,臺南市,　學甲區,仁得里,0089,30,193,590,813,7,820,0,820,249,1069,76.7072
第15任總統副總統,在臺南市各投開票所,臺南市,　學甲區,仁得里,0090,29,252,692,973,13,986,0,986,317,1303,75.6715
第15任總統副總統,在臺南市各投開票所,臺南市,　學甲區,新達里,0091,17,174,350,541,5,546,0,546,183,729,74.8971
第15任總統副總統,在臺南市各投開票所,臺南市,　學甲區,新達里,0092,13,139,332,484,5,489,0,489,238,727,67.2627
第15任總統副總統,在臺南市各投開票所,臺南市,　學甲區,新達里,0093,10,67,345,422,4,426,0,426,188,614,69.3811
第15任總統副總統,在臺南市各投開票所,臺南市,　學甲區,新榮里,0094,23,153,586,762,3,765,0,765,262,1027,74.4888
第15任總統副總統,在臺南市各投開票所,臺南市,　學甲區,新榮里,0095,28,202,607,837,3,840,0,840,293,1133,74.1395
第15任總統副總統,在臺南市各投開票所,臺南市,　學甲區,大灣里,0096,22,163,495,680,9,689,0,689,254,943,73.0647
第15任總統副總統,在臺南市各投開票所,臺南市,　學甲區,豐和里,0097,21,152,681,854,5,859,0,859,322,1181,72.7350
第15任總統副總統,在臺南市各投開票所,臺南市,　學甲區,中洲里,0098,7,111,440,558,7,565,0,565,235,800,70.6250
第15任總統副總統,在臺南市各投開票所,臺南市,　學甲區,中洲里,0099,15,114,268,397,6,403,0,403,159,562,71.7082
第15任總統副總統,在臺南市各投開票所,臺南市,　學甲區,光華里,0100,12,88,454,554,6,560,0,560,234,794,70.5290
第15任總統副總統,在臺南市各投開票所,臺南市,　學甲區,光華里,0101,6,42,186,234,5,239,0,239,147,386,61.9171
第15任總統副總統,在臺南市各投開票所,臺南市,　學甲區,宅港里,0102,14,96,426,536,2,538,0,538,249,787,68.3609
第15任總統副總統,在臺南市各投開票所,臺南市,　學甲區,平和里,0103,20,108,605,733,6,739,0,739,280,1019,72.5221
第15任總統副總統,在臺南市各投開票所,臺南市,　學甲區,三慶里,0104,10,101,294,405,4,409,0,409,161,570,71.7544
第15任總統副總統,在臺南市各投開票所,臺南市,　學甲區,三慶里,0105,8,61,197,266,3,269,0,269,159,428,62.8505
第15任總統副總統,在臺南市各投開票所,臺南市,　學甲區,三慶里,0106,5,52,198,255,4,259,0,259,84,343,75.5102
第15任總統副總統,在臺南市各投開票所,臺南市,　西港區,西港里,0511,23,189,499,711,8,719,0,719,174,893,80.5151
第15任總統副總統,在臺南市各投開票所,臺南市,　西港區,西港里,0512,17,136,531,684,9,693,0,693,172,865,80.1156
第15任總統副總統,在臺南市各投開票所,臺南市,　西港區,西港里,0513,35,183,724,942,6,948,0,948,345,1293,73.3179
第15任總統副總統,在臺南市各投開票所,臺南市,　西港區,慶安里,0514,32,255,697,984,8,992,0,992,342,1334,74.3628
第15任總統副總統,在臺南市各投開票所,臺南市,　西港區,慶安里,0515,36,279,708,1023,3,1026,0,1026,280,1306,78.5605
第15任總統副總統,在臺南市各投開票所,臺南市,　西港區,慶安里,0516,31,247,848,1126,12,1138,0,1138,388,1526,74.5740
第15任總統副總統,在臺南市各投開票所,臺南市,　西港區,南海里,0517,33,251,919,1203,27,1230,0,1230,381,1611,76.3501
第15任總統副總統,在臺南市各投開票所,臺南市,　西港區,南海里,0518,19,76,452,547,3,550,0,550,169,719,76.4951
第15任總統副總統,在臺南市各投開票所,臺南市,　西港區,港東里,0519,29,226,657,912,11,923,0,923,275,1198,77.0451
第15任總統副總統,在臺南市各投開票所,臺南市,　西港區,港東里,0520,7,46,216,269,2,271,0,271,108,379,71.5040
第15任總統副總統,在臺南市各投開票所,臺南市,　西港區,檨林里,0521,15,130,421,566,7,573,0,573,190,763,75.0983
第15任總統副總統,在臺南市各投開票所,臺南市,　西港區,檨林里,0522,25,122,459,606,7,613,0,613,211,824,74.3932
第15任總統副總統,在臺南市各投開票所,臺南市,　西港區,後營里,0523,22,162,818,1002,14,1016,0,1016,381,1397,72.7273
第15任總統副總統,在臺南市各投開票所,臺南市,　西港區,營西里,0524,32,237,745,1014,14,1028,0,1028,404,1432,71.7877
第15任總統副總統,在臺南市各投開票所,臺南市,　西港區,金砂里,0525,13,132,451,596,3,599,0,599,145,744,80.5108
第15任總統副總統,在臺南市各投開票所,臺南市,　西港區,劉厝里,0526,24,190,736,950,13,963,0,963,302,1265,76.1265
第15任總統副總統,在臺南市各投開票所,臺南市,　西港區,竹林里,0527,15,217,781,1013,15,1028,0,1028,307,1335,77.0037
第15任總統副總統,在臺南市各投開票所,臺南市,　西港區,永樂里,0528,14,116,535,665,7,672,0,672,262,934,71.9486
第15任總統副總統,在臺南市各投開票所,臺南市,　西港區,永樂里,0529,5,60,257,322,1,323,0,323,55,378,85.4497
第15任總統副總統,在臺南市各投開票所,臺南市,　西港區,新復里,0530,25,191,382,598,11,609,0,609,170,779,78.1772
第15任總統副總統,在臺南市各投開票所,臺南市,　七股區,後港里,0310,8,89,306,403,1,404,0,404,120,524,77.0992
第15任總統副總統,在臺南市各投開票所,臺南市,　七股區,後港里,0311,12,67,284,363,2,365,0,365,108,473,77.1670
第15任總統副總統,在臺南市各投開票所,臺南市,　七股區,大潭里,0312,18,98,323,439,5,444,0,444,208,652,68.0982
第15任總統副總統,在臺南市各投開票所,臺南市,　七股區,篤加里,0313,17,136,399,552,3,555,0,555,253,808,68.6881
第15任總統副總統,在臺南市各投開票所,臺南市,　七股區,頂山里,0314,8,129,388,525,4,529,0,529,244,773,68.4347
第15任總統副總統,在臺南市各投開票所,臺南市,　七股區,西寮里,0315,7,78,234,319,6,325,0,325,138,463,70.1944
第15任總統副總統,在臺南市各投開票所,臺南市,　七股區,塩埕里,0316,8,67,211,286,1,287,0,287,123,410,70.0000
第15任總統副總統,在臺南市各投開票所,臺南市,　七股區,中寮里,0317,8,132,288,428,2,430,0,430,244,674,63.7982
第15任總統副總統,在臺南市各投開票所,臺南市,　七股區,龍山里,0318,11,120,471,602,1,603,0,603,217,820,73.5366
第15任總統副總統,在臺南市各投開票所,臺南市,　七股區,龍山里,0319,14,88,437,539,8,547,0,547,209,756,72.3545
第15任總統副總統,在臺南市各投開票所,臺南市,　七股區,溪南里,0320,15,89,161,265,3,268,0,268,76,344,77.9070
第15任總統副總統,在臺南市各投開票所,臺南市,　七股區,七股里,0321,20,109,533,662,6,668,0,668,204,872,76.6055
第15任總統副總統,在臺南市各投開票所,臺南市,　七股區,玉成里,0322,13,141,392,546,6,552,0,552,204,756,73.0159
第15任總統副總統,在臺南市各投開票所,臺南市,　七股區,大埕里,0323,21,125,406,552,3,555,0,555,262,817,67.9315
第15任總統副總統,在臺南市各投開票所,臺南市,　七股區,大埕里,0324,22,126,435,583,6,589,0,589,224,813,72.4477
第15任總統副總統,在臺南市各投開票所,臺南市,　七股區,大埕里,0325,17,143,483,643,7,650,0,650,234,884,73.5294
第15任總統副總統,在臺南市各投開票所,臺南市,　七股區,樹林里,0326,28,162,637,827,8,835,0,835,313,1148,72.7352
第15任總統副總統,在臺南市各投開票所,臺南市,　七股區,樹林里,0327,11,124,375,510,11,521,0,521,177,698,74.6418
第15任總統副總統,在臺南市各投開票所,臺南市,　七股區,竹橋里,0328,13,104,350,467,7,474,0,474,136,610,77.7049
第15任總統副總統,在臺南市各投開票所,臺南市,　七股區,竹橋里,0329,12,95,364,471,4,475,0,475,125,600,79.1667
第15任總統副總統,在臺南市各投開票所,臺南市,　七股區,義合里,0330,29,215,621,865,7,872,0,872,263,1135,76.8282
第15任總統副總統,在臺南市各投開票所,臺南市,　七股區,義合里,0331,10,113,372,495,3,498,0,498,177,675,73.7778
第15任總統副總統,在臺南市各投開票所,臺南市,　七股區,永吉里,0332,25,172,490,687,5,692,0,692,269,961,72.0083
第15任總統副總統,在臺南市各投開票所,臺南市,　七股區,三股里,0333,27,203,670,900,17,917,0,917,396,1313,69.8401
第15任總統副總統,在臺南市各投開票所,臺南市,　七股區,十份里,0334,23,248,599,870,10,880,0,880,449,1329,66.2152
第15任總統副總統,在臺南市各投開票所,臺南市,　將軍區,長榮里,0245,19,184,605,808,7,815,0,815,265,1080,75.4630
第15任總統副總統,在臺南市各投開票所,臺南市,　將軍區,西甲里,0246,24,277,750,1051,8,1059,0,1059,364,1423,74.4202
第15任總統副總統,在臺南市各投開票所,臺南市,　將軍區,西甲里,0247,11,156,487,654,5,659,0,659,262,921,71.5527
第15任總統副總統,在臺南市各投開票所,臺南市,　將軍區,忠嘉里,0248,7,98,250,355,11,366,0,366,120,486,75.3086
第15任總統副總統,在臺南市各投開票所,臺南市,　將軍區,忠嘉里,0249,19,196,543,758,5,763,0,763,311,1074,71.0428
第15任總統副總統,在臺南市各投開票所,臺南市,　將軍區,忠嘉里,0250,5,54,309,368,5,373,0,373,149,522,71.4559
第15任總統副總統,在臺南市各投開票所,臺南市,　將軍區,忠嘉里,0251,6,48,171,225,1,226,0,226,85,311,72.6688
第15任總統副總統,在臺南市各投開票所,臺南市,　將軍區,苓仔寮里,0252,14,95,286,395,1,396,0,396,161,557,71.0952
第15任總統副總統,在臺南市各投開票所,臺南市,　將軍區,苓仔寮里,0253,4,55,221,280,3,283,0,283,94,377,75.0663
第15任總統副總統,在臺南市各投開票所,臺南市,　將軍區,苓仔寮里,0254,14,93,297,404,2,406,0,406,175,581,69.8795
第15任總統副總統,在臺南市各投開票所,臺南市,　將軍區,苓仔寮里,0255,9,60,254,323,4,327,0,327,113,440,74.3182
第15任總統副總統,在臺南市各投開票所,臺南市,　將軍區,巷埔里,0256,12,65,354,431,5,436,0,436,175,611,71.3584
第15任總統副總統,在臺南市各投開票所,臺南市,　將軍區,巷埔里,0257,6,59,318,383,2,385,0,385,170,555,69.3694
第15任總統副總統,在臺南市各投開票所,臺南市,　將軍區,將軍里,0258,13,82,311,406,5,411,0,411,176,587,70.0170
第15任總統副總統,在臺南市各投開票所,臺南市,　將軍區,將軍里,0259,8,81,292,381,3,384,0,384,165,549,69.9454
第15任總統副總統,在臺南市各投開票所,臺南市,　將軍區,將軍里,0260,14,76,204,294,3,297,0,297,124,421,70.5463
第15任總統副總統,在臺南市各投開票所,臺南市,　將軍區,玉山里,0261,9,91,444,544,6,550,0,550,280,830,66.2651
第15任總統副總統,在臺南市各投開票所,臺南市,　將軍區,廣山里,0262,4,102,279,385,8,393,0,393,234,627,62.6794
第15任總統副總統,在臺南市各投開票所,臺南市,　將軍區,長沙里,0263,9,86,368,463,4,467,0,467,206,673,69.3908
第15任總統副總統,在臺南市各投開票所,臺南市,　將軍區,長沙里,0264,10,79,320,409,6,415,0,415,215,630,65.8730
第15任總統副總統,在臺南市各投開票所,臺南市,　將軍區,平沙里,0265,14,125,628,767,9,776,0,776,355,1131,68.6118
第15任總統副總統,在臺南市各投開票所,臺南市,　將軍區,鯤鯓里,0266,10,89,427,526,8,534,0,534,266,800,66.7500
第15任總統副總統,在臺南市各投開票所,臺南市,　將軍區,鯤鯓里,0267,19,167,560,746,7,753,0,753,295,1048,71.8511
第15任總統副總統,在臺南市各投開票所,臺南市,　將軍區,鯤溟里,0268,14,107,478,599,3,602,0,602,344,946,63.6364
第15任總統副總統,在臺南市各投開票所,臺南市,　北門區,永隆里,0062,5,82,233,320,3,323,0,323,134,457,70.6783
第15任總統副總統,在臺南市各投開票所,臺南市,　北門區,永隆里,0063,6,122,122,250,5,255,0,255,137,392,65.0510
第15任總統副總統,在臺南市各投開票所,臺南市,　北門區,北門里,0064,5,114,173,292,5,297,0,297,155,452,65.7080
第15任總統副總統,在臺南市各投開票所,臺南市,　北門區,北門里,0065,6,57,195,258,2,260,0,260,103,363,71.6253
第15任總統副總統,在臺南市各投開票所,臺南市,　北門區,玉港里,0066,7,52,184,243,2,245,0,245,99,344,71.2209
第15任總統副總統,在臺南市各投開票所,臺南市,　北門區,玉港里,0067,5,50,184,239,3,242,0,242,132,374,64.7059
第15任總統副總統,在臺南市各投開票所,臺南市,　北門區,保吉里,0068,13,157,302,472,3,475,0,475,234,709,66.9958
第15任總統副總統,在臺南市各投開票所,臺南市,　北門區,保吉里,0069,7,122,276,405,4,409,0,409,180,589,69.4397
第15任總統副總統,在臺南市各投開票所,臺南市,　北門區,蚵寮里,0070,9,104,244,357,3,360,0,360,207,567,63.4921
第15任總統副總統,在臺南市各投開票所,臺南市,　北門區,蚵寮里,0071,12,92,262,366,2,368,0,368,177,545,67.5229
第15任總統副總統,在臺南市各投開票所,臺南市,　北門區,蚵寮里,0072,5,28,172,205,2,207,0,207,107,314,65.9236
第15任總統副總統,在臺南市各投開票所,臺南市,　北門區,雙春里,0073,14,86,202,302,2,304,0,304,146,450,67.5556
第15任總統副總統,在臺南市各投開票所,臺南市,　北門區,錦湖里,0074,16,144,417,577,4,581,0,581,332,913,63.6364
第15任總統副總統,在臺南市各投開票所,臺南市,　北門區,慈安里,0075,12,125,345,482,11,493,0,493,233,726,67.9063
第15任總統副總統,在臺南市各投開票所,臺南市,　北門區,三光里,0076,4,117,327,448,0,448,0,448,207,655,68.3969
第15任總統副總統,在臺南市各投開票所,臺南市,　北門區,三光里,0077,5,47,304,356,0,356,0,356,139,495,71.9192
第15任總統副總統,在臺南市各投開票所,臺南市,　北門區,文山里,0078,11,81,338,430,2,432,0,432,189,621,69.5652
第15任總統副總統,在臺南市各投開票所,臺南市,　北門區,文山里,0079,5,108,303,416,5,421,0,421,194,615,68.4553
第15任總統副總統,在臺南市各投開票所,臺南市,　新化區,武安里,1002,21,220,315,556,3,559,0,559,144,703,79.5164
第15任總統副總統,在臺南市各投開票所,臺南市,　新化區,武安里,1003,18,277,523,818,6,824,0,824,238,1062,77.5895
第15任總統副總統,在臺南市各投開票所,臺南市,　新化區,武安里,1004,10,87,177,274,4,278,0,278,69,347,80.1153
第15任總統副總統,在臺南市各投開票所,臺南市,　新化區,武安里,1005,23,200,481,704,4,708,0,708,181,889,79.6400
第15任總統副總統,在臺南市各投開票所,臺南市,　新化區,東榮里,1006,34,285,506,825,2,827,0,827,310,1137,72.7353
第15任總統副總統,在臺南市各投開票所,臺南市,　新化區,東榮里,1007,18,170,443,631,6,637,0,637,184,821,77.5883
第15任總統副總統,在臺南市各投開票所,臺南市,　新化區,東榮里,1008,22,204,385,611,7,618,0,618,253,871,70.9529
第15任總統副總統,在臺南市各投開票所,臺南市,　新化區,東榮里,1009,32,299,485,816,4,820,0,820,217,1037,79.0743
第15任總統副總統,在臺南市各投開票所,臺南市,　新化區,護國里,1010,21,223,443,687,4,691,0,691,220,911,75.8507
第15任總統副總統,在臺南市各投開票所,臺南市,　新化區,護國里,1011,20,271,345,636,5,641,0,641,167,808,79.3317
第15任總統副總統,在臺南市各投開票所,臺南市,　新化區,護國里,1012,24,202,407,633,6,639,0,639,311,950,67.2632
第15任總統副總統,在臺南市各投開票所,臺南市,　新化區,太平里,1013,45,290,670,1005,9,1014,0,1014,289,1303,77.8204
第15任總統副總統,在臺南市各投開票所,臺南市,　新化區,太平里,1014,17,239,525,781,8,789,0,789,214,1003,78.6640
第15任總統副總統,在臺南市各投開票所,臺南市,　新化區,太平里,1015,55,259,596,910,7,917,0,917,285,1202,76.2895
第15任總統副總統,在臺南市各投開票所,臺南市,　新化區,太平里,1016,22,164,432,618,5,623,0,623,140,763,81.6514
第15任總統副總統,在臺南市各投開票所,臺南市,　新化區,協興里,1017,32,214,509,755,6,761,0,761,232,993,76.6365
第15任總統副總統,在臺南市各投開票所,臺南市,　新化區,協興里,1018,35,264,460,759,7,766,0,766,244,1010,75.8416
第15任總統副總統,在臺南市各投開票所,臺南市,　新化區,協興里,1019,34,288,584,906,9,915,0,915,272,1187,77.0851
第15任總統副總統,在臺南市各投開票所,臺南市,　新化區,唪口里,1020,42,283,546,871,3,874,0,874,258,1132,77.2085
第15任總統副總統,在臺南市各投開票所,臺南市,　新化區,唪口里,1021,23,152,570,745,5,750,0,750,228,978,76.6871
第15任總統副總統,在臺南市各投開票所,臺南市,　新化區,北勢里,1022,39,290,750,1079,13,1092,0,1092,328,1420,76.9014
第15任總統副總統,在臺南市各投開票所,臺南市,　新化區,豐榮里,1023,41,266,597,904,9,913,0,913,251,1164,78.4364
第15任總統副總統,在臺南市各投開票所,臺南市,　新化區,豐榮里,1024,31,297,579,907,15,922,0,922,301,1223,75.3884
第15任總統副總統,在臺南市各投開票所,臺南市,　新化區,豐榮里,1025,20,183,351,554,9,563,0,563,181,744,75.6720
第15任總統副總統,在臺南市各投開票所,臺南市,　新化區,全興里,1026,34,285,658,977,15,992,0,992,320,1312,75.6098
第15任總統副總統,在臺南市各投開票所,臺南市,　新化區,全興里,1027,47,392,648,1087,9,1096,0,1096,285,1381,79.3628
第15任總統副總統,在臺南市各投開票所,臺南市,　新化區,崙頂里,1028,30,193,545,768,10,778,0,778,199,977,79.6315
第15任總統副總統,在臺南市各投開票所,臺南市,　新化區,崙頂里,1029,38,209,556,803,10,813,0,813,196,1009,80.5748
第15任總統副總統,在臺南市各投開票所,臺南市,　新化區,知義里,1030,31,248,664,943,5,948,0,948,220,1168,81.1644
第15任總統副總統,在臺南市各投開票所,臺南市,　新化區,知義里,1031,25,254,396,675,7,682,0,682,313,995,68.5427
第15任總統副總統,在臺南市各投開票所,臺南市,　新化區,山脚里,1032,41,301,711,1053,10,1063,0,1063,330,1393,76.3101
第15任總統副總統,在臺南市各投開票所,臺南市,　新化區,大坑里,1033,6,73,258,337,4,341,0,341,93,434,78.5714
第15任總統副總統,在臺南市各投開票所,臺南市,　新化區,𦰡拔里,1034,20,274,462,756,9,765,0,765,260,1025,74.6341
第15任總統副總統,在臺南市各投開票所,臺南市,　新化區,𦰡拔里,1035,27,253,485,765,6,771,0,771,281,1052,73.2890
第15任總統副總統,在臺南市各投開票所,臺南市,　新化區,羊林里,1036,10,204,460,674,6,680,0,680,203,883,77.0102
第15任總統副總統,在臺南市各投開票所,臺南市,　新化區,礁坑里,1037,12,133,570,715,3,718,0,718,259,977,73.4903
第15任總統副總統,在臺南市各投開票所,臺南市,　善化區,東關里,0442,19,239,551,809,6,815,0,815,297,1112,73.2914
第15任總統副總統,在臺南市各投開票所,臺南市,　善化區,坐駕里,0443,44,367,644,1055,15,1070,0,1070,315,1385,77.2563
第15任總統副總統,在臺南市各投開票所,臺南市,　善化區,坐駕里,0444,48,221,625,894,12,906,0,906,232,1138,79.6134
第15任總統副總統,在臺南市各投開票所,臺南市,　善化區,坐駕里,0445,36,277,662,975,11,986,0,986,301,1287,76.6123
第15任總統副總統,在臺南市各投開票所,臺南市,　善化區,光文里,0446,42,310,649,1001,11,1012,0,1012,274,1286,78.6936
第15任總統副總統,在臺南市各投開票所,臺南市,　善化區,光文里,0447,35,304,707,1046,7,1053,0,1053,274,1327,79.3519
第15任總統副總統,在臺南市各投開票所,臺南市,　善化區,光文里,0448,33,323,728,1084,11,1095,0,1095,363,1458,75.1029
第15任總統副總統,在臺南市各投開票所,臺南市,　善化區,光文里,0449,25,252,557,834,11,845,0,845,275,1120,75.4464
第15任總統副總統,在臺南市各投開票所,臺南市,　善化區,文昌里,0450,34,305,731,1070,13,1083,0,1083,398,1481,73.1263
第15任總統副總統,在臺南市各投開票所,臺南市,　善化區,文昌里,0451,24,247,593,864,9,873,0,873,275,1148,76.0453
第15任總統副總統,在臺南市各投開票所,臺南市,　善化區,南關里,0452,18,163,528,709,11,720,0,720,218,938,76.7591
第15任總統副總統,在臺南市各投開票所,臺南市,　善化區,南關里,0453,30,144,462,636,4,640,0,640,166,806,79.4045
第15任總統副總統,在臺南市各投開票所,臺南市,　善化區,頂街里,0454,28,238,599,865,10,875,0,875,231,1106,79.1139
第15任總統副總統,在臺南市各投開票所,臺南市,　善化區,文正里,0455,47,303,832,1182,16,1198,0,1198,341,1539,77.8428
第15任總統副總統,在臺南市各投開票所,臺南市,　善化區,胡家里,0456,30,139,725,894,11,905,0,905,312,1217,74.3632
第15任總統副總統,在臺南市各投開票所,臺南市,　善化區,胡厝里,0457,9,170,618,797,10,807,0,807,239,1046,77.1511
第15任總統副總統,在臺南市各投開票所,臺南市,　善化區,胡厝里,0458,29,136,532,697,6,703,0,703,207,910,77.2527
第15任總統副總統,在臺南市各投開票所,臺南市,　善化區,什乃里,0459,24,208,706,938,7,945,0,945,270,1215,77.7778
第15任總統副總統,在臺南市各投開票所,臺南市,　善化區,溪美里,0460,24,212,473,709,3,712,0,712,235,947,75.1848
第15任總統副總統,在臺南市各投開票所,臺南市,　善化區,溪美里,0461,22,186,467,675,7,682,0,682,219,901,75.6937
第15任總統副總統,在臺南市各投開票所,臺南市,　善化區,六分里,0462,17,123,407,547,2,549,0,549,150,699,78.5408
第15任總統副總統,在臺南市各投開票所,臺南市,　善化區,六德里,0463,35,153,579,767,8,775,0,775,264,1039,74.5910
第15任總統副總統,在臺南市各投開票所,臺南市,　善化區,田寮里,0464,23,283,938,1244,13,1257,0,1257,396,1653,76.0436
第15任總統副總統,在臺南市各投開票所,臺南市,　善化區,昌隆里,0465,18,153,587,758,12,770,0,770,312,1082,71.1645
第15任總統副總統,在臺南市各投開票所,臺南市,　善化區,昌隆里,0466,15,143,441,599,10,609,0,609,239,848,71.8160
第15任總統副總統,在臺南市各投開票所,臺南市,　善化區,牛庄里,0467,38,279,878,1195,16,1211,0,1211,387,1598,75.7822
第15任總統副總統,在臺南市各投開票所,臺南市,　善化區,嘉北里,0468,38,251,878,1167,12,1179,0,1179,328,1507,78.2349
第15任總統副總統,在臺南市各投開票所,臺南市,　善化區,嘉南里,0469,14,160,613,787,12,799,0,799,284,1083,73.7765
第15任總統副總統,在臺南市各投開票所,臺南市,　善化區,小新里,0470,33,260,724,1017,12,1029,0,1029,336,1365,75.3846
第15任總統副總統,在臺南市各投開票所,臺南市,　善化區,小新里,0471,37,287,756,1080,14,1094,0,1094,251,1345,81.3383
第15任總統副總統,在臺南市各投開票所,臺南市,　善化區,小新里,0472,44,309,771,1124,7,1131,0,1131,405,1536,73.6328
第15任總統副總統,在臺南市各投開票所,臺南市,　善化區,蓮潭里,0473,59,229,807,1095,10,1105,0,1105,309,1414,78.1471
第15任總統副總統,在臺南市各投開票所,臺南市,　善化區,蓮潭里,0474,49,208,746,1003,7,1010,0,1010,229,1239,81.5174
第15任總統副總統,在臺南市各投開票所,臺南市,　新市區,新市里,0814,30,180,486,696,3,699,0,699,242,941,74.2827
第15任總統副總統,在臺南市各投開票所,臺南市,　新市區,新市里,0815,24,219,584,827,13,840,0,840,241,1081,77.7058
第15任總統副總統,在臺南市各投開票所,臺南市,　新市區,新市里,0816,19,177,401,597,3,600,0,600,214,814,73.7101
第15任總統副總統,在臺南市各投開票所,臺南市,　新市區,新和里,0817,39,245,683,967,10,977,0,977,264,1241,78.7268
第15任總統副總統,在臺南市各投開票所,臺南市,　新市區,新和里,0818,31,260,730,1021,10,1031,0,1031,290,1321,78.0469
第15任總統副總統,在臺南市各投開票所,臺南市,　新市區,新和里,0819,28,228,460,716,13,729,0,729,204,933,78.1350
第15任總統副總統,在臺南市各投開票所,臺南市,　新市區,新和里,0820,26,263,630,919,8,927,0,927,271,1198,77.3790
第15任總統副總統,在臺南市各投開票所,臺南市,　新市區,新和里,0821,38,283,814,1135,9,1144,0,1144,351,1495,76.5217
第15任總統副總統,在臺南市各投開票所,臺南市,　新市區,社內里,0822,37,197,738,972,9,981,0,981,274,1255,78.1673
第15任總統副總統,在臺南市各投開票所,臺南市,　新市區,社內里,0823,30,172,803,1005,8,1013,0,1013,287,1300,77.9231
第15任總統副總統,在臺南市各投開票所,臺南市,　新市區,大洲里,0824,10,93,403,506,1,507,0,507,163,670,75.6716
第15任總統副總統,在臺南市各投開票所,臺南市,　新市區,豐華里,0825,21,153,514,688,6,694,0,694,188,882,78.6848
第15任總統副總統,在臺南市各投開票所,臺南市,　新市區,三舍里,0826,35,270,819,1124,11,1135,0,1135,355,1490,76.1745
第15任總統副總統,在臺南市各投開票所,臺南市,　新市區,大營里,0827,27,265,544,836,7,843,0,843,229,1072,78.6381
第15任總統副總統,在臺南市各投開票所,臺南市,　新市區,大營里,0828,38,223,546,807,14,821,0,821,264,1085,75.6682
第15任總統副總統,在臺南市各投開票所,臺南市,　新市區,大營里,0829,27,208,530,765,9,774,0,774,262,1036,74.7104
第15任總統副總統,在臺南市各投開票所,臺南市,　新市區,大社里,0830,28,206,574,808,8,816,0,816,257,1073,76.0485
第15任總統副總統,在臺南市各投開票所,臺南市,　新市區,大社里,0831,30,128,618,776,6,782,0,782,251,1033,75.7018
第15任總統副總統,在臺南市各投開票所,臺南市,　新市區,大社里,0832,34,190,715,939,8,947,0,947,266,1213,78.0709
第15任總統副總統,在臺南市各投開票所,臺南市,　新市區,大社里,0833,28,134,635,797,7,804,0,804,230,1034,77.7563
第15任總統副總統,在臺南市各投開票所,臺南市,　新市區,潭頂里,0834,20,135,485,640,6,646,0,646,193,839,76.9964
第15任總統副總統,在臺南市各投開票所,臺南市,　新市區,潭頂里,0835,18,170,524,712,3,715,0,715,208,923,77.4648
第15任總統副總統,在臺南市各投開票所,臺南市,　新市區,港墘里,0836,25,199,470,694,7,701,0,701,205,906,77.3731
第15任總統副總統,在臺南市各投開票所,臺南市,　新市區,港墘里,0837,29,191,700,920,9,929,0,929,292,1221,76.0852
第15任總統副總統,在臺南市各投開票所,臺南市,　新市區,港墘里,0838,21,216,663,900,11,911,0,911,235,1146,79.4939
第15任總統副總統,在臺南市各投開票所,臺南市,　新市區,永就里,0839,25,132,344,501,3,504,0,504,165,669,75.3363
第15任總統副總統,在臺南市各投開票所,臺南市,　新市區,永就里,0840,23,258,515,796,12,808,0,808,223,1031,78.3705
第15任總統副總統,在臺南市各投開票所,臺南市,　新市區,永就里,0841,33,217,607,857,10,867,0,867,277,1144,75.7867
第15任總統副總統,在臺南市各投開票所,臺南市,　安定區,蘇林里,0531,29,226,681,936,14,950,0,950,247,1197,79.3651
第15任總統副總統,在臺南市各投開票所,臺南市,　安定區,蘇林里,0532,18,154,485,657,9,666,0,666,193,859,77.5320
第15任總統副總統,在臺南市各投開票所,臺南市,　安定區,蘇厝里,0533,31,198,563,792,5,797,0,797,262,1059,75.2597
第15任總統副總統,在臺南市各投開票所,臺南市,　安定區,蘇厝里,0534,14,135,526,675,8,683,0,683,225,908,75.2203
第15任總統副總統,在臺南市各投開票所,臺南市,　安定區,安定里,0535,14,116,338,468,4,472,0,472,185,657,71.8417
第15任總統副總統,在臺南市各投開票所,臺南市,　安定區,安定里,0536,18,147,399,564,3,567,0,567,154,721,78.6408
第15任總統副總統,在臺南市各投開票所,臺南市,　安定區,安加里,0537,20,171,582,773,12,785,0,785,257,1042,75.3359
第15任總統副總統,在臺南市各投開票所,臺南市,　安定區,安加里,0538,16,201,530,747,10,757,0,757,287,1044,72.5096
第15任總統副總統,在臺南市各投開票所,臺南市,　安定區,港尾里,0539,11,116,401,528,7,535,0,535,158,693,77.2006
第15任總統副總統,在臺南市各投開票所,臺南市,　安定區,港尾里,0540,29,151,401,581,3,584,0,584,184,768,76.0417
第15任總統副總統,在臺南市各投開票所,臺南市,　安定區,中榮里,0541,12,128,457,597,6,603,0,603,179,782,77.1100
第15任總統副總統,在臺南市各投開票所,臺南市,　安定區,中榮里,0542,19,128,503,650,6,656,0,656,188,844,77.7251
第15任總統副總統,在臺南市各投開票所,臺南市,　安定區,港口里,0543,30,236,543,809,11,820,0,820,283,1103,74.3427
第15任總統副總統,在臺南市各投開票所,臺南市,　安定區,港口里,0544,20,210,516,746,6,752,0,752,214,966,77.8468
第15任總統副總統,在臺南市各投開票所,臺南市,　安定區,港口里,0545,25,144,402,571,10,581,0,581,168,749,77.5701
第15任總統副總統,在臺南市各投開票所,臺南市,　安定區,港南里,0546,35,209,743,987,13,1000,0,1000,315,1315,76.0456
第15任總統副總統,在臺南市各投開票所,臺南市,　安定區,港南里,0547,28,280,693,1001,12,1013,0,1013,251,1264,80.1424
第15任總統副總統,在臺南市各投開票所,臺南市,　安定區,嘉同里,0548,38,170,657,865,13,878,0,878,238,1116,78.6738
第15任總統副總統,在臺南市各投開票所,臺南市,　安定區,嘉同里,0549,32,248,604,884,10,894,0,894,288,1182,75.6345
第15任總統副總統,在臺南市各投開票所,臺南市,　安定區,中沙里,0550,11,147,409,567,3,570,0,570,136,706,80.7365
第15任總統副總統,在臺南市各投開票所,臺南市,　安定區,新吉里,0551,29,195,704,928,10,938,0,938,306,1244,75.4019
第15任總統副總統,在臺南市各投開票所,臺南市,　安定區,新吉里,0552,28,216,650,894,9,903,0,903,254,1157,78.0467
第15任總統副總統,在臺南市各投開票所,臺南市,　安定區,海寮里,0553,16,250,623,889,10,899,0,899,246,1145,78.5153
第15任總統副總統,在臺南市各投開票所,臺南市,　安定區,海寮里,0554,33,270,683,986,18,1004,0,1004,362,1366,73.4993
第15任總統副總統,在臺南市各投開票所,臺南市,　安定區,文科里,0555,28,143,571,742,4,746,0,746,205,951,78.4437
第15任總統副總統,在臺南市各投開票所,臺南市,　安定區,文科里,0556,16,117,331,464,6,470,0,470,126,596,78.8591
第15任總統副總統,在臺南市各投開票所,臺南市,　山上區,明和里,0557,24,143,443,610,4,614,0,614,216,830,73.9759
第15任總統副總統,在臺南市各投開票所,臺南市,　山上區,明和里,0558,16,161,406,583,6,589,0,589,234,823,71.5674
第15任總統副總統,在臺南市各投開票所,臺南市,　山上區,南洲里,0559,13,173,334,520,13,533,0,533,196,729,73.1139
第15任總統副總統,在臺南市各投開票所,臺南市,　山上區,南洲里,0560,19,136,404,559,7,566,0,566,194,760,74.4737
第15任總統副總統,在臺南市各投開票所,臺南市,　山上區,山上里,0561,14,233,429,676,10,686,0,686,256,942,72.8238
第15任總統副總統,在臺南市各投開票所,臺南市,　山上區,新莊里,0562,24,153,518,695,2,697,0,697,218,915,76.1749
第15任總統副總統,在臺南市各投開票所,臺南市,　山上區,玉峯里,0563,8,109,259,376,1,377,0,377,161,538,70.0743
第15任總統副總統,在臺南市各投開票所,臺南市,　山上區,平陽里,0564,9,107,165,281,5,286,0,286,83,369,77.5068
第15任總統副總統,在臺南市各投開票所,臺南市,　山上區,豐德里,0565,12,70,190,272,3,275,0,275,107,382,71.9895
第15任總統副總統,在臺南市各投開票所,臺南市,　玉井區,玉井里,0486,37,380,441,858,6,864,0,864,343,1207,71.5824
第15任總統副總統,在臺南市各投開票所,臺南市,　玉井區,玉田里,0487,24,323,343,690,7,697,0,697,282,979,71.1951
第15任總統副總統,在臺南市各投開票所,臺南市,　玉井區,玉田里,0488,23,234,337,594,5,599,0,599,213,812,73.7685
第15任總統副總統,在臺南市各投開票所,臺南市,　玉井區,玉田里,0489,21,222,324,567,3,570,0,570,242,812,70.1970
第15任總統副總統,在臺南市各投開票所,臺南市,　玉井區,玉田里,0490,18,293,352,663,6,669,0,669,271,940,71.1702
第15任總統副總統,在臺南市各投開票所,臺南市,　玉井區,中正里,0491,20,167,225,412,6,418,0,418,169,587,71.2095
第15任總統副總統,在臺南市各投開票所,臺南市,　玉井區,中正里,0492,12,154,237,403,3,406,0,406,174,580,70.0000
第15任總統副總統,在臺南市各投開票所,臺南市,　玉井區,竹圍里,0493,20,244,352,616,10,626,0,626,265,891,70.2581
第15任總統副總統,在臺南市各投開票所,臺南市,　玉井區,竹圍里,0494,2,123,205,330,8,338,0,338,160,498,67.8715
第15任總統副總統,在臺南市各投開票所,臺南市,　玉井區,沙田里,0495,5,154,180,339,5,344,0,344,138,482,71.3693
第15任總統副總統,在臺南市各投開票所,臺南市,　玉井區,三埔里,0496,11,123,201,335,3,338,0,338,144,482,70.1245
第15任總統副總統,在臺南市各投開票所,臺南市,　玉井區,三和里,0497,16,224,309,549,3,552,0,552,181,733,75.3070
第15任總統副總統,在臺南市各投開票所,臺南市,　玉井區,望明里,0498,12,201,245,458,9,467,0,467,163,630,74.1270
第15任總統副總統,在臺南市各投開票所,臺南市,　玉井區,望明里,0499,22,184,307,513,4,517,0,517,242,759,68.1159
第15任總統副總統,在臺南市各投開票所,臺南市,　玉井區,層林里,0500,8,175,232,415,7,422,0,422,170,592,71.2838
第15任總統副總統,在臺南市各投開票所,臺南市,　玉井區,豐里里,0501,29,251,355,635,14,649,0,649,280,929,69.8601
第15任總統副總統,在臺南市各投開票所,臺南市,　楠西區,楠西里,0502,17,353,287,657,5,662,0,662,287,949,69.7576
第15任總統副總統,在臺南市各投開票所,臺南市,　楠西區,楠西里,0503,20,268,264,552,5,557,0,557,267,824,67.5971
第15任總統副總統,在臺南市各投開票所,臺南市,　楠西區,灣丘里,0504,22,351,356,729,9,738,0,738,363,1101,67.0300
第15任總統副總統,在臺南市各投開票所,臺南市,　楠西區,密枝里,0505,12,232,203,447,8,455,0,455,220,675,67.4074
第15任總統副總統,在臺南市各投開票所,臺南市,　楠西區,照興里,0506,21,302,318,641,10,651,0,651,296,947,68.7434
第15任總統副總統,在臺南市各投開票所,臺南市,　楠西區,鹿田里,0507,23,304,293,620,3,623,0,623,248,871,71.5270
第15任總統副總統,在臺南市各投開票所,臺南市,　楠西區,龜丹里,0508,15,215,237,467,9,476,0,476,171,647,73.5703
第15任總統副總統,在臺南市各投開票所,臺南市,　楠西區,東勢里,0509,23,365,420,808,10,818,0,818,327,1145,71.4410
第15任總統副總統,在臺南市各投開票所,臺南市,　楠西區,東勢里,0510,14,379,347,740,5,745,0,745,276,1021,72.9677
第15任總統副總統,在臺南市各投開票所,臺南市,　南化區,南化里,0576,17,201,290,508,3,511,0,511,157,668,76.4970
第15任總統副總統,在臺南市各投開票所,臺南市,　南化區,南化里,0577,15,196,295,506,4,510,0,510,166,676,75.4438
第15任總統副總統,在臺南市各投開票所,臺南市,　南化區,小崙里,0578,20,222,264,506,6,512,0,512,267,779,65.7253
第15任總統副總統,在臺南市各投開票所,臺南市,　南化區,東和里,0579,13,154,267,434,4,438,0,438,182,620,70.6452
第15任總統副總統,在臺南市各投開票所,臺南市,　南化區,西埔里,0580,15,204,286,505,3,508,0,508,247,755,67.2848
第15任總統副總統,在臺南市各投開票所,臺南市,　南化區,中坑里,0581,8,124,160,292,1,293,0,293,109,402,72.8856
第15任總統副總統,在臺南市各投開票所,臺南市,　南化區,北平里,0582,12,124,244,380,6,386,0,386,154,540,71.4815
第15任總統副總統,在臺南市各投開票所,臺南市,　南化區,北寮里,0583,18,339,435,792,8,800,0,800,338,1138,70.2988
第15任總統副總統,在臺南市各投開票所,臺南市,　南化區,玉山里,0584,15,328,376,719,8,727,0,727,302,1029,70.6511
第15任總統副總統,在臺南市各投開票所,臺南市,　南化區,關山里,0585,29,244,280,553,3,556,0,556,362,918,60.5664
第15任總統副總統,在臺南市各投開票所,臺南市,　左鎮區,光和里,0566,5,93,150,248,0,248,0,248,138,386,64.2487
第15任總統副總統,在臺南市各投開票所,臺南市,　左鎮區,榮和里,0567,5,121,308,434,3,437,0,437,171,608,71.8750
第15任總統副總統,在臺南市各投開票所,臺南市,　左鎮區,左鎮里,0568,10,95,222,327,2,329,0,329,136,465,70.7527
第15任總統副總統,在臺南市各投開票所,臺南市,　左鎮區,中正里,0569,17,190,261,468,4,472,0,472,243,715,66.0140
第15任總統副總統,在臺南市各投開票所,臺南市,　左鎮區,睦光里,0570,6,76,147,229,6,235,0,235,91,326,72.0859
第15任總統副總統,在臺南市各投開票所,臺南市,　左鎮區,內庄里,0571,4,117,148,269,2,271,0,271,115,386,70.2073
第15任總統副總統,在臺南市各投開票所,臺南市,　左鎮區,岡林里,0572,9,74,178,261,4,265,0,265,135,400,66.2500
第15任總統副總統,在臺南市各投開票所,臺南市,　左鎮區,草山里,0573,4,62,109,175,3,178,0,178,116,294,60.5442
第15任總統副總統,在臺南市各投開票所,臺南市,　左鎮區,二寮里,0574,5,32,101,138,3,141,0,141,38,179,78.7709
第15任總統副總統,在臺南市各投開票所,臺南市,　左鎮區,澄山里,0575,5,67,237,309,4,313,0,313,178,491,63.7475
第15任總統副總統,在臺南市各投開票所,臺南市,　仁德區,太子里,1358,38,225,732,995,6,1001,0,1001,273,1274,78.5714
第15任總統副總統,在臺南市各投開票所,臺南市,　仁德區,太子里,1359,38,310,746,1094,11,1105,0,1105,257,1362,81.1307
第15任總統副總統,在臺南市各投開票所,臺南市,　仁德區,太子里,1360,32,231,844,1107,9,1116,0,1116,321,1437,77.6618
第15任總統副總統,在臺南市各投開票所,臺南市,　仁德區,太子里,1361,27,214,668,909,8,917,0,917,255,1172,78.2423
第15任總統副總統,在臺南市各投開票所,臺南市,　仁德區,土庫里,1362,44,246,838,1128,7,1135,0,1135,283,1418,80.0423
第15任總統副總統,在臺南市各投開票所,臺南市,　仁德區,土庫里,1363,24,191,758,973,17,990,0,990,303,1293,76.5661
第15任總統副總統,在臺南市各投開票所,臺南市,　仁德區,一甲里,1364,43,273,709,1025,15,1040,0,1040,267,1307,79.5715
第15任總統副總統,在臺南市各投開票所,臺南市,　仁德區,一甲里,1365,49,277,677,1003,11,1014,0,1014,252,1266,80.0948
第15任總統副總統,在臺南市各投開票所,臺南市,　仁德區,仁德里,1366,36,206,553,795,6,801,0,801,219,1020,78.5294
第15任總統副總統,在臺南市各投開票所,臺南市,　仁德區,仁德里,1367,45,247,530,822,6,828,0,828,240,1068,77.5281
第15任總統副總統,在臺南市各投開票所,臺南市,　仁德區,仁德里,1368,21,218,544,783,12,795,0,795,265,1060,75.0000
第15任總統副總統,在臺南市各投開票所,臺南市,　仁德區,仁德里,1369,18,226,497,741,5,746,0,746,411,1157,64.4771
第15任總統副總統,在臺南市各投開票所,臺南市,　仁德區,仁德里,1370,53,411,579,1043,13,1056,1,1057,316,1373,76.9119
第15任總統副總統,在臺南市各投開票所,臺南市,　仁德區,仁德里,1371,35,342,765,1142,6,1148,0,1148,346,1494,76.8407
第15任總統副總統,在臺南市各投開票所,臺南市,　仁德區,仁義里,1372,39,328,650,1017,12,1029,0,1029,263,1292,79.6440
第15任總統副總統,在臺南市各投開票所,臺南市,　仁德區,仁義里,1373,38,333,747,1118,10,1128,0,1128,334,1462,77.1546
第15任總統副總統,在臺南市各投開票所,臺南市,　仁德區,仁義里,1374,40,369,733,1142,14,1156,0,1156,244,1400,82.5714
第15任總統副總統,在臺南市各投開票所,臺南市,　仁德區,仁義里,1375,44,257,627,928,8,936,0,936,258,1194,78.3920
第15任總統副總統,在臺南市各投開票所,臺南市,　仁德區,仁義里,1376,42,319,653,1014,7,1021,2,1023,271,1294,78.9026
第15任總統副總統,在臺南市各投開票所,臺南市,　仁德區,仁義里,1377,34,249,521,804,9,813,0,813,198,1011,80.4154
第15任總統副總統,在臺南市各投開票所,臺南市,　仁德區,仁義里,1378,51,232,594,877,12,889,0,889,249,1138,78.1195
第15任總統副總統,在臺南市各投開票所,臺南市,　仁德區,新田里,1379,27,252,693,972,10,982,0,982,233,1215,80.8230
第15任總統副總統,在臺南市各投開票所,臺南市,　仁德區,新田里,1380,37,198,498,733,12,745,0,745,188,933,79.8499
第15任總統副總統,在臺南市各投開票所,臺南市,　仁德區,新田里,1381,37,269,575,881,9,890,0,890,264,1154,77.1231
第15任總統副總統,在臺南市各投開票所,臺南市,　仁德區,後壁里,1382,38,271,751,1060,10,1070,0,1070,302,1372,77.9883
第15任總統副總統,在臺南市各投開票所,臺南市,　仁德區,後壁里,1383,40,263,765,1068,8,1076,0,1076,269,1345,80.0000
第15任總統副總統,在臺南市各投開票所,臺南市,　仁德區,後壁里,1384,39,297,702,1038,13,1051,0,1051,314,1365,76.9963
第15任總統副總統,在臺南市各投開票所,臺南市,　仁德區,後壁里,1385,31,255,710,996,8,1004,0,1004,326,1330,75.4887
第15任總統副總統,在臺南市各投開票所,臺南市,　仁德區,後壁里,1386,46,213,594,853,15,868,0,868,294,1162,74.6988
第15任總統副總統,在臺南市各投開票所,臺南市,　仁德區,後壁里,1387,34,205,450,689,11,700,0,700,190,890,78.6517
第15任總統副總統,在臺南市各投開票所,臺南市,　仁德區,後壁里,1388,46,385,743,1174,19,1193,0,1193,324,1517,78.6421
第15任總統副總統,在臺南市各投開票所,臺南市,　仁德區,上崙里,1389,38,286,802,1126,12,1138,0,1138,387,1525,74.6230
第15任總統副總統,在臺南市各投開票所,臺南市,　仁德區,上崙里,1390,35,301,713,1049,16,1065,0,1065,310,1375,77.4545
第15任總統副總統,在臺南市各投開票所,臺南市,　仁德區,上崙里,1391,22,183,382,587,5,592,0,592,156,748,79.1444
第15任總統副總統,在臺南市各投開票所,臺南市,　仁德區,上崙里,1392,22,183,560,765,9,774,0,774,220,994,77.8672
第15任總統副總統,在臺南市各投開票所,臺南市,　仁德區,上崙里,1393,38,266,561,865,6,871,0,871,258,1129,77.1479
第15任總統副總統,在臺南市各投開票所,臺南市,　仁德區,文賢里,1394,30,277,647,954,12,966,0,966,270,1236,78.1553
第15任總統副總統,在臺南市各投開票所,臺南市,　仁德區,文賢里,1395,26,217,542,785,4,789,0,789,179,968,81.5083
第15任總統副總統,在臺南市各投開票所,臺南市,　仁德區,保安里,1396,34,284,745,1063,8,1071,0,1071,313,1384,77.3844
第15任總統副總統,在臺南市各投開票所,臺南市,　仁德區,保安里,1397,39,310,661,1010,7,1017,0,1017,281,1298,78.3513
第15任總統副總統,在臺南市各投開票所,臺南市,　仁德區,成功里,1398,30,464,601,1095,10,1105,0,1105,337,1442,76.6297
第15任總統副總統,在臺南市各投開票所,臺南市,　仁德區,成功里,1399,30,438,542,1010,13,1023,1,1024,291,1315,77.7947
第15任總統副總統,在臺南市各投開票所,臺南市,　仁德區,成功里,1400,45,464,453,962,9,971,0,971,320,1291,75.2130
第15任總統副總統,在臺南市各投開票所,臺南市,　仁德區,成功里,1401,28,162,270,460,6,466,0,466,123,589,79.1171
第15任總統副總統,在臺南市各投開票所,臺南市,　仁德區,仁和里,1402,38,800,285,1123,9,1132,0,1132,300,1432,79.0503
第15任總統副總統,在臺南市各投開票所,臺南市,　仁德區,仁愛里,1403,36,424,438,898,8,906,0,906,286,1192,76.0067
第15任總統副總統,在臺南市各投開票所,臺南市,　仁德區,二行里,1404,39,250,543,832,12,844,0,844,281,1125,75.0222
第15任總統副總統,在臺南市各投開票所,臺南市,　仁德區,二行里,1405,33,204,471,708,8,716,0,716,194,910,78.6813
第15任總統副總統,在臺南市各投開票所,臺南市,　仁德區,大甲里,1406,27,181,520,728,18,746,0,746,192,938,79.5309
第15任總統副總統,在臺南市各投開票所,臺南市,　仁德區,大甲里,1407,30,222,635,887,7,894,0,894,235,1129,79.1851
第15任總統副總統,在臺南市各投開票所,臺南市,　仁德區,中洲里,1408,21,230,658,909,11,920,0,920,251,1171,78.5653
第15任總統副總統,在臺南市各投開票所,臺南市,　仁德區,中洲里,1409,29,327,749,1105,14,1119,0,1119,321,1440,77.7083
第15任總統副總統,在臺南市各投開票所,臺南市,　歸仁區,南保里,1410,25,246,627,898,9,907,0,907,258,1165,77.8541
第15任總統副總統,在臺南市各投開票所,臺南市,　歸仁區,南保里,1411,36,243,643,922,12,934,0,934,214,1148,81.3589
第15任總統副總統,在臺南市各投開票所,臺南市,　歸仁區,南保里,1412,15,212,558,785,7,792,0,792,206,998,79.3587
第15任總統副總統,在臺南市各投開票所,臺南市,　歸仁區,南保里,1413,28,257,624,909,8,917,0,917,286,1203,76.2261
第15任總統副總統,在臺南市各投開票所,臺南市,　歸仁區,南保里,1414,38,219,686,943,8,951,0,951,284,1235,77.0040
第15任總統副總統,在臺南市各投開票所,臺南市,　歸仁區,南興里,1415,22,231,529,782,5,787,0,787,203,990,79.4949
第15任總統副總統,在臺南市各投開票所,臺南市,　歸仁區,南興里,1416,38,218,588,844,4,848,0,848,198,1046,81.0707
第15任總統副總統,在臺南市各投開票所,臺南市,　歸仁區,南興里,1417,32,226,556,814,8,822,0,822,199,1021,80.5093
第15任總統副總統,在臺南市各投開票所,臺南市,　歸仁區,南興里,1418,17,189,592,798,7,805,0,805,225,1030,78.1553
第15任總統副總統,在臺南市各投開票所,臺南市,　歸仁區,六甲里,1419,20,170,523,713,8,721,0,721,240,961,75.0260
第15任總統副總統,在臺南市各投開票所,臺南市,　歸仁區,六甲里,1420,13,139,412,564,7,571,0,571,363,934,61.1349
第15任總統副總統,在臺南市各投開票所,臺南市,　歸仁區,六甲里,1421,14,186,488,688,1,689,0,689,233,922,74.7289
第15任總統副總統,在臺南市各投開票所,臺南市,　歸仁區,六甲里,1422,28,181,497,706,13,719,0,719,184,903,79.6235
第15任總統副總統,在臺南市各投開票所,臺南市,　歸仁區,歸南里,1423,26,230,614,870,12,882,0,882,226,1108,79.6029
第15任總統副總統,在臺南市各投開票所,臺南市,　歸仁區,歸南里,1424,36,228,600,864,9,873,0,873,227,1100,79.3636
第15任總統副總統,在臺南市各投開票所,臺南市,　歸仁區,後市里,1425,33,246,539,818,7,825,0,825,212,1037,79.5564
第15任總統副總統,在臺南市各投開票所,臺南市,　歸仁區,後市里,1426,33,223,542,798,4,802,0,802,247,1049,76.4538
第15任總統副總統,在臺南市各投開票所,臺南市,　歸仁區,後市里,1427,22,225,567,814,5,819,0,819,242,1061,77.1913
第15任總統副總統,在臺南市各投開票所,臺南市,　歸仁區,文化里,1428,20,181,544,745,5,750,0,750,169,919,81.6104
第15任總統副總統,在臺南市各投開票所,臺南市,　歸仁區,文化里,1429,24,238,453,715,3,718,0,718,206,924,77.7056
第15任總統副總統,在臺南市各投開票所,臺南市,　歸仁區,文化里,1430,23,232,528,783,2,785,0,785,239,1024,76.6602
第15任總統副總統,在臺南市各投開票所,臺南市,　歸仁區,辜厝里,1431,33,245,520,798,6,804,0,804,225,1029,78.1341
第15任總統副總統,在臺南市各投開票所,臺南市,　歸仁區,辜厝里,1432,44,233,605,882,5,887,0,887,245,1132,78.3569
第15任總統副總統,在臺南市各投開票所,臺南市,　歸仁區,辜厝里,1433,29,212,577,818,5,823,0,823,216,1039,79.2108
第15任總統副總統,在臺南市各投開票所,臺南市,　歸仁區,新厝里,1434,12,157,522,691,10,701,0,701,181,882,79.4785
第15任總統副總統,在臺南市各投開票所,臺南市,　歸仁區,新厝里,1435,34,192,546,772,7,779,0,779,203,982,79.3279
第15任總統副總統,在臺南市各投開票所,臺南市,　歸仁區,新厝里,1436,11,84,314,409,5,414,0,414,102,516,80.2326
第15任總統副總統,在臺南市各投開票所,臺南市,　歸仁區,許厝里,1437,40,222,590,852,6,858,0,858,262,1120,76.6071
第15任總統副總統,在臺南市各投開票所,臺南市,　歸仁區,許厝里,1438,18,193,549,760,17,777,0,777,231,1008,77.0833
第15任總統副總統,在臺南市各投開票所,臺南市,　歸仁區,許厝里,1439,24,226,553,803,8,811,0,811,234,1045,77.6077
第15任總統副總統,在臺南市各投開票所,臺南市,　歸仁區,看西里,1440,21,210,589,820,13,833,0,833,207,1040,80.0962
第15任總統副總統,在臺南市各投開票所,臺南市,　歸仁區,看西里,1441,27,170,587,784,12,796,0,796,206,1002,79.4411
第15任總統副總統,在臺南市各投開票所,臺南市,　歸仁區,看東里,1442,28,218,535,781,11,792,0,792,195,987,80.2432
第15任總統副總統,在臺南市各投開票所,臺南市,　歸仁區,看東里,1443,24,168,396,588,8,596,0,596,161,757,78.7318
第15任總統副總統,在臺南市各投開票所,臺南市,　歸仁區,崙頂里,1444,27,186,600,813,6,819,0,819,206,1025,79.9024
第15任總統副總統,在臺南市各投開票所,臺南市,　歸仁區,崙頂里,1445,27,193,483,703,6,709,0,709,170,879,80.6598
第15任總統副總統,在臺南市各投開票所,臺南市,　歸仁區,崙頂里,1446,32,197,580,809,10,819,0,819,181,1000,81.9000
第15任總統副總統,在臺南市各投開票所,臺南市,　歸仁區,沙崙里,1447,8,136,357,501,6,507,0,507,164,671,75.5589
第15任總統副總統,在臺南市各投開票所,臺南市,　歸仁區,大潭里,1448,28,146,467,641,6,647,0,647,176,823,78.6148
第15任總統副總統,在臺南市各投開票所,臺南市,　歸仁區,大潭里,1449,16,166,597,779,8,787,0,787,207,994,79.1751
第15任總統副總統,在臺南市各投開票所,臺南市,　歸仁區,武東里,1450,33,224,536,793,4,797,0,797,192,989,80.5865
第15任總統副總統,在臺南市各投開票所,臺南市,　歸仁區,武東里,1451,14,101,288,403,4,407,0,407,354,761,53.4823
第15任總統副總統,在臺南市各投開票所,臺南市,　歸仁區,歸仁里,1452,27,304,622,953,13,966,0,966,240,1206,80.0995
第15任總統副總統,在臺南市各投開票所,臺南市,　歸仁區,歸仁里,1453,28,237,503,768,7,775,0,775,233,1008,76.8849
第15任總統副總統,在臺南市各投開票所,臺南市,　歸仁區,八甲里,1454,27,150,392,569,7,576,0,576,120,696,82.7586
第15任總統副總統,在臺南市各投開票所,臺南市,　歸仁區,八甲里,1455,24,173,448,645,7,652,0,652,179,831,78.4597
第15任總統副總統,在臺南市各投開票所,臺南市,　歸仁區,八甲里,1456,20,194,504,718,17,735,0,735,226,961,76.4828
第15任總統副總統,在臺南市各投開票所,臺南市,　歸仁區,七甲里,1457,26,156,395,577,6,583,0,583,135,718,81.1978
第15任總統副總統,在臺南市各投開票所,臺南市,　歸仁區,七甲里,1458,25,162,455,642,9,651,0,651,135,786,82.8244
第15任總統副總統,在臺南市各投開票所,臺南市,　歸仁區,七甲里,1459,25,132,504,661,8,669,0,669,186,855,78.2456
第15任總統副總統,在臺南市各投開票所,臺南市,　歸仁區,七甲里,1460,17,162,410,589,4,593,0,593,178,771,76.9131
第15任總統副總統,在臺南市各投開票所,臺南市,　歸仁區,媽廟里,1461,29,184,497,710,5,715,0,715,205,920,77.7174
第15任總統副總統,在臺南市各投開票所,臺南市,　歸仁區,媽廟里,1462,23,182,587,792,5,797,0,797,193,990,80.5051
第15任總統副總統,在臺南市各投開票所,臺南市,　歸仁區,西埔里,1463,20,180,534,734,14,748,0,748,194,942,79.4055
第15任總統副總統,在臺南市各投開票所,臺南市,　歸仁區,西埔里,1464,17,124,443,584,2,586,0,586,148,734,79.8365
第15任總統副總統,在臺南市各投開票所,臺南市,　歸仁區,大廟里,1465,24,179,543,746,8,754,0,754,206,960,78.5417
第15任總統副總統,在臺南市各投開票所,臺南市,　歸仁區,大廟里,1466,23,134,575,732,12,744,0,744,158,902,82.4834
第15任總統副總統,在臺南市各投開票所,臺南市,　歸仁區,大廟里,1467,27,233,537,797,10,807,0,807,241,1048,77.0038
第15任總統副總統,在臺南市各投開票所,臺南市,　關廟區,關廟里,1468,33,203,496,732,7,739,0,739,207,946,78.1184
第15任總統副總統,在臺南市各投開票所,臺南市,　關廟區,關廟里,1469,36,274,592,902,11,913,0,913,243,1156,78.9792
第15任總統副總統,在臺南市各投開票所,臺南市,　關廟區,山西里,1470,23,219,501,743,9,752,0,752,222,974,77.2074
第15任總統副總統,在臺南市各投開票所,臺南市,　關廟區,山西里,1471,22,172,634,828,7,835,0,835,193,1028,81.2257
第15任總統副總統,在臺南市各投開票所,臺南市,　關廟區,香洋里,1472,32,237,474,743,8,751,0,751,221,972,77.2634
第15任總統副總統,在臺南市各投開票所,臺南市,　關廟區,香洋里,1473,20,225,514,759,15,774,0,774,219,993,77.9456
第15任總統副總統,在臺南市各投開票所,臺南市,　關廟區,香洋里,1474,39,287,648,974,7,981,0,981,284,1265,77.5494
第15任總統副總統,在臺南市各投開票所,臺南市,　關廟區,北勢里,1475,26,242,709,977,5,982,0,982,267,1249,78.6229
第15任總統副總統,在臺南市各投開票所,臺南市,　關廟區,北勢里,1476,20,210,648,878,9,887,0,887,261,1148,77.2648
第15任總統副總統,在臺南市各投開票所,臺南市,　關廟區,新埔里,1477,23,209,532,764,6,770,0,770,229,999,77.0771
第15任總統副總統,在臺南市各投開票所,臺南市,　關廟區,新光里,1478,11,112,398,521,8,529,0,529,185,714,74.0896
第15任總統副總統,在臺南市各投開票所,臺南市,　關廟區,五甲里,1479,29,275,518,822,4,826,0,826,229,1055,78.2938
第15任總統副總統,在臺南市各投開票所,臺南市,　關廟區,五甲里,1480,28,230,570,828,5,833,0,833,197,1030,80.8738
第15任總統副總統,在臺南市各投開票所,臺南市,　關廟區,五甲里,1481,25,240,507,772,11,783,0,783,211,994,78.7726
第15任總統副總統,在臺南市各投開票所,臺南市,　關廟區,東勢里,1482,21,210,606,837,12,849,0,849,229,1078,78.7570
第15任總統副總統,在臺南市各投開票所,臺南市,　關廟區,東勢里,1483,26,236,467,729,4,733,0,733,209,942,77.8132
第15任總統副總統,在臺南市各投開票所,臺南市,　關廟區,東勢里,1484,27,180,566,773,7,780,0,780,251,1031,75.6547
第15任總統副總統,在臺南市各投開票所,臺南市,　關廟區,松腳里,1485,13,201,496,710,7,717,0,717,201,918,78.1046
第15任總統副總統,在臺南市各投開票所,臺南市,　關廟區,松腳里,1486,30,183,587,800,6,806,0,806,171,977,82.4974
第15任總統副總統,在臺南市各投開票所,臺南市,　關廟區,花園里,1487,13,142,401,556,6,562,0,562,174,736,76.3587
第15任總統副總統,在臺南市各投開票所,臺南市,　關廟區,花園里,1488,14,139,328,481,3,484,0,484,127,611,79.2144
第15任總統副總統,在臺南市各投開票所,臺南市,　關廟區,花園里,1489,35,183,517,735,7,742,0,742,183,925,80.2162
第15任總統副總統,在臺南市各投開票所,臺南市,　關廟區,花園里,1490,34,201,576,811,10,821,0,821,258,1079,76.0890
第15任總統副總統,在臺南市各投開票所,臺南市,　關廟區,深坑里,1491,19,170,401,590,5,595,0,595,174,769,77.3732
第15任總統副總統,在臺南市各投開票所,臺南市,　關廟區,深坑里,1492,24,142,351,517,1,518,0,518,166,684,75.7310
第15任總統副總統,在臺南市各投開票所,臺南市,　關廟區,布袋里,1493,14,145,478,637,3,640,0,640,176,816,78.4314
第15任總統副總統,在臺南市各投開票所,臺南市,　關廟區,布袋里,1494,11,56,218,285,1,286,0,286,76,362,79.0055
第15任總統副總統,在臺南市各投開票所,臺南市,　關廟區,南雄里,1495,12,133,467,612,0,612,0,612,157,769,79.5839
第15任總統副總統,在臺南市各投開票所,臺南市,　關廟區,南雄里,1496,19,143,358,520,5,525,0,525,172,697,75.3228
第15任總統副總統,在臺南市各投開票所,臺南市,　關廟區,埤頭里,1497,18,175,451,644,5,649,0,649,228,877,74.0023
第15任總統副總統,在臺南市各投開票所,臺南市,　關廟區,埤頭里,1498,21,201,521,743,5,748,0,748,215,963,77.6739
第15任總統副總統,在臺南市各投開票所,臺南市,　關廟區,下湖里,1499,11,107,250,368,0,368,0,368,104,472,77.9661
第15任總統副總統,在臺南市各投開票所,臺南市,　龍崎區,崎頂里,1500,20,231,514,765,13,778,0,778,236,1014,76.7258
第15任總統副總統,在臺南市各投開票所,臺南市,　龍崎區,土崎里,1501,20,131,297,448,3,451,0,451,167,618,72.9773
第15任總統副總統,在臺南市各投開票所,臺南市,　龍崎區,中坑里,1502,1,26,70,97,2,99,0,99,48,147,67.3469
第15任總統副總統,在臺南市各投開票所,臺南市,　龍崎區,楠坑里,1503,9,91,179,279,0,279,0,279,86,365,76.4384
第15任總統副總統,在臺南市各投開票所,臺南市,　龍崎區,牛埔里,1504,9,65,177,251,2,253,0,253,69,322,78.5714
第15任總統副總統,在臺南市各投開票所,臺南市,　龍崎區,大坪里,1505,9,90,119,218,6,224,0,224,81,305,73.4426
第15任總統副總統,在臺南市各投開票所,臺南市,　龍崎區,龍船里,1506,15,137,152,304,3,307,0,307,110,417,73.6211
第15任總統副總統,在臺南市各投開票所,臺南市,　龍崎區,石𥕢里,1507,13,105,185,303,0,303,0,303,122,425,71.2941
第15任總統副總統,在臺南市各投開票所,臺南市,　永康區,五王里,0842,54,367,592,1013,10,1023,0,1023,345,1368,74.7807
第15任總統副總統,在臺南市各投開票所,臺南市,　永康區,五王里,0843,40,299,695,1034,11,1045,0,1045,354,1399,74.6962
第15任總統副總統,在臺南市各投開票所,臺南市,　永康區,五王里,0844,42,315,693,1050,5,1055,0,1055,360,1415,74.5583
第15任總統副總統,在臺南市各投開票所,臺南市,　永康區,五王里,0845,27,372,583,982,16,998,0,998,374,1372,72.7405
第15任總統副總統,在臺南市各投開票所,臺南市,　永康區,三合里,0846,26,300,534,860,7,867,0,867,257,1124,77.1352
第15任總統副總統,在臺南市各投開票所,臺南市,　永康區,三合里,0847,23,303,518,844,11,855,0,855,268,1123,76.1354
第15任總統副總統,在臺南市各投開票所,臺南市,　永康區,三合里,0848,38,293,520,851,11,862,0,862,288,1150,74.9565
第15任總統副總統,在臺南市各投開票所,臺南市,　永康區,六合里,0849,42,307,605,954,6,960,0,960,334,1294,74.1886
第15任總統副總統,在臺南市各投開票所,臺南市,　永康區,六合里,0850,35,265,694,994,14,1008,0,1008,343,1351,74.6114
第15任總統副總統,在臺南市各投開票所,臺南市,　永康區,六合里,0851,56,350,567,973,17,990,0,990,352,1342,73.7705
第15任總統副總統,在臺南市各投開票所,臺南市,　永康區,六合里,0852,40,431,563,1034,15,1049,2,1051,283,1334,78.6357
第15任總統副總統,在臺南市各投開票所,臺南市,　永康區,網寮里,0853,43,264,737,1044,8,1052,0,1052,337,1389,75.7379
第15任總統副總統,在臺南市各投開票所,臺南市,　永康區,網寮里,0854,28,298,634,960,13,973,0,973,296,1269,76.6745
第15任總統副總統,在臺南市各投開票所,臺南市,　永康區,網寮里,0855,48,281,630,959,13,972,0,972,284,1256,77.3885
第15任總統副總統,在臺南市各投開票所,臺南市,　永康區,網寮里,0856,34,287,663,984,10,994,0,994,306,1300,76.4615
第15任總統副總統,在臺南市各投開票所,臺南市,　永康區,網寮里,0857,47,308,729,1084,13,1097,0,1097,384,1481,74.0716
第15任總統副總統,在臺南市各投開票所,臺南市,　永康區,二王里,0858,21,284,569,874,7,881,0,881,297,1178,74.7878
第15任總統副總統,在臺南市各投開票所,臺南市,　永康區,二王里,0859,42,342,571,955,6,961,0,961,348,1309,73.4148
第15任總統副總統,在臺南市各投開票所,臺南市,　永康區,二王里,0860,34,333,530,897,7,904,0,904,262,1166,77.5300
第15任總統副總統,在臺南市各投開票所,臺南市,　永康區,二王里,0861,44,332,586,962,12,974,0,974,292,1266,76.9352
第15任總統副總統,在臺南市各投開票所,臺南市,　永康區,二王里,0862,36,368,590,994,8,1002,0,1002,308,1310,76.4885
第15任總統副總統,在臺南市各投開票所,臺南市,　永康區,二王里,0863,47,345,637,1029,18,1047,0,1047,308,1355,77.2694
第15任總統副總統,在臺南市各投開票所,臺南市,　永康區,永康里,0864,41,309,698,1048,15,1063,0,1063,291,1354,78.5081
第15任總統副總統,在臺南市各投開票所,臺南市,　永康區,永康里,0865,31,300,654,985,14,999,0,999,341,1340,74.5522
第15任總統副總統,在臺南市各投開票所,臺南市,　永康區,永康里,0866,22,308,695,1025,5,1030,0,1030,340,1370,75.1825
第15任總統副總統,在臺南市各投開票所,臺南市,　永康區,永康里,0867,46,294,607,947,15,962,0,962,334,1296,74.2284
第15任總統副總統,在臺南市各投開票所,臺南市,　永康區,永康里,0868,26,208,493,727,7,734,0,734,1075,1809,40.5749
第15任總統副總統,在臺南市各投開票所,臺南市,　永康區,永康里,0869,45,308,707,1060,21,1081,0,1081,378,1459,74.0918
第15任總統副總統,在臺南市各投開票所,臺南市,　永康區,埔園里,0870,34,186,537,757,17,774,0,774,257,1031,75.0727
第15任總統副總統,在臺南市各投開票所,臺南市,　永康區,埔園里,0871,37,247,578,862,4,866,0,866,265,1131,76.5694
第15任總統副總統,在臺南市各投開票所,臺南市,　永康區,埔園里,0872,40,252,581,873,13,886,0,886,270,1156,76.6436
第15任總統副總統,在臺南市各投開票所,臺南市,　永康區,埔園里,0873,60,252,716,1028,9,1037,0,1037,273,1310,79.1603
第15任總統副總統,在臺南市各投開票所,臺南市,　永康區,埔園里,0874,22,194,592,808,4,812,0,812,241,1053,77.1130
第15任總統副總統,在臺南市各投開票所,臺南市,　永康區,埔園里,0875,36,248,665,949,14,963,0,963,291,1254,76.7943
第15任總統副總統,在臺南市各投開票所,臺南市,　永康區,龍埔里,0876,30,216,533,779,10,789,0,789,252,1041,75.7925
第15任總統副總統,在臺南市各投開票所,臺南市,　永康區,龍埔里,0877,42,223,645,910,11,921,0,921,251,1172,78.5836
第15任總統副總統,在臺南市各投開票所,臺南市,　永康區,龍埔里,0878,39,225,668,932,12,944,0,944,249,1193,79.1282
第15任總統副總統,在臺南市各投開票所,臺南市,　永康區,正強里,0879,28,258,699,985,8,993,0,993,276,1269,78.2506
第15任總統副總統,在臺南市各投開票所,臺南市,　永康區,正強里,0880,26,307,589,922,13,935,0,935,233,1168,80.0514
第15任總統副總統,在臺南市各投開票所,臺南市,　永康區,正強里,0881,27,245,611,883,10,893,0,893,305,1198,74.5409
第15任總統副總統,在臺南市各投開票所,臺南市,　永康區,正強里,0882,36,228,742,1006,13,1019,0,1019,258,1277,79.7964
第15任總統副總統,在臺南市各投開票所,臺南市,　永康區,正強里,0883,41,283,607,931,2,933,0,933,290,1223,76.2878
第15任總統副總統,在臺南市各投開票所,臺南市,　永康區,正強里,0884,41,312,575,928,11,939,0,939,313,1252,75.0000
第15任總統副總統,在臺南市各投開票所,臺南市,　永康區,大橋里,0885,30,282,535,847,9,856,1,857,250,1107,77.3261
第15任總統副總統,在臺南市各投開票所,臺南市,　永康區,大橋里,0886,32,255,539,826,6,832,0,832,276,1108,75.0903
第15任總統副總統,在臺南市各投開票所,臺南市,　永康區,大橋里,0887,36,265,575,876,5,881,0,881,230,1111,79.2979
第15任總統副總統,在臺南市各投開票所,臺南市,　永康區,大橋里,0888,30,295,530,855,5,860,0,860,236,1096,78.4672
第15任總統副總統,在臺南市各投開票所,臺南市,　永康區,大橋里,0889,40,275,550,865,7,872,0,872,235,1107,78.7715
第15任總統副總統,在臺南市各投開票所,臺南市,　永康區,東橋里,0890,31,334,708,1073,10,1083,0,1083,361,1444,75.0000
第15任總統副總統,在臺南市各投開票所,臺南市,　永康區,東橋里,0891,38,280,740,1058,9,1067,0,1067,235,1302,81.9508
第15任總統副總統,在臺南市各投開票所,臺南市,　永康區,東橋里,0892,50,314,753,1117,9,1126,0,1126,302,1428,78.8515
第15任總統副總統,在臺南市各投開票所,臺南市,　永康區,東橋里,0893,22,146,327,495,5,500,0,500,150,650,76.9231
第15任總統副總統,在臺南市各投開票所,臺南市,　永康區,東橋里,0894,50,279,988,1317,9,1326,0,1326,388,1714,77.3629
第15任總統副總統,在臺南市各投開票所,臺南市,　永康區,西橋里,0895,34,199,449,682,5,687,0,687,238,925,74.2703
第15任總統副總統,在臺南市各投開票所,臺南市,　永康區,西橋里,0896,21,242,535,798,5,803,0,803,278,1081,74.2831
第15任總統副總統,在臺南市各投開票所,臺南市,　永康區,西橋里,0897,46,233,488,767,4,771,0,771,239,1010,76.3366
第15任總統副總統,在臺南市各投開票所,臺南市,　永康區,安康里,0898,38,266,465,769,8,777,0,777,302,1079,72.0111
第15任總統副總統,在臺南市各投開票所,臺南市,　永康區,安康里,0899,37,287,627,951,9,960,0,960,345,1305,73.5632
第15任總統副總統,在臺南市各投開票所,臺南市,　永康區,安康里,0900,35,266,609,910,10,920,0,920,301,1221,75.3481
第15任總統副總統,在臺南市各投開票所,臺南市,　永康區,安康里,0901,42,275,541,858,16,874,0,874,255,1129,77.4136
第15任總統副總統,在臺南市各投開票所,臺南市,　永康區,蔦松里,0902,25,169,467,661,5,666,0,666,217,883,75.4247
第15任總統副總統,在臺南市各投開票所,臺南市,　永康區,蔦松里,0903,30,197,499,726,6,732,0,732,185,917,79.8255
第15任總統副總統,在臺南市各投開票所,臺南市,　永康區,三民里,0904,18,229,466,713,7,720,0,720,230,950,75.7895
第15任總統副總統,在臺南市各投開票所,臺南市,　永康區,三民里,0905,9,76,299,384,7,391,0,391,107,498,78.5141
第15任總統副總統,在臺南市各投開票所,臺南市,　永康區,塩行里,0906,41,268,634,943,9,952,0,952,301,1253,75.9777
第15任總統副總統,在臺南市各投開票所,臺南市,　永康區,塩行里,0907,35,220,668,923,7,930,0,930,268,1198,77.6294
第15任總統副總統,在臺南市各投開票所,臺南市,　永康區,塩行里,0908,30,232,614,876,9,885,0,885,289,1174,75.3833
第15任總統副總統,在臺南市各投開票所,臺南市,　永康區,塩行里,0909,35,248,597,880,4,884,0,884,254,1138,77.6801
第15任總統副總統,在臺南市各投開票所,臺南市,　永康區,塩興里,0910,38,224,557,819,8,827,0,827,308,1135,72.8634
第15任總統副總統,在臺南市各投開票所,臺南市,　永康區,塩興里,0911,47,263,647,957,8,965,0,965,324,1289,74.8642
第15任總統副總統,在臺南市各投開票所,臺南市,　永康區,塩興里,0912,32,249,621,902,4,906,0,906,283,1189,76.1985
第15任總統副總統,在臺南市各投開票所,臺南市,　永康區,塩洲里,0913,43,205,600,848,8,856,0,856,264,1120,76.4286
第15任總統副總統,在臺南市各投開票所,臺南市,　永康區,塩洲里,0914,32,199,571,802,9,811,0,811,213,1024,79.1992
第15任總統副總統,在臺南市各投開票所,臺南市,　永康區,塩洲里,0915,33,236,608,877,10,887,0,887,261,1148,77.2648
第15任總統副總統,在臺南市各投開票所,臺南市,　永康區,塩洲里,0916,34,255,543,832,12,844,0,844,263,1107,76.2421
第15任總統副總統,在臺南市各投開票所,臺南市,　永康區,塩洲里,0917,28,238,629,895,6,901,0,901,235,1136,79.3134
第15任總統副總統,在臺南市各投開票所,臺南市,　永康區,甲頂里,0918,40,209,431,680,7,687,0,687,198,885,77.6271
第15任總統副總統,在臺南市各投開票所,臺南市,　永康區,甲頂里,0919,39,243,742,1024,8,1032,0,1032,279,1311,78.7185
第15任總統副總統,在臺南市各投開票所,臺南市,　永康區,尚頂里,0920,36,238,668,942,5,947,0,947,223,1170,80.9402
第15任總統副總統,在臺南市各投開票所,臺南市,　永康區,尚頂里,0921,36,196,628,860,10,870,2,872,270,1142,76.1821
第15任總統副總統,在臺南市各投開票所,臺南市,　永康區,尚頂里,0922,45,319,630,994,5,999,0,999,371,1370,72.9197
第15任總統副總統,在臺南市各投開票所,臺南市,　永康區,龍潭里,0923,34,223,655,912,17,929,0,929,277,1206,77.0315
第15任總統副總統,在臺南市各投開票所,臺南市,　永康區,龍潭里,0924,33,222,664,919,15,934,0,934,334,1268,73.6593
第15任總統副總統,在臺南市各投開票所,臺南市,　永康區,龍潭里,0925,35,206,659,900,15,915,0,915,326,1241,73.7309
第15任總統副總統,在臺南市各投開票所,臺南市,　永康區,龍潭里,0926,28,252,662,942,11,953,0,953,301,1254,75.9968
第15任總統副總統,在臺南市各投開票所,臺南市,　永康區,龍潭里,0927,29,165,542,736,8,744,1,745,228,973,76.4645
第15任總統副總統,在臺南市各投開票所,臺南市,　永康區,永明里,0928,52,356,743,1151,8,1159,0,1159,347,1506,76.9588
第15任總統副總統,在臺南市各投開票所,臺南市,　永康區,永明里,0929,45,316,657,1018,13,1031,0,1031,329,1360,75.8088
第15任總統副總統,在臺南市各投開票所,臺南市,　永康區,永明里,0930,47,344,754,1145,10,1155,0,1155,323,1478,78.1461
第15任總統副總統,在臺南市各投開票所,臺南市,　永康區,王行里,0931,38,203,730,971,11,982,0,982,251,1233,79.6431
第15任總統副總統,在臺南市各投開票所,臺南市,　永康區,王行里,0932,33,215,651,899,9,908,0,908,288,1196,75.9197
第15任總統副總統,在臺南市各投開票所,臺南市,　永康區,烏竹里,0933,51,259,706,1016,11,1027,0,1027,274,1301,78.9393
第15任總統副總統,在臺南市各投開票所,臺南市,　永康區,烏竹里,0934,39,276,717,1032,2,1034,0,1034,307,1341,77.1066
第15任總統副總統,在臺南市各投開票所,臺南市,　永康區,西勢里,0935,31,262,611,904,15,919,0,919,279,1198,76.7112
第15任總統副總統,在臺南市各投開票所,臺南市,　永康區,西勢里,0936,36,247,582,865,5,870,0,870,249,1119,77.7480
第15任總統副總統,在臺南市各投開票所,臺南市,　永康區,西勢里,0937,16,244,624,884,6,890,0,890,276,1166,76.3293
第15任總統副總統,在臺南市各投開票所,臺南市,　永康區,西勢里,0938,33,235,675,943,9,952,0,952,260,1212,78.5479
第15任總統副總統,在臺南市各投開票所,臺南市,　永康區,西勢里,0939,35,224,645,904,6,910,0,910,264,1174,77.5128
第15任總統副總統,在臺南市各投開票所,臺南市,　永康區,新樹里,0940,33,159,533,725,9,734,0,734,233,967,75.9049
第15任總統副總統,在臺南市各投開票所,臺南市,　永康區,新樹里,0941,25,174,615,814,11,825,0,825,246,1071,77.0308
第15任總統副總統,在臺南市各投開票所,臺南市,　永康區,大灣里,0942,32,164,640,836,4,840,0,840,291,1131,74.2706
第15任總統副總統,在臺南市各投開票所,臺南市,　永康區,大灣里,0943,24,187,583,794,10,804,0,804,233,1037,77.5313
第15任總統副總統,在臺南市各投開票所,臺南市,　永康區,大灣里,0944,43,215,659,917,9,926,0,926,231,1157,80.0346
第15任總統副總統,在臺南市各投開票所,臺南市,　永康區,東灣里,0945,27,196,632,855,5,860,0,860,252,1112,77.3381
第15任總統副總統,在臺南市各投開票所,臺南市,　永康區,東灣里,0946,20,227,612,859,10,869,0,869,273,1142,76.0946
第15任總統副總統,在臺南市各投開票所,臺南市,　永康區,東灣里,0947,24,228,655,907,6,913,0,913,267,1180,77.3729
第15任總統副總統,在臺南市各投開票所,臺南市,　永康區,西灣里,0948,33,188,660,881,9,890,0,890,356,1246,71.4286
第15任總統副總統,在臺南市各投開票所,臺南市,　永康區,西灣里,0949,31,221,578,830,11,841,0,841,230,1071,78.5247
第15任總統副總統,在臺南市各投開票所,臺南市,　永康區,西灣里,0950,36,280,702,1018,5,1023,0,1023,271,1294,79.0572
第15任總統副總統,在臺南市各投開票所,臺南市,　永康區,西灣里,0951,38,216,586,840,5,845,0,845,247,1092,77.3810
第15任總統副總統,在臺南市各投開票所,臺南市,　永康區,西灣里,0952,34,280,612,926,7,933,0,933,237,1170,79.7436
第15任總統副總統,在臺南市各投開票所,臺南市,　永康區,西灣里,0953,29,255,607,891,4,895,0,895,271,1166,76.7581
第15任總統副總統,在臺南市各投開票所,臺南市,　永康區,南灣里,0954,36,210,749,995,5,1000,0,1000,274,1274,78.4929
第15任總統副總統,在臺南市各投開票所,臺南市,　永康區,南灣里,0955,36,220,689,945,6,951,0,951,286,1237,76.8795
第15任總統副總統,在臺南市各投開票所,臺南市,　永康區,南灣里,0956,27,252,641,920,7,927,0,927,294,1221,75.9214
第15任總統副總統,在臺南市各投開票所,臺南市,　永康區,崑山里,0957,30,290,527,847,7,854,0,854,274,1128,75.7092
第15任總統副總統,在臺南市各投開票所,臺南市,　永康區,崑山里,0958,26,234,655,915,8,923,0,923,252,1175,78.5532
第15任總統副總統,在臺南市各投開票所,臺南市,　永康區,崑山里,0959,43,275,585,903,8,911,0,911,268,1179,77.2689
第15任總統副總統,在臺南市各投開票所,臺南市,　永康區,崑山里,0960,25,243,592,860,4,864,0,864,222,1086,79.5580
第15任總統副總統,在臺南市各投開票所,臺南市,　永康區,崑山里,0961,24,210,603,837,8,845,0,845,241,1086,77.8085
第15任總統副總統,在臺南市各投開票所,臺南市,　永康區,北灣里,0962,39,250,801,1090,10,1100,0,1100,317,1417,77.6288
第15任總統副總統,在臺南市各投開票所,臺南市,　永康區,北灣里,0963,33,238,743,1014,17,1031,0,1031,267,1298,79.4299
第15任總統副總統,在臺南市各投開票所,臺南市,　永康區,北灣里,0964,37,247,631,915,12,927,0,927,279,1206,76.8657
第15任總統副總統,在臺南市各投開票所,臺南市,　永康區,北興里,0965,29,235,698,962,4,966,0,966,273,1239,77.9661
第15任總統副總統,在臺南市各投開票所,臺南市,　永康區,北興里,0966,44,235,612,891,6,897,0,897,229,1126,79.6625
第15任總統副總統,在臺南市各投開票所,臺南市,　永康區,北興里,0967,24,240,667,931,6,937,0,937,265,1202,77.9534
第15任總統副總統,在臺南市各投開票所,臺南市,　永康區,北興里,0968,29,227,581,837,4,841,0,841,292,1133,74.2277
第15任總統副總統,在臺南市各投開票所,臺南市,　永康區,復興里,0969,23,397,256,676,10,686,0,686,340,1026,66.8616
第15任總統副總統,在臺南市各投開票所,臺南市,　永康區,復興里,0970,15,371,296,682,7,689,0,689,220,909,75.7976
第15任總統副總統,在臺南市各投開票所,臺南市,　永康區,光復里,0971,11,215,128,354,5,359,0,359,154,513,69.9805
第15任總統副總統,在臺南市各投開票所,臺南市,　永康區,建國里,0972,27,370,228,625,9,634,0,634,198,832,76.2019
第15任總統副總統,在臺南市各投開票所,臺南市,　永康區,建國里,0973,30,333,377,740,6,746,0,746,265,1011,73.7883
第15任總統副總統,在臺南市各投開票所,臺南市,　永康區,復國里,0974,40,458,529,1027,12,1039,0,1039,240,1279,81.2353
第15任總統副總統,在臺南市各投開票所,臺南市,　永康區,復國里,0975,48,463,585,1096,12,1108,0,1108,365,1473,75.2206
第15任總統副總統,在臺南市各投開票所,臺南市,　永康區,復國里,0976,27,360,528,915,8,923,0,923,390,1313,70.2970
第15任總統副總統,在臺南市各投開票所,臺南市,　永康區,復國里,0977,18,308,451,777,10,787,0,787,285,1072,73.4142
第15任總統副總統,在臺南市各投開票所,臺南市,　永康區,復國里,0978,41,284,547,872,6,878,0,878,343,1221,71.9083
第15任總統副總統,在臺南市各投開票所,臺南市,　永康區,復國里,0979,22,251,325,598,10,608,0,608,211,819,74.2369
第15任總統副總統,在臺南市各投開票所,臺南市,　永康區,復國里,0980,40,345,465,850,12,862,0,862,260,1122,76.8271
第15任總統副總統,在臺南市各投開票所,臺南市,　永康區,復華里,0981,36,391,628,1055,9,1064,0,1064,366,1430,74.4056
第15任總統副總統,在臺南市各投開票所,臺南市,　永康區,復華里,0982,31,339,619,989,5,994,0,994,350,1344,73.9583
第15任總統副總統,在臺南市各投開票所,臺南市,　永康區,復華里,0983,29,331,513,873,7,880,0,880,289,1169,75.2780
第15任總統副總統,在臺南市各投開票所,臺南市,　永康區,復華里,0984,36,347,564,947,7,954,0,954,301,1255,76.0159
第15任總統副總統,在臺南市各投開票所,臺南市,　永康區,復華里,0985,41,388,561,990,17,1007,0,1007,293,1300,77.4615
第15任總統副總統,在臺南市各投開票所,臺南市,　永康區,復華里,0986,36,400,596,1032,14,1046,0,1046,333,1379,75.8521
第15任總統副總統,在臺南市各投開票所,臺南市,　永康區,復華里,0987,44,340,464,848,7,855,0,855,264,1119,76.4075
第15任總統副總統,在臺南市各投開票所,臺南市,　永康區,神洲里,0988,39,366,381,786,6,792,0,792,313,1105,71.6742
第15任總統副總統,在臺南市各投開票所,臺南市,　永康區,成功里,0989,30,501,270,801,8,809,0,809,204,1013,79.8618
第15任總統副總統,在臺南市各投開票所,臺南市,　永康區,成功里,0990,36,393,337,766,12,778,0,778,252,1030,75.5340
第15任總統副總統,在臺南市各投開票所,臺南市,　永康區,中華里,0991,50,481,599,1130,12,1142,0,1142,265,1407,81.1656
第15任總統副總統,在臺南市各投開票所,臺南市,　永康區,中華里,0992,33,423,580,1036,10,1046,0,1046,315,1361,76.8553
第15任總統副總統,在臺南市各投開票所,臺南市,　永康區,中興里,0993,35,366,435,836,3,839,0,839,271,1110,75.5856
第15任總統副總統,在臺南市各投開票所,臺南市,　永康區,中興里,0994,37,318,481,836,15,851,0,851,244,1095,77.7169
第15任總統副總統,在臺南市各投開票所,臺南市,　永康區,中興里,0995,33,333,450,816,10,826,0,826,244,1070,77.1963
第15任總統副總統,在臺南市各投開票所,臺南市,　永康區,勝利里,0996,34,361,596,991,9,1000,0,1000,271,1271,78.6782
第15任總統副總統,在臺南市各投開票所,臺南市,　永康區,勝利里,0997,32,349,497,878,6,884,0,884,296,1180,74.9153
第15任總統副總統,在臺南市各投開票所,臺南市,　永康區,勝利里,0998,30,302,492,824,5,829,0,829,268,1097,75.5697
第15任總統副總統,在臺南市各投開票所,臺南市,　永康區,勝利里,0999,34,354,580,968,7,975,0,975,395,1370,71.1679
第15任總統副總統,在臺南市各投開票所,臺南市,　永康區,勝利里,1000,49,361,545,955,6,961,0,961,388,1349,71.2380
第15任總統副總統,在臺南市各投開票所,臺南市,　永康區,勝利里,1001,54,468,407,929,20,949,0,949,290,1239,76.5940
第15任總統副總統,在臺南市各投開票所,臺南市,　東區,崇信里,1233,31,316,660,1007,22,1029,0,1029,929,1958,52.5536
第15任總統副總統,在臺南市各投開票所,臺南市,　東區,崇信里,1234,26,331,614,971,17,988,0,988,295,1283,77.0070
第15任總統副總統,在臺南市各投開票所,臺南市,　東區,崇信里,1235,32,267,484,783,6,789,0,789,235,1024,77.0508
第15任總統副總統,在臺南市各投開票所,臺南市,　東區,崇學里,1236,33,250,414,697,7,704,0,704,183,887,79.3687
第15任總統副總統,在臺南市各投開票所,臺南市,　東區,崇學里,1237,21,231,508,760,11,771,0,771,189,960,80.3125
第15任總統副總統,在臺南市各投開票所,臺南市,　東區,崇學里,1238,26,271,423,720,12,732,0,732,242,974,75.1540
第15任總統副總統,在臺南市各投開票所,臺南市,　東區,大學里,1239,36,338,488,862,10,872,0,872,228,1100,79.2727
第15任總統副總統,在臺南市各投開票所,臺南市,　東區,成大里,1240,27,283,404,714,13,727,0,727,256,983,73.9573
第15任總統副總統,在臺南市各投開票所,臺南市,　東區,成大里,1241,27,293,361,681,11,692,0,692,245,937,73.8527
第15任總統副總統,在臺南市各投開票所,臺南市,　東區,東門里,1242,25,224,392,641,10,651,0,651,229,880,73.9773
第15任總統副總統,在臺南市各投開票所,臺南市,　東區,東門里,1243,33,204,481,718,6,724,0,724,210,934,77.5161
第15任總統副總統,在臺南市各投開票所,臺南市,　東區,圍下里,1244,46,272,501,819,9,828,0,828,213,1041,79.5389
第15任總統副總統,在臺南市各投開票所,臺南市,　東區,圍下里,1245,28,204,360,592,10,602,0,602,204,806,74.6898
第15任總統副總統,在臺南市各投開票所,臺南市,　東區,中西里,1246,28,284,454,766,8,774,0,774,212,986,78.4990
第15任總統副總統,在臺南市各投開票所,臺南市,　東區,中西里,1247,28,246,392,666,11,677,0,677,218,895,75.6425
第15任總統副總統,在臺南市各投開票所,臺南市,　東區,中西里,1248,50,268,539,857,9,866,0,866,258,1124,77.0463
第15任總統副總統,在臺南市各投開票所,臺南市,　東區,東安里,1249,29,299,613,941,7,948,0,948,380,1328,71.3855
第15任總統副總統,在臺南市各投開票所,臺南市,　東區,忠孝里,1250,55,465,736,1256,16,1272,0,1272,333,1605,79.2523
第15任總統副總統,在臺南市各投開票所,臺南市,　東區,忠孝里,1251,45,373,541,959,8,967,0,967,306,1273,75.9623
第15任總統副總統,在臺南市各投開票所,臺南市,　東區,忠孝里,1252,46,450,468,964,6,970,1,971,290,1261,76.9231
第15任總統副總統,在臺南市各投開票所,臺南市,　東區,大福里,1253,42,443,717,1202,16,1218,0,1218,427,1645,74.0426
第15任總統副總統,在臺南市各投開票所,臺南市,　東區,大德里,1254,42,390,697,1129,5,1134,0,1134,371,1505,75.3488
第15任總統副總統,在臺南市各投開票所,臺南市,　東區,路東里,1255,51,474,644,1169,15,1184,0,1184,369,1553,76.2395
第15任總統副總統,在臺南市各投開票所,臺南市,　東區,大同里,1256,27,247,425,699,8,707,0,707,294,1001,70.6294
第15任總統副總統,在臺南市各投開票所,臺南市,　東區,大同里,1257,18,245,427,690,5,695,0,695,218,913,76.1227
第15任總統副總統,在臺南市各投開票所,臺南市,　東區,大同里,1258,16,222,425,663,8,671,0,671,267,938,71.5352
第15任總統副總統,在臺南市各投開票所,臺南市,　東區,泉南里,1259,32,274,563,869,8,877,0,877,287,1164,75.3436
第15任總統副總統,在臺南市各投開票所,臺南市,　東區,泉南里,1260,35,291,493,819,11,830,0,830,239,1069,77.6427
第15任總統副總統,在臺南市各投開票所,臺南市,　東區,泉南里,1261,37,338,641,1016,8,1024,0,1024,344,1368,74.8538
第15任總統副總統,在臺南市各投開票所,臺南市,　東區,泉南里,1262,22,236,483,741,13,754,0,754,249,1003,75.1745
第15任總統副總統,在臺南市各投開票所,臺南市,　東區,龍山里,1263,49,392,671,1112,10,1122,0,1122,333,1455,77.1134
第15任總統副總統,在臺南市各投開票所,臺南市,　東區,龍山里,1264,24,244,421,689,5,694,0,694,200,894,77.6286
第15任總統副總統,在臺南市各投開票所,臺南市,　東區,龍山里,1265,40,343,553,936,11,947,0,947,291,1238,76.4943
第15任總統副總統,在臺南市各投開票所,臺南市,　東區,龍山里,1266,30,205,443,678,7,685,0,685,225,910,75.2747
第15任總統副總統,在臺南市各投開票所,臺南市,　東區,德光里,1267,42,340,566,948,4,952,0,952,249,1201,79.2673
第15任總統副總統,在臺南市各投開票所,臺南市,　東區,德光里,1268,54,380,551,985,10,995,0,995,272,1267,78.5320
第15任總統副總統,在臺南市各投開票所,臺南市,　東區,德光里,1269,41,389,657,1087,11,1098,0,1098,310,1408,77.9830
第15任總統副總統,在臺南市各投開票所,臺南市,　東區,崇德里,1270,28,342,569,939,7,946,0,946,206,1152,82.1181
第15任總統副總統,在臺南市各投開票所,臺南市,　東區,崇德里,1271,31,308,557,896,14,910,0,910,232,1142,79.6848
第15任總統副總統,在臺南市各投開票所,臺南市,　東區,崇德里,1272,43,326,458,827,10,837,0,837,233,1070,78.2243
第15任總統副總統,在臺南市各投開票所,臺南市,　東區,崇德里,1273,24,269,447,740,14,754,0,754,213,967,77.9731
第15任總統副總統,在臺南市各投開票所,臺南市,　東區,崇善里,1274,60,322,709,1091,12,1103,0,1103,282,1385,79.6390
第15任總統副總統,在臺南市各投開票所,臺南市,　東區,崇善里,1275,33,358,643,1034,8,1042,0,1042,291,1333,78.1695
第15任總統副總統,在臺南市各投開票所,臺南市,　東區,崇善里,1276,33,308,658,999,11,1010,0,1010,235,1245,81.1245
第15任總統副總統,在臺南市各投開票所,臺南市,　東區,崇善里,1277,29,244,450,723,5,728,0,728,191,919,79.2165
第15任總統副總統,在臺南市各投開票所,臺南市,　東區,崇成里,1278,26,272,400,698,7,705,0,705,215,920,76.6304
第15任總統副總統,在臺南市各投開票所,臺南市,　東區,崇成里,1279,31,263,538,832,15,847,0,847,196,1043,81.2081
第15任總統副總統,在臺南市各投開票所,臺南市,　東區,崇成里,1280,24,271,371,666,4,670,0,670,205,875,76.5714
第15任總統副總統,在臺南市各投開票所,臺南市,　東區,崇文里,1281,33,309,521,863,7,870,0,870,223,1093,79.5974
第15任總統副總統,在臺南市各投開票所,臺南市,　東區,崇文里,1282,43,374,579,996,11,1007,0,1007,267,1274,79.0424
第15任總統副總統,在臺南市各投開票所,臺南市,　東區,崇文里,1283,32,342,577,951,14,965,0,965,268,1233,78.2644
第15任總統副總統,在臺南市各投開票所,臺南市,　東區,崇文里,1284,29,371,487,887,16,903,0,903,229,1132,79.7703
第15任總統副總統,在臺南市各投開票所,臺南市,　東區,崇文里,1285,28,254,500,782,4,786,0,786,186,972,80.8642
第15任總統副總統,在臺南市各投開票所,臺南市,　東區,東智里,1286,26,283,455,764,9,773,0,773,244,1017,76.0079
第15任總統副總統,在臺南市各投開票所,臺南市,　東區,東智里,1287,46,416,695,1157,8,1165,0,1165,360,1525,76.3934
第15任總統副總統,在臺南市各投開票所,臺南市,　東區,大智里,1288,35,399,683,1117,8,1125,0,1125,365,1490,75.5034
第15任總統副總統,在臺南市各投開票所,臺南市,　東區,大智里,1289,46,546,637,1229,11,1240,0,1240,345,1585,78.2334
第15任總統副總統,在臺南市各投開票所,臺南市,　東區,大智里,1290,54,483,801,1338,11,1349,0,1349,387,1736,77.7074
第15任總統副總統,在臺南市各投開票所,臺南市,　東區,大智里,1291,49,491,676,1216,11,1227,0,1227,359,1586,77.3644
第15任總統副總統,在臺南市各投開票所,臺南市,　東區,德高里,1292,28,260,496,784,3,787,0,787,237,1024,76.8555
第15任總統副總統,在臺南市各投開票所,臺南市,　東區,德高里,1293,29,273,639,941,9,950,0,950,255,1205,78.8382
第15任總統副總統,在臺南市各投開票所,臺南市,　東區,德高里,1294,22,222,389,633,6,639,0,639,161,800,79.8750
第15任總統副總統,在臺南市各投開票所,臺南市,　東區,仁和里,1295,29,322,649,1000,9,1009,0,1009,339,1348,74.8516
第15任總統副總統,在臺南市各投開票所,臺南市,　東區,仁和里,1296,51,421,791,1263,12,1275,0,1275,417,1692,75.3546
第15任總統副總統,在臺南市各投開票所,臺南市,　東區,仁和里,1297,34,330,617,981,11,992,1,993,317,1310,75.7252
第15任總統副總統,在臺南市各投開票所,臺南市,　東區,和平里,1298,50,351,780,1181,18,1199,0,1199,320,1519,78.9335
第15任總統副總統,在臺南市各投開票所,臺南市,　東區,和平里,1299,55,504,871,1430,9,1439,0,1439,422,1861,77.3240
第15任總統副總統,在臺南市各投開票所,臺南市,　東區,和平里,1300,49,388,685,1122,13,1135,0,1135,358,1493,76.0214
第15任總統副總統,在臺南市各投開票所,臺南市,　東區,虎尾里,1301,39,325,582,946,5,951,0,951,266,1217,78.1430
第15任總統副總統,在臺南市各投開票所,臺南市,　東區,虎尾里,1302,40,302,667,1009,9,1018,0,1018,279,1297,78.4888
第15任總統副總統,在臺南市各投開票所,臺南市,　東區,虎尾里,1303,31,339,534,904,10,914,0,914,221,1135,80.5286
第15任總統副總統,在臺南市各投開票所,臺南市,　東區,虎尾里,1304,26,316,603,945,24,969,0,969,245,1214,79.8188
第15任總統副總統,在臺南市各投開票所,臺南市,　東區,裕聖里,1305,35,351,606,992,9,1001,0,1001,241,1242,80.5958
第15任總統副總統,在臺南市各投開票所,臺南市,　東區,裕聖里,1306,71,542,773,1386,13,1399,0,1399,307,1706,82.0047
第15任總統副總統,在臺南市各投開票所,臺南市,　東區,裕聖里,1307,66,405,621,1092,15,1107,0,1107,272,1379,80.2756
第15任總統副總統,在臺南市各投開票所,臺南市,　東區,復興里,1308,25,239,634,898,4,902,0,902,269,1171,77.0282
第15任總統副總統,在臺南市各投開票所,臺南市,　東區,復興里,1309,20,212,348,580,11,591,0,591,177,768,76.9531
第15任總統副總統,在臺南市各投開票所,臺南市,　東區,復興里,1310,34,330,648,1012,10,1022,0,1022,251,1273,80.2828
第15任總統副總統,在臺南市各投開票所,臺南市,　東區,自強里,1311,38,321,645,1004,7,1011,0,1011,297,1308,77.2936
第15任總統副總統,在臺南市各投開票所,臺南市,　東區,自強里,1312,54,300,461,815,12,827,0,827,293,1120,73.8393
第15任總統副總統,在臺南市各投開票所,臺南市,　東區,自強里,1313,35,361,556,952,12,964,0,964,265,1229,78.4378
第15任總統副總統,在臺南市各投開票所,臺南市,　東區,自強里,1314,56,361,604,1021,17,1038,0,1038,308,1346,77.1174
第15任總統副總統,在臺南市各投開票所,臺南市,　東區,東聖里,1315,26,214,401,641,8,649,0,649,190,839,77.3540
第15任總統副總統,在臺南市各投開票所,臺南市,　東區,東聖里,1316,39,366,666,1071,4,1075,0,1075,313,1388,77.4496
第15任總統副總統,在臺南市各投開票所,臺南市,　東區,關聖里,1317,38,460,644,1142,15,1157,0,1157,333,1490,77.6510
第15任總統副總統,在臺南市各投開票所,臺南市,　東區,關聖里,1318,53,456,688,1197,11,1208,0,1208,325,1533,78.7997
第15任總統副總統,在臺南市各投開票所,臺南市,　東區,關聖里,1319,49,358,552,959,8,967,0,967,238,1205,80.2490
第15任總統副總統,在臺南市各投開票所,臺南市,　東區,南聖里,1320,33,315,550,898,11,909,0,909,216,1125,80.8000
第15任總統副總統,在臺南市各投開票所,臺南市,　東區,南聖里,1321,49,399,581,1029,9,1038,0,1038,219,1257,82.5776
第15任總統副總統,在臺南市各投開票所,臺南市,　東區,文聖里,1322,28,312,529,869,8,877,0,877,208,1085,80.8295
第15任總統副總統,在臺南市各投開票所,臺南市,　東區,文聖里,1323,42,278,507,827,8,835,0,835,199,1034,80.7544
第15任總統副總統,在臺南市各投開票所,臺南市,　東區,文聖里,1324,34,301,425,760,14,774,0,774,200,974,79.4661
第15任總統副總統,在臺南市各投開票所,臺南市,　東區,文聖里,1325,42,275,464,781,4,785,0,785,172,957,82.0272
第15任總統副總統,在臺南市各投開票所,臺南市,　東區,後甲里,1326,22,237,372,631,6,637,0,637,169,806,79.0323
第15任總統副總統,在臺南市各投開票所,臺南市,　東區,後甲里,1327,26,295,469,790,6,796,0,796,204,1000,79.6000
第15任總統副總統,在臺南市各投開票所,臺南市,　東區,後甲里,1328,19,269,476,764,9,773,0,773,239,1012,76.3834
第15任總統副總統,在臺南市各投開票所,臺南市,　東區,東光里,1329,43,344,636,1023,9,1032,0,1032,260,1292,79.8762
第15任總統副總統,在臺南市各投開票所,臺南市,　東區,東光里,1330,33,293,440,766,6,772,0,772,234,1006,76.7396
第15任總統副總統,在臺南市各投開票所,臺南市,　東區,東光里,1331,40,456,439,935,4,939,0,939,272,1211,77.5392
第15任總統副總統,在臺南市各投開票所,臺南市,　東區,東光里,1332,30,337,579,946,18,964,0,964,234,1198,80.4674
第15任總統副總統,在臺南市各投開票所,臺南市,　東區,東明里,1333,33,349,491,873,12,885,0,885,259,1144,77.3601
第15任總統副總統,在臺南市各投開票所,臺南市,　東區,東明里,1334,23,245,364,632,6,638,0,638,184,822,77.6156
第15任總統副總統,在臺南市各投開票所,臺南市,　東區,東明里,1335,22,271,406,699,4,703,0,703,190,893,78.7234
第15任總統副總統,在臺南市各投開票所,臺南市,　東區,莊敬里,1336,35,341,516,892,9,901,0,901,227,1128,79.8759
第15任總統副總統,在臺南市各投開票所,臺南市,　東區,莊敬里,1337,37,377,578,992,5,997,0,997,257,1254,79.5056
第15任總統副總統,在臺南市各投開票所,臺南市,　東區,莊敬里,1338,35,275,555,865,3,868,0,868,234,1102,78.7659
第15任總統副總統,在臺南市各投開票所,臺南市,　東區,小東里,1339,30,316,481,827,12,839,0,839,253,1092,76.8315
第15任總統副總統,在臺南市各投開票所,臺南市,　東區,小東里,1340,32,278,491,801,7,808,0,808,245,1053,76.7331
第15任總統副總統,在臺南市各投開票所,臺南市,　東區,小東里,1341,28,348,396,772,8,780,0,780,225,1005,77.6119
第15任總統副總統,在臺南市各投開票所,臺南市,　東區,小東里,1342,26,265,433,724,9,733,0,733,244,977,75.0256
第15任總統副總統,在臺南市各投開票所,臺南市,　東區,新東里,1343,40,309,499,848,8,856,0,856,221,1077,79.4800
第15任總統副總統,在臺南市各投開票所,臺南市,　東區,新東里,1344,42,372,582,996,14,1010,0,1010,279,1289,78.3553
第15任總統副總統,在臺南市各投開票所,臺南市,　東區,崇誨里,1345,33,403,450,886,7,893,0,893,249,1142,78.1961
第15任總統副總統,在臺南市各投開票所,臺南市,　東區,崇誨里,1346,30,405,516,951,4,955,0,955,279,1234,77.3906
第15任總統副總統,在臺南市各投開票所,臺南市,　東區,衛國里,1347,37,414,646,1097,17,1114,0,1114,380,1494,74.5649
第15任總統副總統,在臺南市各投開票所,臺南市,　東區,裕農里,1348,41,313,599,953,11,964,0,964,284,1248,77.2436
第15任總統副總統,在臺南市各投開票所,臺南市,　東區,裕農里,1349,52,425,739,1216,15,1231,0,1231,360,1591,77.3727
第15任總統副總統,在臺南市各投開票所,臺南市,　東區,富強里,1350,32,323,768,1123,16,1139,0,1139,280,1419,80.2678
第15任總統副總統,在臺南市各投開票所,臺南市,　東區,富強里,1351,27,352,666,1045,19,1064,0,1064,346,1410,75.4610
第15任總統副總統,在臺南市各投開票所,臺南市,　東區,富強里,1352,41,357,807,1205,8,1213,1,1214,319,1533,79.1259
第15任總統副總統,在臺南市各投開票所,臺南市,　東區,富裕里,1353,29,234,537,800,11,811,0,811,266,1077,75.3018
第15任總統副總統,在臺南市各投開票所,臺南市,　東區,富裕里,1354,35,258,540,833,6,839,0,839,226,1065,78.7793
第15任總統副總統,在臺南市各投開票所,臺南市,　東區,崇明里,1355,38,448,566,1052,11,1063,0,1063,294,1357,78.3346
第15任總統副總統,在臺南市各投開票所,臺南市,　東區,崇明里,1356,32,372,538,942,10,952,0,952,234,1186,80.2698
第15任總統副總統,在臺南市各投開票所,臺南市,　東區,崇明里,1357,31,381,638,1050,6,1056,0,1056,295,1351,78.1643
第15任總統副總統,在臺南市各投開票所,臺南市,　南區,大恩里,1138,27,265,409,701,7,708,0,708,199,907,78.0595
第15任總統副總統,在臺南市各投開票所,臺南市,　南區,大恩里,1139,31,323,586,940,3,943,0,943,285,1228,76.7915
第15任總統副總統,在臺南市各投開票所,臺南市,　南區,大恩里,1140,43,391,464,898,9,907,0,907,249,1156,78.4602
第15任總統副總統,在臺南市各投開票所,臺南市,　南區,大林里,1141,23,325,481,829,7,836,0,836,264,1100,76.0000
第15任總統副總統,在臺南市各投開票所,臺南市,　南區,大林里,1142,23,347,457,827,9,836,0,836,254,1090,76.6972
第15任總統副總統,在臺南市各投開票所,臺南市,　南區,大忠里,1143,29,274,590,893,9,902,0,902,279,1181,76.3760
第15任總統副總統,在臺南市各投開票所,臺南市,　南區,大忠里,1144,22,293,461,776,9,785,0,785,211,996,78.8153
第15任總統副總統,在臺南市各投開票所,臺南市,　南區,大忠里,1145,30,305,426,761,7,768,0,768,197,965,79.5855
第15任總統副總統,在臺南市各投開票所,臺南市,　南區,大忠里,1146,26,349,618,993,10,1003,0,1003,299,1302,77.0353
第15任總統副總統,在臺南市各投開票所,臺南市,　南區,新生里,1147,27,468,309,804,9,813,0,813,265,1078,75.4174
第15任總統副總統,在臺南市各投開票所,臺南市,　南區,新生里,1148,46,560,274,880,8,888,0,888,252,1140,77.8947
第15任總統副總統,在臺南市各投開票所,臺南市,　南區,新生里,1149,34,472,348,854,9,863,0,863,250,1113,77.5382
第15任總統副總統,在臺南市各投開票所,臺南市,　南區,竹溪里,1150,29,228,350,607,5,612,0,612,177,789,77.5665
第15任總統副總統,在臺南市各投開票所,臺南市,　南區,竹溪里,1151,30,217,370,617,5,622,0,622,180,802,77.5561
第15任總統副總統,在臺南市各投開票所,臺南市,　南區,明德里,1152,36,354,573,963,12,975,0,975,334,1309,74.4843
第15任總統副總統,在臺南市各投開票所,臺南市,　南區,大成里,1153,16,194,307,517,6,523,0,523,135,658,79.4833
第15任總統副總統,在臺南市各投開票所,臺南市,　南區,大成里,1154,9,167,412,588,10,598,0,598,167,765,78.1699
第15任總統副總統,在臺南市各投開票所,臺南市,　南區,田寮里,1155,28,227,480,735,3,738,0,738,221,959,76.9552
第15任總統副總統,在臺南市各投開票所,臺南市,　南區,田寮里,1156,36,328,581,945,12,957,0,957,213,1170,81.7949
第15任總統副總統,在臺南市各投開票所,臺南市,　南區,田寮里,1157,36,227,473,736,12,748,0,748,224,972,76.9547
第15任總統副總統,在臺南市各投開票所,臺南市,　南區,新興里,1158,12,206,415,633,8,641,0,641,225,866,74.0185
第15任總統副總統,在臺南市各投開票所,臺南市,　南區,新興里,1159,24,192,440,656,6,662,0,662,214,876,75.5708
第15任總統副總統,在臺南市各投開票所,臺南市,　南區,新興里,1160,20,208,456,684,9,693,0,693,242,935,74.1176
第15任總統副總統,在臺南市各投開票所,臺南市,　南區,再興里,1161,30,263,624,917,14,931,0,931,252,1183,78.6982
第15任總統副總統,在臺南市各投開票所,臺南市,　南區,再興里,1162,33,219,527,779,14,793,0,793,254,1047,75.7402
第15任總統副總統,在臺南市各投開票所,臺南市,　南區,廣州里,1163,28,229,623,880,6,886,0,886,220,1106,80.1085
第15任總統副總統,在臺南市各投開票所,臺南市,　南區,廣州里,1164,16,243,606,865,9,874,0,874,235,1109,78.8097
第15任總統副總統,在臺南市各投開票所,臺南市,　南區,新昌里,1165,51,245,620,916,8,924,0,924,290,1214,76.1120
第15任總統副總統,在臺南市各投開票所,臺南市,　南區,新昌里,1166,25,275,463,763,7,770,0,770,214,984,78.2520
第15任總統副總統,在臺南市各投開票所,臺南市,　南區,文華里,1167,31,240,614,885,8,893,0,893,224,1117,79.9463
第15任總統副總統,在臺南市各投開票所,臺南市,　南區,文華里,1168,24,229,551,804,4,808,0,808,227,1035,78.0676
第15任總統副總統,在臺南市各投開票所,臺南市,　南區,文華里,1169,31,287,511,829,12,841,0,841,203,1044,80.5556
第15任總統副總統,在臺南市各投開票所,臺南市,　南區,文南里,1170,19,255,587,861,5,866,0,866,270,1136,76.2324
第15任總統副總統,在臺南市各投開票所,臺南市,　南區,文南里,1171,31,277,538,846,14,860,0,860,271,1131,76.0389
第15任總統副總統,在臺南市各投開票所,臺南市,　南區,文南里,1172,38,349,696,1083,9,1092,0,1092,260,1352,80.7692
第15任總統副總統,在臺南市各投開票所,臺南市,　南區,文南里,1173,28,299,728,1055,10,1065,0,1065,289,1354,78.6558
第15任總統副總統,在臺南市各投開票所,臺南市,　南區,金華里,1174,35,266,625,926,8,934,0,934,316,1250,74.7200
第15任總統副總統,在臺南市各投開票所,臺南市,　南區,金華里,1175,37,237,657,931,10,941,0,941,316,1257,74.8608
第15任總統副總統,在臺南市各投開票所,臺南市,　南區,金華里,1176,26,269,595,890,8,898,0,898,274,1172,76.6212
第15任總統副總統,在臺南市各投開票所,臺南市,　南區,金華里,1177,32,279,631,942,12,954,0,954,262,1216,78.4539
第15任總統副總統,在臺南市各投開票所,臺南市,　南區,國宅里,1178,21,198,524,743,9,752,0,752,217,969,77.6058
第15任總統副總統,在臺南市各投開票所,臺南市,　南區,國宅里,1179,18,186,474,678,7,685,0,685,188,873,78.4651
第15任總統副總統,在臺南市各投開票所,臺南市,　南區,國宅里,1180,33,221,518,772,9,781,0,781,245,1026,76.1209
第15任總統副總統,在臺南市各投開票所,臺南市,　南區,鹽埕里,1181,17,137,510,664,8,672,0,672,216,888,75.6757
第15任總統副總統,在臺南市各投開票所,臺南市,　南區,鹽埕里,1182,12,179,435,626,2,628,0,628,179,807,77.8191
第15任總統副總統,在臺南市各投開票所,臺南市,　南區,鹽埕里,1183,31,199,594,824,3,827,0,827,209,1036,79.8263
第15任總統副總統,在臺南市各投開票所,臺南市,　南區,鹽埕里,1184,27,242,430,699,7,706,0,706,213,919,76.8226
第15任總統副總統,在臺南市各投開票所,臺南市,　南區,光明里,1185,17,148,513,678,9,687,0,687,239,926,74.1901
第15任總統副總統,在臺南市各投開票所,臺南市,　南區,光明里,1186,23,215,519,757,6,763,0,763,186,949,80.4004
第15任總統副總統,在臺南市各投開票所,臺南市,　南區,光明里,1187,34,166,664,864,9,873,0,873,273,1146,76.1780
第15任總統副總統,在臺南市各投開票所,臺南市,　南區,光明里,1188,25,230,581,836,10,846,0,846,236,1082,78.1885
第15任總統副總統,在臺南市各投開票所,臺南市,　南區,明亮里,1189,30,200,594,824,7,831,0,831,238,1069,77.7362
第15任總統副總統,在臺南市各投開票所,臺南市,　南區,明亮里,1190,43,239,552,834,10,844,0,844,240,1084,77.8598
第15任總統副總統,在臺南市各投開票所,臺南市,　南區,明亮里,1191,27,274,760,1061,12,1073,0,1073,288,1361,78.8391
第15任總統副總統,在臺南市各投開票所,臺南市,　南區,府南里,1192,47,395,831,1273,22,1295,0,1295,435,1730,74.8555
第15任總統副總統,在臺南市各投開票所,臺南市,　南區,府南里,1193,34,373,723,1130,8,1138,0,1138,369,1507,75.5143
第15任總統副總統,在臺南市各投開票所,臺南市,　南區,府南里,1194,47,298,789,1134,12,1146,0,1146,315,1461,78.4394
第15任總統副總統,在臺南市各投開票所,臺南市,　南區,明興里,1195,35,277,888,1200,19,1219,0,1219,357,1576,77.3477
第15任總統副總統,在臺南市各投開票所,臺南市,　南區,明興里,1196,59,295,918,1272,15,1287,0,1287,386,1673,76.9277
第15任總統副總統,在臺南市各投開票所,臺南市,　南區,郡南里,1197,31,308,797,1136,16,1152,0,1152,352,1504,76.5957
第15任總統副總統,在臺南市各投開票所,臺南市,　南區,郡南里,1198,49,451,1014,1514,12,1526,0,1526,431,1957,77.9765
第15任總統副總統,在臺南市各投開票所,臺南市,　南區,建南里,1199,42,280,649,971,10,981,0,981,245,1226,80.0163
第15任總統副總統,在臺南市各投開票所,臺南市,　南區,建南里,1200,25,243,600,868,9,877,0,877,215,1092,80.3114
第15任總統副總統,在臺南市各投開票所,臺南市,　南區,建南里,1201,34,258,684,976,6,982,0,982,221,1203,81.6293
第15任總統副總統,在臺南市各投開票所,臺南市,　南區,建南里,1202,41,264,822,1127,7,1134,0,1134,295,1429,79.3562
第15任總統副總統,在臺南市各投開票所,臺南市,　南區,南都里,1203,39,276,657,972,8,980,0,980,677,1657,59.1430
第15任總統副總統,在臺南市各投開票所,臺南市,　南區,南都里,1204,46,222,506,774,6,780,0,780,241,1021,76.3957
第15任總統副總統,在臺南市各投開票所,臺南市,　南區,南華里,1205,36,249,544,829,10,839,0,839,321,1160,72.3276
第15任總統副總統,在臺南市各投開票所,臺南市,　南區,南華里,1206,21,287,609,917,6,923,0,923,280,1203,76.7249
第15任總統副總統,在臺南市各投開票所,臺南市,　南區,開南里,1207,43,429,738,1210,13,1223,0,1223,382,1605,76.1994
第15任總統副總統,在臺南市各投開票所,臺南市,　南區,開南里,1208,31,229,579,839,10,849,0,849,325,1174,72.3169
第15任總統副總統,在臺南市各投開票所,臺南市,　南區,開南里,1209,38,252,662,952,10,962,0,962,330,1292,74.4582
第15任總統副總統,在臺南市各投開票所,臺南市,　南區,開南里,1210,54,293,789,1136,8,1144,0,1144,374,1518,75.3623
第15任總統副總統,在臺南市各投開票所,臺南市,　南區,彰南里,1211,22,196,453,671,9,680,0,680,219,899,75.6396
第15任總統副總統,在臺南市各投開票所,臺南市,　南區,彰南里,1212,32,140,363,535,6,541,0,541,134,675,80.1481
第15任總統副總統,在臺南市各投開票所,臺南市,　南區,鯤鯓里,1213,22,194,513,729,11,740,0,740,216,956,77.4059
第15任總統副總統,在臺南市各投開票所,臺南市,　南區,鯤鯓里,1214,19,167,373,559,6,565,0,565,201,766,73.7598
第15任總統副總統,在臺南市各投開票所,臺南市,　南區,喜北里,1215,20,187,606,813,9,822,0,822,249,1071,76.7507
第15任總統副總統,在臺南市各投開票所,臺南市,　南區,喜北里,1216,22,147,627,796,12,808,0,808,226,1034,78.1431
第15任總統副總統,在臺南市各投開票所,臺南市,　南區,喜南里,1217,15,153,742,910,5,915,0,915,287,1202,76.1231
第15任總統副總統,在臺南市各投開票所,臺南市,　南區,喜東里,1218,15,198,643,856,10,866,0,866,245,1111,77.9478
第15任總統副總統,在臺南市各投開票所,臺南市,　南區,喜東里,1219,14,116,580,710,5,715,0,715,189,904,79.0929
第15任總統副總統,在臺南市各投開票所,臺南市,　南區,省躬里,1220,31,190,744,965,8,973,0,973,303,1276,76.2539
第15任總統副總統,在臺南市各投開票所,臺南市,　南區,省躬里,1221,28,183,510,721,10,731,0,731,243,974,75.0513
第15任總統副總統,在臺南市各投開票所,臺南市,　南區,省躬里,1222,39,193,714,946,10,956,0,956,277,1233,77.5345
第15任總統副總統,在臺南市各投開票所,臺南市,　南區,永寧里,1223,13,164,569,746,11,757,0,757,202,959,78.9364
第15任總統副總統,在臺南市各投開票所,臺南市,　南區,永寧里,1224,17,117,436,570,8,578,0,578,158,736,78.5326
第15任總統副總統,在臺南市各投開票所,臺南市,　南區,松安里,1225,24,152,617,793,11,804,0,804,204,1008,79.7619
第15任總統副總統,在臺南市各投開票所,臺南市,　南區,松安里,1226,13,112,425,550,7,557,0,557,154,711,78.3404
第15任總統副總統,在臺南市各投開票所,臺南市,　南區,佛壇里,1227,19,143,714,876,7,883,0,883,236,1119,78.9097
第15任總統副總統,在臺南市各投開票所,臺南市,　南區,佛壇里,1228,40,193,788,1021,6,1027,0,1027,255,1282,80.1092
第15任總統副總統,在臺南市各投開票所,臺南市,　南區,同安里,1229,21,222,708,951,7,958,0,958,291,1249,76.7014
第15任總統副總統,在臺南市各投開票所,臺南市,　南區,同安里,1230,22,127,529,678,5,683,0,683,198,881,77.5255
第15任總統副總統,在臺南市各投開票所,臺南市,　南區,興農里,1231,25,128,656,809,5,814,0,814,270,1084,75.0923
第15任總統副總統,在臺南市各投開票所,臺南市,　南區,興農里,1232,55,235,823,1113,10,1123,0,1123,261,1384,81.1416
第15任總統副總統,在臺南市各投開票所,臺南市,　北區,開元里,0717,40,335,485,860,9,869,0,869,306,1175,73.9574
第15任總統副總統,在臺南市各投開票所,臺南市,　北區,開元里,0718,29,269,521,819,11,830,1,831,273,1104,75.1812
第15任總統副總統,在臺南市各投開票所,臺南市,　北區,開元里,0719,28,291,524,843,11,854,0,854,232,1086,78.6372
第15任總統副總統,在臺南市各投開票所,臺南市,　北區,元寶里,0720,42,387,687,1116,11,1127,0,1127,447,1574,71.6010
第15任總統副總統,在臺南市各投開票所,臺南市,　北區,元寶里,0721,27,194,486,707,7,714,0,714,249,963,74.1433
第15任總統副總統,在臺南市各投開票所,臺南市,　北區,元寶里,0722,35,320,632,987,13,1000,0,1000,355,1355,73.8007
第15任總統副總統,在臺南市各投開票所,臺南市,　北區,合興里,0723,53,320,618,991,10,1001,0,1001,273,1274,78.5714
第15任總統副總統,在臺南市各投開票所,臺南市,　北區,合興里,0724,29,242,509,780,13,793,0,793,244,1037,76.4706
第15任總統副總統,在臺南市各投開票所,臺南市,　北區,合興里,0725,22,283,527,832,7,839,0,839,237,1076,77.9740
第15任總統副總統,在臺南市各投開票所,臺南市,　北區,力行里,0726,34,317,520,871,10,881,0,881,276,1157,76.1452
第15任總統副總統,在臺南市各投開票所,臺南市,　北區,力行里,0727,28,355,560,943,11,954,0,954,274,1228,77.6873
第15任總統副總統,在臺南市各投開票所,臺南市,　北區,重興里,0728,33,302,441,776,8,784,0,784,207,991,79.1120
第15任總統副總統,在臺南市各投開票所,臺南市,　北區,重興里,0729,28,246,374,648,7,655,0,655,167,822,79.6837
第15任總統副總統,在臺南市各投開票所,臺南市,　北區,東興里,0730,26,377,392,795,7,802,0,802,234,1036,77.4131
第15任總統副總統,在臺南市各投開票所,臺南市,　北區,東興里,0731,25,279,428,732,4,736,0,736,185,921,79.9131
第15任總統副總統,在臺南市各投開票所,臺南市,　北區,長勝里,0732,31,377,476,884,13,897,0,897,358,1255,71.4741
第15任總統副總統,在臺南市各投開票所,臺南市,　北區,長勝里,0733,60,624,316,1000,10,1010,0,1010,329,1339,75.4294
第15任總統副總統,在臺南市各投開票所,臺南市,　北區,長勝里,0734,34,473,432,939,13,952,0,952,321,1273,74.7840
第15任總統副總統,在臺南市各投開票所,臺南市,　北區,振興里,0735,17,250,437,704,10,714,0,714,221,935,76.3636
第15任總統副總統,在臺南市各投開票所,臺南市,　北區,振興里,0736,36,240,439,715,14,729,0,729,247,976,74.6926
第15任總統副總統,在臺南市各投開票所,臺南市,　北區,仁愛里,0737,27,281,471,779,8,787,0,787,209,996,79.0161
第15任總統副總統,在臺南市各投開票所,臺南市,　北區,仁愛里,0738,30,272,481,783,8,791,0,791,230,1021,77.4731
第15任總統副總統,在臺南市各投開票所,臺南市,　北區,中樓里,0739,42,359,651,1052,20,1072,0,1072,361,1433,74.8081
第15任總統副總統,在臺南市各投開票所,臺南市,　北區,永祥里,0740,47,419,662,1128,10,1138,0,1138,353,1491,76.3246
第15任總統副總統,在臺南市各投開票所,臺南市,　北區,永祥里,0741,50,392,699,1141,8,1149,0,1149,347,1496,76.8048
第15任總統副總統,在臺南市各投開票所,臺南市,　北區,北門里,0742,31,340,380,751,13,764,0,764,235,999,76.4765
第15任總統副總統,在臺南市各投開票所,臺南市,　北區,北門里,0743,34,335,419,788,8,796,0,796,229,1025,77.6585
第15任總統副總統,在臺南市各投開票所,臺南市,　北區,北門里,0744,27,215,498,740,8,748,0,748,227,975,76.7179
第15任總統副總統,在臺南市各投開票所,臺南市,　北區,北門里,0745,26,237,503,766,7,773,1,774,248,1022,75.6360
第15任總統副總統,在臺南市各投開票所,臺南市,　北區,北門里,0746,30,229,578,837,10,847,0,847,296,1143,74.1032
第15任總統副總統,在臺南市各投開票所,臺南市,　北區,大光里,0747,45,545,358,948,4,952,0,952,343,1295,73.5135
第15任總統副總統,在臺南市各投開票所,臺南市,　北區,大光里,0748,29,492,236,757,5,762,0,762,268,1030,73.9806
第15任總統副總統,在臺南市各投開票所,臺南市,　北區,大光里,0749,31,513,418,962,11,973,0,973,364,1337,72.7749
第15任總統副總統,在臺南市各投開票所,臺南市,　北區,大光里,0750,39,237,586,862,10,872,0,872,245,1117,78.0662
第15任總統副總統,在臺南市各投開票所,臺南市,　北區,大興里,0751,34,226,438,698,6,704,0,704,252,956,73.6402
第15任總統副總統,在臺南市各投開票所,臺南市,　北區,大興里,0752,30,279,449,758,6,764,0,764,231,995,76.7839
第15任總統副總統,在臺南市各投開票所,臺南市,　北區,大興里,0753,29,257,408,694,11,705,0,705,292,997,70.7121
第15任總統副總統,在臺南市各投開票所,臺南市,　北區,公園里,0754,24,277,304,605,11,616,0,616,245,861,71.5447
第15任總統副總統,在臺南市各投開票所,臺南市,　北區,公園里,0755,29,229,406,664,6,670,0,670,256,926,72.3542
第15任總統副總統,在臺南市各投開票所,臺南市,　北區,北華里,0756,24,249,652,925,11,936,0,936,319,1255,74.5817
第15任總統副總統,在臺南市各投開票所,臺南市,　北區,北華里,0757,28,277,622,927,13,940,0,940,314,1254,74.9601
第15任總統副總統,在臺南市各投開票所,臺南市,　北區,北華里,0758,36,222,490,748,14,762,0,762,762,1524,50.0000
第15任總統副總統,在臺南市各投開票所,臺南市,　北區,長興里,0759,30,288,655,973,7,980,0,980,306,1286,76.2053
第15任總統副總統,在臺南市各投開票所,臺南市,　北區,長興里,0760,46,316,668,1030,8,1038,0,1038,385,1423,72.9445
第15任總統副總統,在臺南市各投開票所,臺南市,　北區,小北里,0761,32,202,491,725,11,736,0,736,221,957,76.9070
第15任總統副總統,在臺南市各投開票所,臺南市,　北區,小北里,0762,16,159,466,641,6,647,0,647,210,857,75.4959
第15任總統副總統,在臺南市各投開票所,臺南市,　北區,小北里,0763,30,242,424,696,9,705,0,705,223,928,75.9698
第15任總統副總統,在臺南市各投開票所,臺南市,　北區,小北里,0764,41,255,541,837,10,847,0,847,269,1116,75.8961
第15任總統副總統,在臺南市各投開票所,臺南市,　北區,正覺里,0765,37,199,583,819,4,823,0,823,262,1085,75.8525
第15任總統副總統,在臺南市各投開票所,臺南市,　北區,正覺里,0766,36,183,524,743,5,748,0,748,200,948,78.9030
第15任總統副總統,在臺南市各投開票所,臺南市,　北區,正覺里,0767,39,201,574,814,13,827,0,827,251,1078,76.7161
第15任總統副總統,在臺南市各投開票所,臺南市,　北區,成功里,0768,41,295,836,1172,5,1177,0,1177,320,1497,78.6239
第15任總統副總統,在臺南市各投開票所,臺南市,　北區,成功里,0769,43,346,763,1152,14,1166,0,1166,310,1476,78.9973
第15任總統副總統,在臺南市各投開票所,臺南市,　北區,成功里,0770,50,282,690,1022,7,1029,0,1029,309,1338,76.9058
第15任總統副總統,在臺南市各投開票所,臺南市,　北區,華德里,0771,32,261,528,821,8,829,0,829,238,1067,77.6945
第15任總統副總統,在臺南市各投開票所,臺南市,　北區,華德里,0772,34,263,645,942,11,953,0,953,268,1221,78.0508
第15任總統副總統,在臺南市各投開票所,臺南市,　北區,華德里,0773,28,201,521,750,8,758,0,758,171,929,81.5931
第15任總統副總統,在臺南市各投開票所,臺南市,　北區,福德里,0774,21,262,485,768,4,772,0,772,172,944,81.7797
第15任總統副總統,在臺南市各投開票所,臺南市,　北區,福德里,0775,36,248,550,834,9,843,0,843,248,1091,77.2686
第15任總統副總統,在臺南市各投開票所,臺南市,　北區,福德里,0776,40,235,546,821,15,836,0,836,203,1039,80.4620
第15任總統副總統,在臺南市各投開票所,臺南市,　北區,福德里,0777,25,244,598,867,11,878,0,878,218,1096,80.1095
第15任總統副總統,在臺南市各投開票所,臺南市,　北區,成德里,0778,29,267,567,863,6,869,0,869,257,1126,77.1758
第15任總統副總統,在臺南市各投開票所,臺南市,　北區,成德里,0779,41,248,548,837,9,846,0,846,229,1075,78.6977
第15任總統副總統,在臺南市各投開票所,臺南市,　北區,成德里,0780,35,243,567,845,5,850,0,850,239,1089,78.0533
第15任總統副總統,在臺南市各投開票所,臺南市,　北區,成德里,0781,31,234,411,676,3,679,0,679,183,862,78.7703
第15任總統副總統,在臺南市各投開票所,臺南市,　北區,和順里,0782,43,311,576,930,12,942,0,942,299,1241,75.9065
第15任總統副總統,在臺南市各投開票所,臺南市,　北區,和順里,0783,42,255,512,809,7,816,0,816,241,1057,77.1996
第15任總統副總統,在臺南市各投開票所,臺南市,　北區,和順里,0784,44,318,633,995,9,1004,0,1004,253,1257,79.8727
第15任總統副總統,在臺南市各投開票所,臺南市,　北區,和順里,0785,32,256,608,896,5,901,0,901,252,1153,78.1440
第15任總統副總統,在臺南市各投開票所,臺南市,　北區,立人里,0786,39,280,707,1026,16,1042,0,1042,335,1377,75.6718
第15任總統副總統,在臺南市各投開票所,臺南市,　北區,立人里,0787,22,260,601,883,6,889,0,889,242,1131,78.6030
第15任總統副總統,在臺南市各投開票所,臺南市,　北區,雙安里,0788,30,281,484,795,7,802,0,802,240,1042,76.9674
第15任總統副總統,在臺南市各投開票所,臺南市,　北區,雙安里,0789,49,301,578,928,8,936,0,936,233,1169,80.0684
第15任總統副總統,在臺南市各投開票所,臺南市,　北區,文成里,0790,31,244,502,777,8,785,0,785,207,992,79.1331
第15任總統副總統,在臺南市各投開票所,臺南市,　北區,文成里,0791,29,188,494,711,8,719,0,719,206,925,77.7297
第15任總統副總統,在臺南市各投開票所,臺南市,　北區,文成里,0792,38,219,475,732,11,743,0,743,208,951,78.1283
第15任總統副總統,在臺南市各投開票所,臺南市,　北區,元美里,0793,29,240,518,787,14,801,0,801,181,982,81.5682
第15任總統副總統,在臺南市各投開票所,臺南市,　北區,元美里,0794,29,197,465,691,10,701,0,701,193,894,78.4116
第15任總統副總統,在臺南市各投開票所,臺南市,　北區,元美里,0795,36,187,562,785,3,788,0,788,196,984,80.0813
第15任總統副總統,在臺南市各投開票所,臺南市,　北區,文元里,0796,22,183,562,767,9,776,0,776,215,991,78.3047
第15任總統副總統,在臺南市各投開票所,臺南市,　北區,文元里,0797,29,248,632,909,10,919,0,919,288,1207,76.1392
第15任總統副總統,在臺南市各投開票所,臺南市,　北區,文元里,0798,34,211,562,807,6,813,0,813,234,1047,77.6504
第15任總統副總統,在臺南市各投開票所,臺南市,　北區,大和里,0799,29,211,693,933,11,944,0,944,282,1226,76.9984
第15任總統副總統,在臺南市各投開票所,臺南市,　北區,大和里,0800,38,251,664,953,6,959,0,959,216,1175,81.6170
第15任總統副總統,在臺南市各投開票所,臺南市,　北區,大和里,0801,28,218,635,881,12,893,0,893,275,1168,76.4555
第15任總統副總統,在臺南市各投開票所,臺南市,　北區,大港里,0802,24,177,513,714,8,722,0,722,170,892,80.9417
第15任總統副總統,在臺南市各投開票所,臺南市,　北區,大港里,0803,18,192,490,700,7,707,0,707,208,915,77.2678
第15任總統副總統,在臺南市各投開票所,臺南市,　北區,大港里,0804,35,217,535,787,5,792,0,792,225,1017,77.8761
第15任總統副總統,在臺南市各投開票所,臺南市,　北區,大港里,0805,38,294,517,849,6,855,0,855,254,1109,77.0965
第15任總統副總統,在臺南市各投開票所,臺南市,　北區,大港里,0806,37,307,642,986,6,992,0,992,296,1288,77.0186
第15任總統副總統,在臺南市各投開票所,臺南市,　北區,大豐里,0807,21,199,534,754,6,760,0,760,277,1037,73.2883
第15任總統副總統,在臺南市各投開票所,臺南市,　北區,大豐里,0808,29,204,524,757,4,761,0,761,257,1018,74.7544
第15任總統副總統,在臺南市各投開票所,臺南市,　北區,大豐里,0809,24,224,517,765,7,772,0,772,212,984,78.4553
第15任總統副總統,在臺南市各投開票所,臺南市,　北區,大豐里,0810,40,212,632,884,15,899,0,899,256,1155,77.8355
第15任總統副總統,在臺南市各投開票所,臺南市,　北區,賢北里,0811,33,234,615,882,13,895,0,895,224,1119,79.9821
第15任總統副總統,在臺南市各投開票所,臺南市,　北區,賢北里,0812,35,293,618,946,8,954,0,954,299,1253,76.1373
第15任總統副總統,在臺南市各投開票所,臺南市,　北區,賢北里,0813,36,235,638,909,12,921,0,921,193,1114,82.6750
第15任總統副總統,在臺南市各投開票所,臺南市,　安南區,東和里,0586,39,239,662,940,13,953,0,953,287,1240,76.8548
第15任總統副總統,在臺南市各投開票所,臺南市,　安南區,東和里,0587,60,264,754,1078,9,1087,0,1087,271,1358,80.0442
第15任總統副總統,在臺南市各投開票所,臺南市,　安南區,塭南里,0588,46,307,922,1275,16,1291,0,1291,387,1678,76.9368
第15任總統副總統,在臺南市各投開票所,臺南市,　安南區,塭南里,0589,43,250,807,1100,10,1110,0,1110,272,1382,80.3184
第15任總統副總統,在臺南市各投開票所,臺南市,　安南區,塭南里,0590,35,284,729,1048,7,1055,0,1055,287,1342,78.6140
第15任總統副總統,在臺南市各投開票所,臺南市,　安南區,州南里,0591,44,206,634,884,7,891,0,891,259,1150,77.4783
第15任總統副總統,在臺南市各投開票所,臺南市,　安南區,州南里,0592,25,228,734,987,10,997,0,997,265,1262,79.0016
第15任總統副總統,在臺南市各投開票所,臺南市,　安南區,州南里,0593,25,313,647,985,10,995,0,995,290,1285,77.4319
第15任總統副總統,在臺南市各投開票所,臺南市,　安南區,州南里,0594,29,215,605,849,5,854,0,854,277,1131,75.5084
第15任總統副總統,在臺南市各投開票所,臺南市,　安南區,州北里,0595,33,246,641,920,14,934,0,934,286,1220,76.5574
第15任總統副總統,在臺南市各投開票所,臺南市,　安南區,州北里,0596,30,192,625,847,14,861,0,861,207,1068,80.6180
第15任總統副總統,在臺南市各投開票所,臺南市,　安南區,州北里,0597,37,176,645,858,7,865,0,865,271,1136,76.1444
第15任總統副總統,在臺南市各投開票所,臺南市,　安南區,州北里,0598,34,209,500,743,10,753,0,753,211,964,78.1120
第15任總統副總統,在臺南市各投開票所,臺南市,　安南區,安順里,0599,42,266,705,1013,13,1026,0,1026,365,1391,73.7599
第15任總統副總統,在臺南市各投開票所,臺南市,　安南區,安順里,0600,44,337,852,1233,9,1242,0,1242,365,1607,77.2869
第15任總統副總統,在臺南市各投開票所,臺南市,　安南區,安順里,0601,37,311,892,1240,10,1250,0,1250,276,1526,81.9135
第15任總統副總統,在臺南市各投開票所,臺南市,　安南區,新順里,0602,28,269,604,901,10,911,0,911,274,1185,76.8776
第15任總統副總統,在臺南市各投開票所,臺南市,　安南區,新順里,0603,35,240,680,955,8,963,0,963,312,1275,75.5294
第15任總統副總統,在臺南市各投開票所,臺南市,　安南區,新順里,0604,48,267,652,967,5,972,0,972,254,1226,79.2822
第15任總統副總統,在臺南市各投開票所,臺南市,　安南區,新順里,0605,31,194,586,811,10,821,0,821,265,1086,75.5985
第15任總統副總統,在臺南市各投開票所,臺南市,　安南區,新順里,0606,34,235,555,824,6,830,0,830,213,1043,79.5781
第15任總統副總統,在臺南市各投開票所,臺南市,　安南區,頂安里,0607,41,201,621,863,3,866,0,866,262,1128,76.7730
第15任總統副總統,在臺南市各投開票所,臺南市,　安南區,頂安里,0608,34,204,574,812,9,821,0,821,223,1044,78.6398
第15任總統副總統,在臺南市各投開票所,臺南市,　安南區,頂安里,0609,31,115,727,873,14,887,0,887,265,1152,76.9965
第15任總統副總統,在臺南市各投開票所,臺南市,　安南區,頂安里,0610,32,218,624,874,3,877,0,877,217,1094,80.1645
第15任總統副總統,在臺南市各投開票所,臺南市,　安南區,安慶里,0611,38,245,823,1106,10,1116,0,1116,339,1455,76.7010
第15任總統副總統,在臺南市各投開票所,臺南市,　安南區,安慶里,0612,47,238,807,1092,9,1101,0,1101,345,1446,76.1411
第15任總統副總統,在臺南市各投開票所,臺南市,　安南區,安慶里,0613,35,264,824,1123,18,1141,0,1141,359,1500,76.0667
第15任總統副總統,在臺南市各投開票所,臺南市,　安南區,安慶里,0614,41,264,849,1154,9,1163,0,1163,304,1467,79.2774
第15任總統副總統,在臺南市各投開票所,臺南市,　安南區,溪北里,0615,32,224,640,896,7,903,0,903,247,1150,78.5217
第15任總統副總統,在臺南市各投開票所,臺南市,　安南區,溪北里,0616,54,326,837,1217,12,1229,0,1229,328,1557,78.9338
第15任總統副總統,在臺南市各投開票所,臺南市,　安南區,安和里,0617,24,208,584,816,12,828,0,828,272,1100,75.2727
第15任總統副總統,在臺南市各投開票所,臺南市,　安南區,安和里,0618,20,185,529,734,11,745,0,745,251,996,74.7992
第15任總統副總統,在臺南市各投開票所,臺南市,　安南區,安西里,0619,31,201,652,884,6,890,0,890,260,1150,77.3913
第15任總統副總統,在臺南市各投開票所,臺南市,　安南區,安西里,0620,27,221,670,918,8,926,0,926,238,1164,79.5533
第15任總統副總統,在臺南市各投開票所,臺南市,　安南區,安西里,0621,35,254,608,897,12,909,0,909,225,1134,80.1587
第15任總統副總統,在臺南市各投開票所,臺南市,　安南區,溪頂里,0622,37,278,735,1050,14,1064,0,1064,308,1372,77.5510
第15任總統副總統,在臺南市各投開票所,臺南市,　安南區,溪頂里,0623,38,335,850,1223,11,1234,0,1234,351,1585,77.8549
第15任總統副總統,在臺南市各投開票所,臺南市,　安南區,溪頂里,0624,40,288,706,1034,9,1043,0,1043,279,1322,78.8956
第15任總統副總統,在臺南市各投開票所,臺南市,　安南區,安東里,0625,46,250,791,1087,23,1110,0,1110,316,1426,77.8401
第15任總統副總統,在臺南市各投開票所,臺南市,　安南區,安東里,0626,32,211,752,995,11,1006,0,1006,280,1286,78.2271
第15任總統副總統,在臺南市各投開票所,臺南市,　安南區,鳳凰里,0627,31,313,757,1101,10,1111,0,1111,413,1524,72.9003
第15任總統副總統,在臺南市各投開票所,臺南市,　安南區,鳳凰里,0628,37,278,747,1062,6,1068,0,1068,391,1459,73.2008
第15任總統副總統,在臺南市各投開票所,臺南市,　安南區,鳳凰里,0629,45,263,672,980,9,989,0,989,336,1325,74.6415
第15任總統副總統,在臺南市各投開票所,臺南市,　安南區,梅花里,0630,26,224,508,758,8,766,0,766,283,1049,73.0219
第15任總統副總統,在臺南市各投開票所,臺南市,　安南區,梅花里,0631,26,178,584,788,4,792,0,792,202,994,79.6781
第15任總統副總統,在臺南市各投開票所,臺南市,　安南區,梅花里,0632,22,155,450,627,12,639,0,639,280,919,69.5321
第15任總統副總統,在臺南市各投開票所,臺南市,　安南區,梅花里,0633,27,181,509,717,14,731,0,731,220,951,76.8665
第15任總統副總統,在臺南市各投開票所,臺南市,　安南區,理想里,0634,28,184,620,832,10,842,0,842,258,1100,76.5455
第15任總統副總統,在臺南市各投開票所,臺南市,　安南區,理想里,0635,27,222,613,862,2,864,0,864,222,1086,79.5580
第15任總統副總統,在臺南市各投開票所,臺南市,　安南區,理想里,0636,41,241,676,958,9,967,0,967,272,1239,78.0468
第15任總統副總統,在臺南市各投開票所,臺南市,　安南區,理想里,0637,32,190,547,769,5,774,0,774,229,1003,77.1685
第15任總統副總統,在臺南市各投開票所,臺南市,　安南區,海東里,0638,50,253,665,968,5,973,0,973,326,1299,74.9038
第15任總統副總統,在臺南市各投開票所,臺南市,　安南區,海東里,0639,41,241,778,1060,7,1067,0,1067,356,1423,74.9824
第15任總統副總統,在臺南市各投開票所,臺南市,　安南區,海東里,0640,29,213,670,912,4,916,0,916,368,1284,71.3396
第15任總統副總統,在臺南市各投開票所,臺南市,　安南區,海東里,0641,33,233,740,1006,3,1009,0,1009,356,1365,73.9194
第15任總統副總統,在臺南市各投開票所,臺南市,　安南區,大安里,0642,33,251,558,842,9,851,0,851,231,1082,78.6506
第15任總統副總統,在臺南市各投開票所,臺南市,　安南區,大安里,0643,33,221,662,916,7,923,0,923,277,1200,76.9167
第15任總統副總統,在臺南市各投開票所,臺南市,　安南區,大安里,0644,30,228,734,992,20,1012,0,1012,283,1295,78.1467
第15任總統副總統,在臺南市各投開票所,臺南市,　安南區,原佃里,0645,39,204,625,868,8,876,0,876,265,1141,76.7748
第15任總統副總統,在臺南市各投開票所,臺南市,　安南區,原佃里,0646,32,184,495,711,9,720,0,720,245,965,74.6114
第15任總統副總統,在臺南市各投開票所,臺南市,　安南區,長安里,0647,34,240,693,967,4,971,0,971,327,1298,74.8074
第15任總統副總統,在臺南市各投開票所,臺南市,　安南區,長安里,0648,36,179,576,791,9,800,0,800,260,1060,75.4717
第15任總統副總統,在臺南市各投開票所,臺南市,　安南區,長安里,0649,26,179,589,794,4,798,0,798,259,1057,75.4967
第15任總統副總統,在臺南市各投開票所,臺南市,　安南區,長安里,0650,43,174,591,808,6,814,0,814,290,1104,73.7319
第15任總統副總統,在臺南市各投開票所,臺南市,　安南區,公親里,0651,31,186,648,865,12,877,0,877,262,1139,76.9974
第15任總統副總統,在臺南市各投開票所,臺南市,　安南區,布袋里,0652,37,316,766,1119,6,1125,0,1125,351,1476,76.2195
第15任總統副總統,在臺南市各投開票所,臺南市,　安南區,總頭里,0653,29,136,512,677,13,690,0,690,239,929,74.2734
第15任總統副總統,在臺南市各投開票所,臺南市,　安南區,總頭里,0654,17,171,465,653,6,659,0,659,204,863,76.3615
第15任總統副總統,在臺南市各投開票所,臺南市,　安南區,南興里,0655,27,138,456,621,7,628,0,628,192,820,76.5854
第15任總統副總統,在臺南市各投開票所,臺南市,　安南區,南興里,0656,24,128,500,652,7,659,0,659,268,927,71.0895
第15任總統副總統,在臺南市各投開票所,臺南市,　安南區,學東里,0657,19,219,575,813,8,821,0,821,380,1201,68.3597
第15任總統副總統,在臺南市各投開票所,臺南市,　安南區,學東里,0658,27,168,591,786,5,791,0,791,286,1077,73.4448
第15任總統副總統,在臺南市各投開票所,臺南市,　安南區,公塭里,0659,17,164,577,758,7,765,0,765,181,946,80.8668
第15任總統副總統,在臺南市各投開票所,臺南市,　安南區,佃東里,0660,26,192,533,751,8,759,0,759,266,1025,74.0488
第15任總統副總統,在臺南市各投開票所,臺南市,　安南區,佃東里,0661,25,188,523,736,10,746,0,746,267,1013,73.6426
第15任總統副總統,在臺南市各投開票所,臺南市,　安南區,佃東里,0662,48,245,635,928,13,941,0,941,323,1264,74.4462
第15任總統副總統,在臺南市各投開票所,臺南市,　安南區,佃西里,0663,37,142,510,689,11,700,0,700,254,954,73.3753
第15任總統副總統,在臺南市各投開票所,臺南市,　安南區,佃西里,0664,18,168,540,726,12,738,0,738,260,998,73.9479
第15任總統副總統,在臺南市各投開票所,臺南市,　安南區,淵西里,0665,23,277,748,1048,21,1069,0,1069,358,1427,74.9124
第15任總統副總統,在臺南市各投開票所,臺南市,　安南區,淵西里,0666,51,299,1046,1396,13,1409,0,1409,464,1873,75.2269
第15任總統副總統,在臺南市各投開票所,臺南市,　安南區,海西里,0667,44,271,766,1081,13,1094,0,1094,344,1438,76.0779
第15任總統副總統,在臺南市各投開票所,臺南市,　安南區,海西里,0668,28,272,626,926,14,940,0,940,328,1268,74.1325
第15任總統副總統,在臺南市各投開票所,臺南市,　安南區,溪心里,0669,36,236,651,923,7,930,0,930,362,1292,71.9814
第15任總統副總統,在臺南市各投開票所,臺南市,　安南區,溪心里,0670,34,250,656,940,11,951,0,951,288,1239,76.7554
第15任總統副總統,在臺南市各投開票所,臺南市,　安南區,溪心里,0671,34,208,653,895,16,911,0,911,314,1225,74.3673
第15任總統副總統,在臺南市各投開票所,臺南市,　安南區,溪心里,0672,35,217,656,908,6,914,0,914,329,1243,73.5318
第15任總統副總統,在臺南市各投開票所,臺南市,　安南區,溪心里,0673,33,278,618,929,10,939,0,939,264,1203,78.0549
第15任總統副總統,在臺南市各投開票所,臺南市,　安南區,溪心里,0674,19,139,383,541,3,544,0,544,669,1213,44.8475
第15任總統副總統,在臺南市各投開票所,臺南市,　安南區,淵東里,0675,32,216,853,1101,20,1121,0,1121,373,1494,75.0335
第15任總統副總統,在臺南市各投開票所,臺南市,　安南區,淵東里,0676,33,248,746,1027,10,1037,1,1038,411,1449,71.5666
第15任總統副總統,在臺南市各投開票所,臺南市,　安南區,淵東里,0677,36,317,801,1154,10,1164,0,1164,350,1514,76.8824
第15任總統副總統,在臺南市各投開票所,臺南市,　安南區,淵中里,0678,22,206,467,695,3,698,0,698,225,923,75.6230
第15任總統副總統,在臺南市各投開票所,臺南市,　安南區,淵中里,0679,26,200,646,872,5,877,0,877,304,1181,74.2591
第15任總統副總統,在臺南市各投開票所,臺南市,　安南區,淵中里,0680,36,196,621,853,11,864,0,864,260,1124,76.8683
第15任總統副總統,在臺南市各投開票所,臺南市,　安南區,溪墘里,0681,41,300,865,1206,9,1215,0,1215,343,1558,77.9846
第15任總統副總統,在臺南市各投開票所,臺南市,　安南區,溪墘里,0682,35,264,817,1116,11,1127,0,1127,312,1439,78.3183
第15任總統副總統,在臺南市各投開票所,臺南市,　安南區,海佃里,0683,24,235,763,1022,16,1038,0,1038,301,1339,77.5205
第15任總統副總統,在臺南市各投開票所,臺南市,　安南區,海佃里,0684,41,244,770,1055,8,1063,0,1063,318,1381,76.9732
第15任總統副總統,在臺南市各投開票所,臺南市,　安南區,海佃里,0685,44,269,805,1118,12,1130,0,1130,297,1427,79.1871
第15任總統副總統,在臺南市各投開票所,臺南市,　安南區,國安里,0686,32,216,597,845,12,857,0,857,238,1095,78.2648
第15任總統副總統,在臺南市各投開票所,臺南市,　安南區,國安里,0687,37,209,633,879,9,888,0,888,213,1101,80.6540
第15任總統副總統,在臺南市各投開票所,臺南市,　安南區,溪東里,0688,30,178,534,742,7,749,0,749,176,925,80.9730
第15任總統副總統,在臺南市各投開票所,臺南市,　安南區,溪東里,0689,31,198,525,754,8,762,0,762,227,989,77.0475
第15任總統副總統,在臺南市各投開票所,臺南市,　安南區,溪東里,0690,26,213,518,757,8,765,0,765,223,988,77.4291
第15任總統副總統,在臺南市各投開票所,臺南市,　安南區,溪東里,0691,36,199,440,675,8,683,0,683,201,884,77.2624
第15任總統副總統,在臺南市各投開票所,臺南市,　安南區,安富里,0692,28,143,547,718,9,727,0,727,277,1004,72.4104
第15任總統副總統,在臺南市各投開票所,臺南市,　安南區,安富里,0693,30,222,649,901,12,913,0,913,272,1185,77.0464
第15任總統副總統,在臺南市各投開票所,臺南市,　安南區,安富里,0694,33,222,596,851,11,862,0,862,277,1139,75.6804
第15任總統副總統,在臺南市各投開票所,臺南市,　安南區,安富里,0695,26,172,602,800,5,805,0,805,283,1088,73.9890
第15任總統副總統,在臺南市各投開票所,臺南市,　安南區,安富里,0696,23,173,500,696,8,704,0,704,217,921,76.4387
第15任總統副總統,在臺南市各投開票所,臺南市,　安南區,幸福里,0697,27,192,619,838,19,857,0,857,250,1107,77.4164
第15任總統副總統,在臺南市各投開票所,臺南市,　安南區,幸福里,0698,34,206,665,905,11,916,0,916,266,1182,77.4958
第15任總統副總統,在臺南市各投開票所,臺南市,　安南區,幸福里,0699,32,192,731,955,5,960,0,960,254,1214,79.0774
第15任總統副總統,在臺南市各投開票所,臺南市,　安南區,海南里,0700,26,135,513,674,7,681,0,681,211,892,76.3453
第15任總統副總統,在臺南市各投開票所,臺南市,　安南區,海南里,0701,28,225,569,822,8,830,1,831,218,1049,79.1230
第15任總統副總統,在臺南市各投開票所,臺南市,　安南區,城東里,0702,51,286,719,1056,12,1068,0,1068,475,1543,69.2158
第15任總統副總統,在臺南市各投開票所,臺南市,　安南區,城南里,0703,21,92,520,633,2,635,0,635,215,850,74.7059
第15任總統副總統,在臺南市各投開票所,臺南市,　安南區,城南里,0704,21,191,463,675,13,688,0,688,280,968,71.0744
第15任總統副總統,在臺南市各投開票所,臺南市,　安南區,城南里,0705,28,224,636,888,9,897,0,897,322,1219,73.5849
第15任總統副總統,在臺南市各投開票所,臺南市,　安南區,青草里,0706,37,211,727,975,11,986,0,986,451,1437,68.6152
第15任總統副總統,在臺南市各投開票所,臺南市,　安南區,城西里,0707,39,229,755,1023,7,1030,0,1030,333,1363,75.5686
第15任總統副總統,在臺南市各投開票所,臺南市,　安南區,城北里,0708,38,257,800,1095,18,1113,0,1113,372,1485,74.9495
第15任總統副總統,在臺南市各投開票所,臺南市,　安南區,城中里,0709,39,241,519,799,10,809,0,809,207,1016,79.6260
第15任總統副總統,在臺南市各投開票所,臺南市,　安南區,砂崙里,0710,14,91,360,465,3,468,0,468,117,585,80.0000
第15任總統副總統,在臺南市各投開票所,臺南市,　安南區,砂崙里,0711,22,100,366,488,4,492,0,492,182,674,72.9970
第15任總統副總統,在臺南市各投開票所,臺南市,　安南區,顯宮里,0712,35,295,691,1021,8,1029,0,1029,383,1412,72.8754
第15任總統副總統,在臺南市各投開票所,臺南市,　安南區,鹿耳里,0713,31,206,415,652,13,665,0,665,238,903,73.6434
第15任總統副總統,在臺南市各投開票所,臺南市,　安南區,四草里,0714,19,244,456,719,10,729,0,729,231,960,75.9375
第15任總統副總統,在臺南市各投開票所,臺南市,　安南區,四草里,0715,12,167,437,616,8,624,0,624,218,842,74.1093
第15任總統副總統,在臺南市各投開票所,臺南市,　安南區,塩田里,0716,37,397,701,1135,14,1149,0,1149,335,1484,77.4259
第15任總統副總統,在臺南市各投開票所,臺南市,　安平區,文平里,1038,28,293,565,886,10,896,0,896,234,1130,79.2920
第15任總統副總統,在臺南市各投開票所,臺南市,　安平區,文平里,1039,37,262,564,863,11,874,0,874,241,1115,78.3857
第15任總統副總統,在臺南市各投開票所,臺南市,　安平區,文平里,1040,31,328,636,995,8,1003,0,1003,287,1290,77.7519
第15任總統副總統,在臺南市各投開票所,臺南市,　安平區,文平里,1041,50,349,641,1040,12,1052,0,1052,284,1336,78.7425
第15任總統副總統,在臺南市各投開票所,臺南市,　安平區,建平里,1042,29,295,555,879,8,887,0,887,304,1191,74.4752
第15任總統副總統,在臺南市各投開票所,臺南市,　安平區,建平里,1043,33,288,571,892,18,910,0,910,236,1146,79.4066
第15任總統副總統,在臺南市各投開票所,臺南市,　安平區,建平里,1044,27,242,649,918,15,933,0,933,311,1244,75.0000
第15任總統副總統,在臺南市各投開票所,臺南市,　安平區,建平里,1045,42,317,668,1027,11,1038,0,1038,295,1333,77.8695
第15任總統副總統,在臺南市各投開票所,臺南市,　安平區,怡平里,1046,47,335,619,1001,15,1016,0,1016,424,1440,70.5556
第15任總統副總統,在臺南市各投開票所,臺南市,　安平區,怡平里,1047,33,303,673,1009,14,1023,0,1023,336,1359,75.2759
第15任總統副總統,在臺南市各投開票所,臺南市,　安平區,怡平里,1048,38,302,643,983,13,996,0,996,288,1284,77.5701
第15任總統副總統,在臺南市各投開票所,臺南市,　安平區,華平里,1049,29,311,527,867,6,873,0,873,249,1122,77.8075
第15任總統副總統,在臺南市各投開票所,臺南市,　安平區,華平里,1050,32,267,563,862,6,868,0,868,345,1213,71.5581
第15任總統副總統,在臺南市各投開票所,臺南市,　安平區,華平里,1051,32,273,549,854,7,861,0,861,290,1151,74.8045
第15任總統副總統,在臺南市各投開票所,臺南市,　安平區,華平里,1052,27,286,584,897,13,910,0,910,255,1165,78.1116
第15任總統副總統,在臺南市各投開票所,臺南市,　安平區,平通里,1053,27,297,665,989,13,1002,0,1002,394,1396,71.7765
第15任總統副總統,在臺南市各投開票所,臺南市,　安平區,平通里,1054,39,351,650,1040,12,1052,0,1052,350,1402,75.0357
第15任總統副總統,在臺南市各投開票所,臺南市,　安平區,平通里,1055,31,289,487,807,7,814,0,814,459,1273,63.9434
第15任總統副總統,在臺南市各投開票所,臺南市,　安平區,平通里,1056,32,316,695,1043,8,1051,0,1051,367,1418,74.1185
第15任總統副總統,在臺南市各投開票所,臺南市,　安平區,平通里,1057,57,312,662,1031,17,1048,0,1048,364,1412,74.2210
第15任總統副總統,在臺南市各投開票所,臺南市,　安平區,億載里,1058,41,334,678,1053,14,1067,0,1067,332,1399,76.2688
第15任總統副總統,在臺南市各投開票所,臺南市,　安平區,億載里,1059,60,342,692,1094,13,1107,0,1107,308,1415,78.2332
第15任總統副總統,在臺南市各投開票所,臺南市,　安平區,育平里,1060,41,260,594,895,8,903,0,903,289,1192,75.7550
第15任總統副總統,在臺南市各投開票所,臺南市,　安平區,育平里,1061,36,356,545,937,9,946,0,946,311,1257,75.2586
第15任總統副總統,在臺南市各投開票所,臺南市,　安平區,育平里,1062,30,326,516,872,8,880,0,880,362,1242,70.8535
第15任總統副總統,在臺南市各投開票所,臺南市,　安平區,育平里,1063,34,315,565,914,8,922,0,922,294,1216,75.8224
第15任總統副總統,在臺南市各投開票所,臺南市,　安平區,育平里,1064,38,295,613,946,14,960,0,960,320,1280,75.0000
第15任總統副總統,在臺南市各投開票所,臺南市,　安平區,育平里,1065,40,319,552,911,9,920,0,920,357,1277,72.0439
第15任總統副總統,在臺南市各投開票所,臺南市,　安平區,國平里,1066,42,363,763,1168,12,1180,0,1180,296,1476,79.9458
第15任總統副總統,在臺南市各投開票所,臺南市,　安平區,國平里,1067,45,349,575,969,7,976,0,976,322,1298,75.1926
第15任總統副總統,在臺南市各投開票所,臺南市,　安平區,國平里,1068,50,378,726,1154,11,1165,0,1165,290,1455,80.0687
第15任總統副總統,在臺南市各投開票所,臺南市,　安平區,國平里,1069,34,321,615,970,5,975,0,975,337,1312,74.3140
第15任總統副總統,在臺南市各投開票所,臺南市,　安平區,國平里,1070,40,330,749,1119,13,1132,0,1132,389,1521,74.4247
第15任總統副總統,在臺南市各投開票所,臺南市,　安平區,漁光里,1071,7,87,198,292,2,294,0,294,133,427,68.8525
第15任總統副總統,在臺南市各投開票所,臺南市,　安平區,平安里,1072,54,383,790,1227,12,1239,0,1239,402,1641,75.5027
第15任總統副總統,在臺南市各投開票所,臺南市,　安平區,平安里,1073,42,341,841,1224,13,1237,0,1237,382,1619,76.4052
第15任總統副總統,在臺南市各投開票所,臺南市,　安平區,天妃里,1074,28,258,543,829,14,843,0,843,269,1112,75.8094
第15任總統副總統,在臺南市各投開票所,臺南市,　安平區,天妃里,1075,29,213,584,826,5,831,0,831,246,1077,77.1588
第15任總統副總統,在臺南市各投開票所,臺南市,　安平區,天妃里,1076,27,199,595,821,4,825,0,825,257,1082,76.2477
第15任總統副總統,在臺南市各投開票所,臺南市,　安平區,王城里,1077,23,313,641,977,15,992,0,992,373,1365,72.6740
第15任總統副總統,在臺南市各投開票所,臺南市,　安平區,王城里,1078,29,296,651,976,6,982,0,982,366,1348,72.8487
第15任總統副總統,在臺南市各投開票所,臺南市,　安平區,金城里,1079,16,233,401,650,8,658,0,658,246,904,72.7876
第15任總統副總統,在臺南市各投開票所,臺南市,　安平區,金城里,1080,36,317,469,822,3,825,0,825,225,1050,78.5714
第15任總統副總統,在臺南市各投開票所,臺南市,　中西區,赤嵌里,1081,32,245,646,923,8,931,0,931,335,1266,73.5387
第15任總統副總統,在臺南市各投開票所,臺南市,　中西區,赤嵌里,1082,35,284,597,916,6,922,0,922,268,1190,77.4790
第15任總統副總統,在臺南市各投開票所,臺南市,　中西區,赤嵌里,1083,38,253,583,874,13,887,0,887,317,1204,73.6711
第15任總統副總統,在臺南市各投開票所,臺南市,　中西區,郡王里,1084,43,391,723,1157,18,1175,0,1175,376,1551,75.7576
第15任總統副總統,在臺南市各投開票所,臺南市,　中西區,郡王里,1085,38,351,725,1114,10,1124,0,1124,312,1436,78.2730
第15任總統副總統,在臺南市各投開票所,臺南市,　中西區,法華里,1086,45,305,618,968,17,985,0,985,307,1292,76.2384
第15任總統副總統,在臺南市各投開票所,臺南市,　中西區,法華里,1087,57,383,601,1041,18,1059,0,1059,295,1354,78.2127
第15任總統副總統,在臺南市各投開票所,臺南市,　中西區,開山里,1088,47,256,662,965,15,980,0,980,319,1299,75.4426
第15任總統副總統,在臺南市各投開票所,臺南市,　中西區,開山里,1089,33,253,586,872,14,886,0,886,283,1169,75.7913
第15任總統副總統,在臺南市各投開票所,臺南市,　中西區,永華里,1090,40,279,629,948,21,969,0,969,319,1288,75.2329
第15任總統副總統,在臺南市各投開票所,臺南市,　中西區,永華里,1091,29,284,592,905,11,916,0,916,272,1188,77.1044
第15任總統副總統,在臺南市各投開票所,臺南市,　中西區,藥王里,1092,14,113,384,511,4,515,0,515,169,684,75.2924
第15任總統副總統,在臺南市各投開票所,臺南市,　中西區,藥王里,1093,21,139,430,590,8,598,0,598,183,781,76.5685
第15任總統副總統,在臺南市各投開票所,臺南市,　中西區,藥王里,1094,20,234,488,742,10,752,0,752,268,1020,73.7255
第15任總統副總統,在臺南市各投開票所,臺南市,　中西區,藥王里,1095,21,209,445,675,7,682,0,682,214,896,76.1161
第15任總統副總統,在臺南市各投開票所,臺南市,　中西區,光賢里,1096,35,194,549,778,14,792,0,792,229,1021,77.5710
第15任總統副總統,在臺南市各投開票所,臺南市,　中西區,光賢里,1097,31,217,624,872,6,878,0,878,251,1129,77.7679
第15任總統副總統,在臺南市各投開票所,臺南市,　中西區,光賢里,1098,33,281,682,996,11,1007,0,1007,263,1270,79.2913
第15任總統副總統,在臺南市各投開票所,臺南市,　中西區,大涼里,1099,42,308,642,992,11,1003,0,1003,304,1307,76.7406
第15任總統副總統,在臺南市各投開票所,臺南市,　中西區,大涼里,1100,37,317,548,902,15,917,0,917,255,1172,78.2423
第15任總統副總統,在臺南市各投開票所,臺南市,　中西區,西湖里,1101,54,368,613,1035,19,1054,0,1054,264,1318,79.9697
第15任總統副總統,在臺南市各投開票所,臺南市,　中西區,西湖里,1102,45,301,677,1023,7,1030,0,1030,281,1311,78.5660
第15任總統副總統,在臺南市各投開票所,臺南市,　中西區,西湖里,1103,66,427,711,1204,16,1220,0,1220,366,1586,76.9231
第15任總統副總統,在臺南市各投開票所,臺南市,　中西區,西湖里,1104,48,290,600,938,9,947,0,947,248,1195,79.2469
第15任總統副總統,在臺南市各投開票所,臺南市,　中西區,西賢里,1105,39,328,645,1012,11,1023,0,1023,244,1267,80.7419
第15任總統副總統,在臺南市各投開票所,臺南市,　中西區,西賢里,1106,41,289,603,933,16,949,0,949,201,1150,82.5217
第15任總統副總統,在臺南市各投開票所,臺南市,　中西區,西賢里,1107,40,258,624,922,8,930,0,930,261,1191,78.0856
第15任總統副總統,在臺南市各投開票所,臺南市,　中西區,西賢里,1108,32,299,563,894,17,911,0,911,246,1157,78.7381
第15任總統副總統,在臺南市各投開票所,臺南市,　中西區,城隍里,1109,26,201,378,605,4,609,0,609,255,864,70.4861
第15任總統副總統,在臺南市各投開票所,臺南市,　中西區,城隍里,1110,21,172,443,636,10,646,0,646,215,861,75.0290
第15任總統副總統,在臺南市各投開票所,臺南市,　中西區,城隍里,1111,27,242,484,753,6,759,0,759,249,1008,75.2976
第15任總統副總統,在臺南市各投開票所,臺南市,　中西區,城隍里,1112,26,169,452,647,8,655,0,655,179,834,78.5372
第15任總統副總統,在臺南市各投開票所,臺南市,　中西區,南美里,1113,27,245,562,834,10,844,0,844,277,1121,75.2899
第15任總統副總統,在臺南市各投開票所,臺南市,　中西區,南美里,1114,26,250,557,833,9,842,0,842,270,1112,75.7194
第15任總統副總統,在臺南市各投開票所,臺南市,　中西區,南美里,1115,17,231,473,721,3,724,0,724,235,959,75.4953
第15任總統副總統,在臺南市各投開票所,臺南市,　中西區,南門里,1116,48,426,507,981,9,990,0,990,285,1275,77.6471
第15任總統副總統,在臺南市各投開票所,臺南市,　中西區,南門里,1117,35,311,585,931,11,942,0,942,260,1202,78.3694
第15任總統副總統,在臺南市各投開票所,臺南市,　中西區,小西門里,1118,30,285,505,820,5,825,0,825,300,1125,73.3333
第15任總統副總統,在臺南市各投開票所,臺南市,　中西區,小西門里,1119,38,276,479,793,14,807,0,807,261,1068,75.5618
第15任總統副總統,在臺南市各投開票所,臺南市,　中西區,小西門里,1120,29,196,410,635,9,644,0,644,211,855,75.3216
第15任總統副總統,在臺南市各投開票所,臺南市,　中西區,五條港里,1121,26,216,542,784,5,789,0,789,305,1094,72.1207
第15任總統副總統,在臺南市各投開票所,臺南市,　中西區,五條港里,1122,25,247,457,729,3,732,0,732,206,938,78.0384
第15任總統副總統,在臺南市各投開票所,臺南市,　中西區,兌悅里,1123,30,229,554,813,10,823,0,823,574,1397,58.9120
第15任總統副總統,在臺南市各投開票所,臺南市,　中西區,兌悅里,1124,25,230,641,896,11,907,0,907,276,1183,76.6695
第15任總統副總統,在臺南市各投開票所,臺南市,　中西區,兌悅里,1125,41,283,615,939,5,944,0,944,314,1258,75.0397
第15任總統副總統,在臺南市各投開票所,臺南市,　中西區,淺草里,1126,30,281,618,929,5,934,0,934,339,1273,73.3700
第15任總統副總統,在臺南市各投開票所,臺南市,　中西區,淺草里,1127,29,288,483,800,11,811,0,811,356,1167,69.4944
第15任總統副總統,在臺南市各投開票所,臺南市,　中西區,府前里,1128,25,191,537,753,15,768,0,768,249,1017,75.5162
第15任總統副總統,在臺南市各投開票所,臺南市,　中西區,府前里,1129,23,223,404,650,9,659,0,659,264,923,71.3976
第15任總統副總統,在臺南市各投開票所,臺南市,　中西區,南廠里,1130,25,224,543,792,10,802,0,802,264,1066,75.2345
第15任總統副總統,在臺南市各投開票所,臺南市,　中西區,南廠里,1131,25,179,450,654,10,664,0,664,214,878,75.6264
第15任總統副總統,在臺南市各投開票所,臺南市,　中西區,南廠里,1132,32,205,525,762,6,768,0,768,245,1013,75.8144
第15任總統副總統,在臺南市各投開票所,臺南市,　中西區,南廠里,1133,25,191,486,702,8,710,0,710,244,954,74.4235
第15任總統副總統,在臺南市各投開票所,臺南市,　中西區,西和里,1134,21,162,496,679,2,681,0,681,209,890,76.5169
第15任總統副總統,在臺南市各投開票所,臺南市,　中西區,西和里,1135,36,222,540,798,11,809,0,809,210,1019,79.3916
第15任總統副總統,在臺南市各投開票所,臺南市,　中西區,西和里,1136,38,277,465,780,11,791,0,791,193,984,80.3862
第15任總統副總統,在臺南市各投開票所,臺南市,　中西區,西和里,1137,29,200,351,580,6,586,0,586,159,745,78.6577
第15任總統副總統,在臺北市各投開票所,臺北市,　松山區,莊敬里,0573,36,391,429,856,14,870,0,870,230,1100,79.0909
第15任總統副總統,在臺北市各投開票所,臺北市,　松山區,莊敬里,0574,46,382,438,866,12,878,0,878,259,1137,77.2208
第15任總統副總統,在臺北市各投開票所,臺北市,　松山區,莊敬里,0575,48,393,389,830,22,852,0,852,262,1114,76.4811
第15任總統副總統,在臺北市各投開票所,臺北市,　松山區,莊敬里,0576,43,389,462,894,14,908,0,908,271,1179,77.0144
第15任總統副總統,在臺北市各投開票所,臺北市,　松山區,東榮里,0577,38,431,545,1014,18,1032,0,1032,272,1304,79.1411
第15任總統副總統,在臺北市各投開票所,臺北市,　松山區,東榮里,0578,35,501,509,1045,12,1057,0,1057,304,1361,77.6635
第15任總統副總統,在臺北市各投開票所,臺北市,　松山區,東榮里,0579,42,406,532,980,14,994,0,994,272,1266,78.5150
第15任總統副總統,在臺北市各投開票所,臺北市,　松山區,東榮里,0580,28,397,544,969,11,980,0,980,250,1230,79.6748
第15任總統副總統,在臺北市各投開票所,臺北市,　松山區,東榮里,0581,31,438,530,999,18,1017,0,1017,311,1328,76.5813
第15任總統副總統,在臺北市各投開票所,臺北市,　松山區,三民里,0582,46,387,531,964,5,969,0,969,246,1215,79.7531
第15任總統副總統,在臺北市各投開票所,臺北市,　松山區,三民里,0583,35,456,423,914,18,932,0,932,280,1212,76.8977
第15任總統副總統,在臺北市各投開票所,臺北市,　松山區,三民里,0584,38,434,382,854,17,871,0,871,282,1153,75.5421
第15任總統副總統,在臺北市各投開票所,臺北市,　松山區,三民里,0585,33,383,413,829,9,838,0,838,285,1123,74.6215
第15任總統副總統,在臺北市各投開票所,臺北市,　松山區,三民里,0586,40,350,426,816,16,832,0,832,228,1060,78.4906
第15任總統副總統,在臺北市各投開票所,臺北市,　松山區,新益里,0587,44,478,550,1072,14,1086,0,1086,264,1350,80.4444
第15任總統副總統,在臺北市各投開票所,臺北市,　松山區,新益里,0588,38,400,600,1038,16,1054,0,1054,274,1328,79.3675
第15任總統副總統,在臺北市各投開票所,臺北市,　松山區,新益里,0589,51,379,536,966,15,981,0,981,259,1240,79.1129
第15任總統副總統,在臺北市各投開票所,臺北市,　松山區,富錦里,0590,32,454,422,908,13,921,0,921,324,1245,73.9759
第15任總統副總統,在臺北市各投開票所,臺北市,　松山區,富錦里,0591,44,398,435,877,11,888,0,888,212,1100,80.7273
第15任總統副總統,在臺北市各投開票所,臺北市,　松山區,富錦里,0592,31,325,419,775,16,791,0,791,198,989,79.9798
第15任總統副總統,在臺北市各投開票所,臺北市,　松山區,富錦里,0593,40,364,378,782,13,795,0,795,218,1013,78.4798
第15任總統副總統,在臺北市各投開票所,臺北市,　松山區,新東里,0594,38,378,408,824,15,839,0,839,234,1073,78.1920
第15任總統副總統,在臺北市各投開票所,臺北市,　松山區,新東里,0595,31,384,421,836,12,848,0,848,222,1070,79.2523
第15任總統副總統,在臺北市各投開票所,臺北市,　松山區,新東里,0596,39,331,441,811,11,822,0,822,208,1030,79.8058
第15任總統副總統,在臺北市各投開票所,臺北市,　松山區,新東里,0597,30,338,436,804,12,816,0,816,195,1011,80.7122
第15任總統副總統,在臺北市各投開票所,臺北市,　松山區,富泰里,0598,44,433,513,990,17,1007,0,1007,257,1264,79.6677
第15任總統副總統,在臺北市各投開票所,臺北市,　松山區,富泰里,0599,46,524,407,977,14,991,0,991,298,1289,76.8813
第15任總統副總統,在臺北市各投開票所,臺北市,　松山區,富泰里,0600,40,533,470,1043,14,1057,0,1057,309,1366,77.3792
第15任總統副總統,在臺北市各投開票所,臺北市,　松山區,介壽里,0601,42,356,516,914,14,928,0,928,265,1193,77.7871
第15任總統副總統,在臺北市各投開票所,臺北市,　松山區,介壽里,0602,31,382,469,882,13,895,0,895,274,1169,76.5612
第15任總統副總統,在臺北市各投開票所,臺北市,　松山區,介壽里,0603,32,429,507,968,12,980,0,980,242,1222,80.1964
第15任總統副總統,在臺北市各投開票所,臺北市,　松山區,精忠里,0604,23,429,443,895,6,901,0,901,296,1197,75.2715
第15任總統副總統,在臺北市各投開票所,臺北市,　松山區,精忠里,0605,43,429,494,966,17,983,0,983,293,1276,77.0376
第15任總統副總統,在臺北市各投開票所,臺北市,　松山區,精忠里,0606,33,380,456,869,12,881,1,882,249,1131,77.8957
第15任總統副總統,在臺北市各投開票所,臺北市,　松山區,東光里,0607,31,386,385,802,7,809,0,809,243,1052,76.9011
第15任總統副總統,在臺北市各投開票所,臺北市,　松山區,東光里,0608,31,347,430,808,8,816,0,816,216,1032,79.0698
第15任總統副總統,在臺北市各投開票所,臺北市,　松山區,東光里,0609,36,357,387,780,8,788,0,788,220,1008,78.1746
第15任總統副總統,在臺北市各投開票所,臺北市,　松山區,東光里,0610,42,327,426,795,6,801,0,801,219,1020,78.5294
第15任總統副總統,在臺北市各投開票所,臺北市,　松山區,東光里,0611,33,396,333,762,12,774,0,774,224,998,77.5551
第15任總統副總統,在臺北市各投開票所,臺北市,　松山區,東光里,0612,29,343,369,741,12,753,0,753,223,976,77.1516
第15任總統副總統,在臺北市各投開票所,臺北市,　松山區,龍田里,0613,51,698,325,1074,13,1087,0,1087,278,1365,79.6337
第15任總統副總統,在臺北市各投開票所,臺北市,　松山區,龍田里,0614,53,415,565,1033,22,1055,0,1055,246,1301,81.0915
第15任總統副總統,在臺北市各投開票所,臺北市,　松山區,龍田里,0615,58,545,593,1196,24,1220,0,1220,313,1533,79.5825
第15任總統副總統,在臺北市各投開票所,臺北市,　松山區,龍田里,0616,38,675,236,949,15,964,0,964,321,1285,75.0195
第15任總統副總統,在臺北市各投開票所,臺北市,　松山區,龍田里,0617,57,681,392,1130,21,1151,0,1151,308,1459,78.8897
第15任總統副總統,在臺北市各投開票所,臺北市,　松山區,龍田里,0618,51,552,488,1091,21,1112,0,1112,269,1381,80.5214
第15任總統副總統,在臺北市各投開票所,臺北市,　松山區,東昌里,0619,38,357,471,866,8,874,0,874,251,1125,77.6889
第15任總統副總統,在臺北市各投開票所,臺北市,　松山區,東昌里,0620,41,284,501,826,7,833,0,833,214,1047,79.5606
第15任總統副總統,在臺北市各投開票所,臺北市,　松山區,東勢里,0621,37,374,474,885,9,894,0,894,252,1146,78.0105
第15任總統副總統,在臺北市各投開票所,臺北市,　松山區,東勢里,0622,39,386,514,939,14,953,0,953,280,1233,77.2912
第15任總統副總統,在臺北市各投開票所,臺北市,　松山區,東勢里,0623,37,371,480,888,17,905,0,905,291,1196,75.6689
第15任總統副總統,在臺北市各投開票所,臺北市,　松山區,中華里,0624,43,517,462,1022,15,1037,0,1037,290,1327,78.1462
第15任總統副總統,在臺北市各投開票所,臺北市,　松山區,中華里,0625,40,494,437,971,22,993,0,993,263,1256,79.0605
第15任總統副總統,在臺北市各投開票所,臺北市,　松山區,中華里,0626,52,325,533,910,8,918,0,918,261,1179,77.8626
第15任總統副總統,在臺北市各投開票所,臺北市,　松山區,中華里,0627,39,500,561,1100,12,1112,0,1112,321,1433,77.5994
第15任總統副總統,在臺北市各投開票所,臺北市,　松山區,民有里,0628,38,422,450,910,13,923,0,923,232,1155,79.9134
第15任總統副總統,在臺北市各投開票所,臺北市,　松山區,民有里,0629,35,346,507,888,13,901,0,901,263,1164,77.4055
第15任總統副總統,在臺北市各投開票所,臺北市,　松山區,民有里,0630,36,366,551,953,17,970,0,970,284,1254,77.3525
第15任總統副總統,在臺北市各投開票所,臺北市,　松山區,民有里,0631,36,356,533,925,10,935,0,935,303,1238,75.5250
第15任總統副總統,在臺北市各投開票所,臺北市,　松山區,民有里,0632,32,394,572,998,23,1021,0,1021,269,1290,79.1473
第15任總統副總統,在臺北市各投開票所,臺北市,　松山區,民有里,0633,46,382,580,1008,13,1021,0,1021,313,1334,76.5367
第15任總統副總統,在臺北市各投開票所,臺北市,　松山區,民福里,0634,54,531,462,1047,21,1068,0,1068,299,1367,78.1273
第15任總統副總統,在臺北市各投開票所,臺北市,　松山區,民福里,0635,50,539,513,1102,12,1114,0,1114,280,1394,79.9139
第15任總統副總統,在臺北市各投開票所,臺北市,　松山區,民福里,0636,45,585,442,1072,16,1088,0,1088,360,1448,75.1381
第15任總統副總統,在臺北市各投開票所,臺北市,　松山區,民福里,0637,36,420,565,1021,17,1038,0,1038,305,1343,77.2897
第15任總統副總統,在臺北市各投開票所,臺北市,　松山區,松基里,0638,37,289,375,701,10,711,0,711,221,932,76.2876
第15任總統副總統,在臺北市各投開票所,臺北市,　松山區,松基里,0639,33,315,457,805,18,823,0,823,183,1006,81.8091
第15任總統副總統,在臺北市各投開票所,臺北市,　松山區,松基里,0640,27,358,465,850,11,861,0,861,303,1164,73.9691
第15任總統副總統,在臺北市各投開票所,臺北市,　松山區,安平里,0641,41,469,606,1116,17,1133,0,1133,339,1472,76.9701
第15任總統副總統,在臺北市各投開票所,臺北市,　松山區,安平里,0642,35,403,549,987,12,999,0,999,296,1295,77.1429
第15任總統副總統,在臺北市各投開票所,臺北市,　松山區,安平里,0643,46,397,578,1021,16,1037,0,1037,276,1313,78.9794
第15任總統副總統,在臺北市各投開票所,臺北市,　松山區,安平里,0644,59,499,726,1284,16,1300,0,1300,335,1635,79.5107
第15任總統副總統,在臺北市各投開票所,臺北市,　松山區,安平里,0645,56,419,683,1158,17,1175,0,1175,363,1538,76.3979
第15任總統副總統,在臺北市各投開票所,臺北市,　松山區,鵬程里,0646,47,558,269,874,13,887,0,887,270,1157,76.6638
第15任總統副總統,在臺北市各投開票所,臺北市,　松山區,鵬程里,0647,30,417,465,912,13,925,0,925,248,1173,78.8576
第15任總統副總統,在臺北市各投開票所,臺北市,　松山區,鵬程里,0648,41,451,533,1025,15,1040,0,1040,215,1255,82.8685
第15任總統副總統,在臺北市各投開票所,臺北市,　松山區,鵬程里,0649,34,397,371,802,17,819,0,819,254,1073,76.3281
第15任總統副總統,在臺北市各投開票所,臺北市,　松山區,自強里,0650,39,763,250,1052,13,1065,0,1065,330,1395,76.3441
第15任總統副總統,在臺北市各投開票所,臺北市,　松山區,自強里,0651,47,631,372,1050,8,1058,0,1058,301,1359,77.8514
第15任總統副總統,在臺北市各投開票所,臺北市,　松山區,自強里,0652,61,721,424,1206,20,1226,0,1226,318,1544,79.4041
第15任總統副總統,在臺北市各投開票所,臺北市,　松山區,自強里,0653,43,643,338,1024,15,1039,0,1039,318,1357,76.5660
第15任總統副總統,在臺北市各投開票所,臺北市,　松山區,自強里,0654,45,632,417,1094,13,1107,0,1107,251,1358,81.5169
第15任總統副總統,在臺北市各投開票所,臺北市,　松山區,自強里,0655,55,590,377,1022,13,1035,0,1035,294,1329,77.8781
第15任總統副總統,在臺北市各投開票所,臺北市,　松山區,慈祐里,1475,60,378,534,972,9,981,0,981,289,1270,77.2441
第15任總統副總統,在臺北市各投開票所,臺北市,　松山區,慈祐里,1476,34,262,517,813,10,823,0,823,242,1065,77.2770
第15任總統副總統,在臺北市各投開票所,臺北市,　松山區,慈祐里,1477,38,308,579,925,9,934,0,934,330,1264,73.8924
第15任總統副總統,在臺北市各投開票所,臺北市,　松山區,慈祐里,1478,53,350,551,954,13,967,0,967,275,1242,77.8583
第15任總統副總統,在臺北市各投開票所,臺北市,　松山區,慈祐里,1479,53,352,510,915,16,931,0,931,1299,2230,41.7489
第15任總統副總統,在臺北市各投開票所,臺北市,　松山區,吉祥里,1480,38,388,573,999,13,1012,0,1012,284,1296,78.0864
第15任總統副總統,在臺北市各投開票所,臺北市,　松山區,吉祥里,1481,44,432,482,958,7,965,0,965,241,1206,80.0166
第15任總統副總統,在臺北市各投開票所,臺北市,　松山區,吉祥里,1482,33,364,458,855,9,864,0,864,276,1140,75.7895
第15任總統副總統,在臺北市各投開票所,臺北市,　松山區,吉祥里,1483,39,444,422,905,7,912,0,912,293,1205,75.6846
第15任總統副總統,在臺北市各投開票所,臺北市,　松山區,吉祥里,1484,36,377,414,827,5,832,0,832,283,1115,74.6188
第15任總統副總統,在臺北市各投開票所,臺北市,　松山區,吉祥里,1485,45,428,440,913,14,927,0,927,269,1196,77.5084
第15任總統副總統,在臺北市各投開票所,臺北市,　松山區,新聚里,1486,38,428,548,1014,15,1029,0,1029,323,1352,76.1095
第15任總統副總統,在臺北市各投開票所,臺北市,　松山區,新聚里,1487,50,407,627,1084,11,1095,0,1095,290,1385,79.0614
第15任總統副總統,在臺北市各投開票所,臺北市,　松山區,新聚里,1488,39,432,528,999,10,1009,0,1009,326,1335,75.5805
第15任總統副總統,在臺北市各投開票所,臺北市,　松山區,新聚里,1489,42,415,606,1063,4,1067,0,1067,298,1365,78.1685
第15任總統副總統,在臺北市各投開票所,臺北市,　松山區,新聚里,1490,47,421,569,1037,13,1050,0,1050,314,1364,76.9795
第15任總統副總統,在臺北市各投開票所,臺北市,　松山區,復盛里,1491,39,489,504,1032,11,1043,0,1043,305,1348,77.3739
第15任總統副總統,在臺北市各投開票所,臺北市,　松山區,復盛里,1492,42,431,447,920,16,936,0,936,303,1239,75.5448
第15任總統副總統,在臺北市各投開票所,臺北市,　松山區,復盛里,1493,49,595,615,1259,10,1269,0,1269,359,1628,77.9484
第15任總統副總統,在臺北市各投開票所,臺北市,　松山區,復盛里,1494,53,394,479,926,16,942,0,942,249,1191,79.0932
第15任總統副總統,在臺北市各投開票所,臺北市,　松山區,中正里,1495,39,384,569,992,16,1008,0,1008,297,1305,77.2414
第15任總統副總統,在臺北市各投開票所,臺北市,　松山區,中正里,1496,46,323,517,886,12,898,0,898,277,1175,76.4255
第15任總統副總統,在臺北市各投開票所,臺北市,　松山區,中正里,1497,45,412,478,935,10,945,0,945,319,1264,74.7627
第15任總統副總統,在臺北市各投開票所,臺北市,　松山區,中正里,1498,42,367,502,911,19,930,0,930,293,1223,76.0425
第15任總統副總統,在臺北市各投開票所,臺北市,　松山區,中正里,1499,38,339,619,996,13,1009,0,1009,257,1266,79.6998
第15任總統副總統,在臺北市各投開票所,臺北市,　松山區,中正里,1500,48,427,554,1029,14,1043,1,1044,274,1318,79.1351
第15任總統副總統,在臺北市各投開票所,臺北市,　松山區,中崙里,1501,35,379,464,878,14,892,0,892,299,1191,74.8950
第15任總統副總統,在臺北市各投開票所,臺北市,　松山區,中崙里,1502,37,385,498,920,13,933,0,933,257,1190,78.4034
第15任總統副總統,在臺北市各投開票所,臺北市,　松山區,中崙里,1503,33,273,390,696,5,701,0,701,178,879,79.7497
第15任總統副總統,在臺北市各投開票所,臺北市,　松山區,美仁里,1504,46,421,669,1136,11,1147,0,1147,256,1403,81.7534
第15任總統副總統,在臺北市各投開票所,臺北市,　松山區,美仁里,1505,41,461,612,1114,12,1126,0,1126,325,1451,77.6017
第15任總統副總統,在臺北市各投開票所,臺北市,　松山區,吉仁里,1506,44,354,423,821,16,837,0,837,258,1095,76.4384
第15任總統副總統,在臺北市各投開票所,臺北市,　松山區,吉仁里,1507,45,355,461,861,8,869,0,869,282,1151,75.4996
第15任總統副總統,在臺北市各投開票所,臺北市,　松山區,吉仁里,1508,25,317,424,766,9,775,0,775,238,1013,76.5054
第15任總統副總統,在臺北市各投開票所,臺北市,　松山區,敦化里,1509,47,478,575,1100,15,1115,0,1115,298,1413,78.9101
第15任總統副總統,在臺北市各投開票所,臺北市,　松山區,敦化里,1510,52,447,668,1167,16,1183,0,1183,295,1478,80.0406
第15任總統副總統,在臺北市各投開票所,臺北市,　松山區,敦化里,1511,38,373,585,996,12,1008,0,1008,287,1295,77.8378
第15任總統副總統,在臺北市各投開票所,臺北市,　松山區,敦化里,1512,40,461,584,1085,11,1096,0,1096,329,1425,76.9123
第15任總統副總統,在臺北市各投開票所,臺北市,　松山區,復源里,1513,44,496,570,1110,15,1125,0,1125,302,1427,78.8367
第15任總統副總統,在臺北市各投開票所,臺北市,　松山區,復源里,1514,30,434,453,917,9,926,0,926,266,1192,77.6846
第15任總統副總統,在臺北市各投開票所,臺北市,　松山區,復建里,1515,55,404,376,835,14,849,0,849,276,1125,75.4667
第15任總統副總統,在臺北市各投開票所,臺北市,　松山區,復建里,1516,43,368,553,964,16,980,0,980,294,1274,76.9231
第15任總統副總統,在臺北市各投開票所,臺北市,　松山區,復建里,1517,35,475,462,972,21,993,0,993,263,1256,79.0605
第15任總統副總統,在臺北市各投開票所,臺北市,　松山區,復勢里,1518,52,356,640,1048,7,1055,0,1055,285,1340,78.7313
第15任總統副總統,在臺北市各投開票所,臺北市,　松山區,復勢里,1519,32,386,547,965,15,980,0,980,253,1233,79.4809
第15任總統副總統,在臺北市各投開票所,臺北市,　松山區,復勢里,1520,49,400,545,994,15,1009,0,1009,301,1310,77.0229
第15任總統副總統,在臺北市各投開票所,臺北市,　松山區,復勢里,1521,54,419,532,1005,11,1016,0,1016,332,1348,75.3709
第15任總統副總統,在臺北市各投開票所,臺北市,　松山區,福成里,1522,45,344,469,858,18,876,0,876,293,1169,74.9358
第15任總統副總統,在臺北市各投開票所,臺北市,　松山區,福成里,1523,33,300,399,732,17,749,0,749,228,977,76.6633
第15任總統副總統,在臺北市各投開票所,臺北市,　信義區,西村里,1309,31,456,304,791,18,809,0,809,234,1043,77.5647
第15任總統副總統,在臺北市各投開票所,臺北市,　信義區,西村里,1310,27,553,294,874,6,880,0,880,1266,2146,41.0065
第15任總統副總統,在臺北市各投開票所,臺北市,　信義區,西村里,1311,29,471,243,743,5,748,0,748,196,944,79.2373
第15任總統副總統,在臺北市各投開票所,臺北市,　信義區,西村里,1312,29,389,281,699,9,708,0,708,186,894,79.1946
第15任總統副總統,在臺北市各投開票所,臺北市,　信義區,正和里,1313,42,522,408,972,18,990,0,990,316,1306,75.8040
第15任總統副總統,在臺北市各投開票所,臺北市,　信義區,正和里,1314,52,482,446,980,11,991,0,991,262,1253,79.0902
第15任總統副總統,在臺北市各投開票所,臺北市,　信義區,正和里,1315,32,478,455,965,12,977,0,977,319,1296,75.3858
第15任總統副總統,在臺北市各投開票所,臺北市,　信義區,興隆里,1316,33,352,287,672,5,677,0,677,245,922,73.4273
第15任總統副總統,在臺北市各投開票所,臺北市,　信義區,興隆里,1317,35,490,439,964,11,975,1,976,404,1380,70.6522
第15任總統副總統,在臺北市各投開票所,臺北市,　信義區,中興里,1318,21,276,329,626,6,632,0,632,230,862,73.3179
第15任總統副總統,在臺北市各投開票所,臺北市,　信義區,中興里,1319,34,330,394,758,8,766,0,766,327,1093,70.0823
第15任總統副總統,在臺北市各投開票所,臺北市,　信義區,中興里,1320,31,365,343,739,6,745,0,745,297,1042,71.4971
第15任總統副總統,在臺北市各投開票所,臺北市,　信義區,新仁里,1321,31,392,284,707,3,710,0,710,244,954,74.4235
第15任總統副總統,在臺北市各投開票所,臺北市,　信義區,新仁里,1322,18,313,332,663,15,678,0,678,206,884,76.6968
第15任總統副總統,在臺北市各投開票所,臺北市,　信義區,新仁里,1323,31,344,335,710,10,720,0,720,220,940,76.5957
第15任總統副總統,在臺北市各投開票所,臺北市,　信義區,興雅里,1324,61,414,346,821,6,827,0,827,272,1099,75.2502
第15任總統副總統,在臺北市各投開票所,臺北市,　信義區,興雅里,1325,48,436,487,971,15,986,1,987,367,1354,72.8213
第15任總統副總統,在臺北市各投開票所,臺北市,　信義區,興雅里,1326,36,343,483,862,11,873,0,873,235,1108,78.7906
第15任總統副總統,在臺北市各投開票所,臺北市,　信義區,興雅里,1327,44,440,541,1025,13,1038,0,1038,288,1326,78.2805
第15任總統副總統,在臺北市各投開票所,臺北市,　信義區,敦厚里,1328,34,339,361,734,8,742,0,742,282,1024,72.4609
第15任總統副總統,在臺北市各投開票所,臺北市,　信義區,敦厚里,1329,29,348,378,755,15,770,0,770,249,1019,75.5643
第15任總統副總統,在臺北市各投開票所,臺北市,　信義區,敦厚里,1330,37,360,458,855,15,870,0,870,266,1136,76.5845
第15任總統副總統,在臺北市各投開票所,臺北市,　信義區,敦厚里,1331,47,404,511,962,18,980,0,980,279,1259,77.8396
第15任總統副總統,在臺北市各投開票所,臺北市,　信義區,廣居里,1332,37,414,428,879,16,895,0,895,266,1161,77.0887
第15任總統副總統,在臺北市各投開票所,臺北市,　信義區,廣居里,1333,25,367,405,797,15,812,0,812,261,1073,75.6757
第15任總統副總統,在臺北市各投開票所,臺北市,　信義區,廣居里,1334,32,365,386,783,5,788,0,788,249,1037,75.9884
第15任總統副總統,在臺北市各投開票所,臺北市,　信義區,廣居里,1335,41,401,394,836,11,847,0,847,277,1124,75.3559
第15任總統副總統,在臺北市各投開票所,臺北市,　信義區,廣居里,1336,36,372,377,785,8,793,0,793,249,1042,76.1036
第15任總統副總統,在臺北市各投開票所,臺北市,　信義區,廣居里,1337,27,311,418,756,9,765,0,765,219,984,77.7439
第15任總統副總統,在臺北市各投開票所,臺北市,　信義區,安康里,1338,41,421,601,1063,13,1076,0,1076,303,1379,78.0276
第15任總統副總統,在臺北市各投開票所,臺北市,　信義區,安康里,1339,40,415,488,943,12,955,0,955,263,1218,78.4072
第15任總統副總統,在臺北市各投開票所,臺北市,　信義區,安康里,1340,37,364,419,820,13,833,0,833,236,1069,77.9233
第15任總統副總統,在臺北市各投開票所,臺北市,　信義區,安康里,1341,32,369,355,756,9,765,0,765,227,992,77.1169
第15任總統副總統,在臺北市各投開票所,臺北市,　信義區,安康里,1342,36,420,405,861,11,872,0,872,268,1140,76.4912
第15任總統副總統,在臺北市各投開票所,臺北市,　信義區,安康里,1343,51,436,422,909,11,920,0,920,395,1315,69.9620
第15任總統副總統,在臺北市各投開票所,臺北市,　信義區,安康里,1344,39,465,484,988,13,1001,0,1001,341,1342,74.5902
第15任總統副總統,在臺北市各投開票所,臺北市,　信義區,六藝里,1345,42,319,482,843,10,853,0,853,286,1139,74.8903
第15任總統副總統,在臺北市各投開票所,臺北市,　信義區,六藝里,1346,34,268,395,697,7,704,0,704,203,907,77.6185
第15任總統副總統,在臺北市各投開票所,臺北市,　信義區,六藝里,1347,24,305,494,823,15,838,0,838,212,1050,79.8095
第15任總統副總統,在臺北市各投開票所,臺北市,　信義區,雅祥里,1348,29,338,449,816,9,825,0,825,258,1083,76.1773
第15任總統副總統,在臺北市各投開票所,臺北市,　信義區,雅祥里,1349,37,346,485,868,9,877,0,877,224,1101,79.6549
第15任總統副總統,在臺北市各投開票所,臺北市,　信義區,雅祥里,1350,37,355,454,846,12,858,0,858,246,1104,77.7174
第15任總統副總統,在臺北市各投開票所,臺北市,　信義區,雅祥里,1351,33,296,421,750,12,762,0,762,247,1009,75.5203
第15任總統副總統,在臺北市各投開票所,臺北市,　信義區,五常里,1352,26,338,463,827,6,833,0,833,250,1083,76.9160
第15任總統副總統,在臺北市各投開票所,臺北市,　信義區,五常里,1353,32,303,401,736,8,744,0,744,239,983,75.6867
第15任總統副總統,在臺北市各投開票所,臺北市,　信義區,五常里,1354,27,374,401,802,14,816,0,816,255,1071,76.1905
第15任總統副總統,在臺北市各投開票所,臺北市,　信義區,五全里,1355,32,309,412,753,10,763,0,763,238,1001,76.2238
第15任總統副總統,在臺北市各投開票所,臺北市,　信義區,五全里,1356,27,312,504,843,12,855,0,855,212,1067,80.1312
第15任總統副總統,在臺北市各投開票所,臺北市,　信義區,五全里,1357,41,296,468,805,7,812,0,812,251,1063,76.3876
第15任總統副總統,在臺北市各投開票所,臺北市,　信義區,五全里,1358,27,315,517,859,9,868,0,868,220,1088,79.7794
第15任總統副總統,在臺北市各投開票所,臺北市,　信義區,永吉里,1359,22,294,522,838,6,844,0,844,321,1165,72.4464
第15任總統副總統,在臺北市各投開票所,臺北市,　信義區,永吉里,1360,20,231,526,777,14,791,1,792,223,1015,77.9310
第15任總統副總統,在臺北市各投開票所,臺北市,　信義區,永吉里,1361,31,280,649,960,10,970,0,970,252,1222,79.3781
第15任總統副總統,在臺北市各投開票所,臺北市,　信義區,長春里,1362,41,364,542,947,9,956,2,958,309,1267,75.4538
第15任總統副總統,在臺北市各投開票所,臺北市,　信義區,長春里,1363,35,411,456,902,13,915,0,915,278,1193,76.6974
第15任總統副總統,在臺北市各投開票所,臺北市,　信義區,長春里,1364,36,349,604,989,11,1000,0,1000,296,1296,77.1605
第15任總統副總統,在臺北市各投開票所,臺北市,　信義區,四育里,1365,34,309,579,922,8,930,0,930,280,1210,76.8595
第15任總統副總統,在臺北市各投開票所,臺北市,　信義區,四育里,1366,35,390,524,949,11,960,0,960,242,1202,79.8669
第15任總統副總統,在臺北市各投開票所,臺北市,　信義區,四育里,1367,36,346,492,874,7,881,0,881,225,1106,79.6564
第15任總統副總統,在臺北市各投開票所,臺北市,　信義區,四育里,1368,48,376,569,993,7,1000,0,1000,273,1273,78.5546
第15任總統副總統,在臺北市各投開票所,臺北市,　信義區,四維里,1369,31,349,409,789,14,803,0,803,244,1047,76.6953
第15任總統副總統,在臺北市各投開票所,臺北市,　信義區,四維里,1370,43,389,502,934,12,946,0,946,247,1193,79.2959
第15任總統副總統,在臺北市各投開票所,臺北市,　信義區,四維里,1371,53,403,425,881,8,889,0,889,290,1179,75.4029
第15任總統副總統,在臺北市各投開票所,臺北市,　信義區,四維里,1372,40,401,475,916,11,927,0,927,292,1219,76.0459
第15任總統副總統,在臺北市各投開票所,臺北市,　信義區,永春里,1373,35,330,407,772,5,777,0,777,233,1010,76.9307
第15任總統副總統,在臺北市各投開票所,臺北市,　信義區,永春里,1374,43,337,507,887,18,905,0,905,238,1143,79.1776
第15任總統副總統,在臺北市各投開票所,臺北市,　信義區,永春里,1375,37,314,486,837,9,846,0,846,225,1071,78.9916
第15任總統副總統,在臺北市各投開票所,臺北市,　信義區,永春里,1376,26,261,456,743,9,752,0,752,289,1041,72.2382
第15任總統副總統,在臺北市各投開票所,臺北市,　信義區,富台里,1377,33,387,304,724,10,734,0,734,270,1004,73.1076
第15任總統副總統,在臺北市各投開票所,臺北市,　信義區,富台里,1378,49,553,411,1013,14,1027,0,1027,301,1328,77.3343
第15任總統副總統,在臺北市各投開票所,臺北市,　信義區,富台里,1379,37,548,461,1046,17,1063,0,1063,303,1366,77.8184
第15任總統副總統,在臺北市各投開票所,臺北市,　信義區,國業里,1380,20,299,393,712,5,717,1,718,257,975,73.5385
第15任總統副總統,在臺北市各投開票所,臺北市,　信義區,國業里,1381,40,384,358,782,10,792,0,792,258,1050,75.4286
第15任總統副總統,在臺北市各投開票所,臺北市,　信義區,國業里,1382,32,344,406,782,7,789,0,789,203,992,79.5363
第15任總統副總統,在臺北市各投開票所,臺北市,　信義區,國業里,1383,36,343,385,764,15,779,0,779,266,1045,74.5455
第15任總統副總統,在臺北市各投開票所,臺北市,　信義區,國業里,1384,39,324,398,761,8,769,0,769,239,1008,76.2897
第15任總統副總統,在臺北市各投開票所,臺北市,　信義區,國業里,1385,38,388,418,844,25,869,0,869,261,1130,76.9027
第15任總統副總統,在臺北市各投開票所,臺北市,　信義區,松隆里,1386,27,294,381,702,5,707,0,707,238,945,74.8148
第15任總統副總統,在臺北市各投開票所,臺北市,　信義區,松隆里,1387,29,300,362,691,5,696,0,696,295,991,70.2321
第15任總統副總統,在臺北市各投開票所,臺北市,　信義區,松友里,1388,37,325,421,783,7,790,1,791,261,1052,75.0951
第15任總統副總統,在臺北市各投開票所,臺北市,　信義區,松友里,1389,42,426,371,839,14,853,0,853,293,1146,74.4328
第15任總統副總統,在臺北市各投開票所,臺北市,　信義區,松友里,1390,36,396,439,871,10,881,0,881,250,1131,77.8957
第15任總統副總統,在臺北市各投開票所,臺北市,　信義區,松友里,1391,29,396,496,921,6,927,0,927,284,1211,76.5483
第15任總統副總統,在臺北市各投開票所,臺北市,　信義區,松友里,1392,43,340,412,795,8,803,0,803,222,1025,78.3415
第15任總統副總統,在臺北市各投開票所,臺北市,　信義區,松光里,1393,37,319,417,773,12,785,0,785,278,1063,73.8476
第15任總統副總統,在臺北市各投開票所,臺北市,　信義區,松光里,1394,31,340,442,813,13,826,0,826,248,1074,76.9088
第15任總統副總統,在臺北市各投開票所,臺北市,　信義區,松光里,1395,26,320,433,779,8,787,0,787,233,1020,77.1569
第15任總統副總統,在臺北市各投開票所,臺北市,　信義區,松光里,1396,38,340,479,857,10,867,0,867,267,1134,76.4550
第15任總統副總統,在臺北市各投開票所,臺北市,　信義區,中坡里,1397,40,324,424,788,14,802,0,802,208,1010,79.4059
第15任總統副總統,在臺北市各投開票所,臺北市,　信義區,中坡里,1398,29,247,374,650,9,659,0,659,195,854,77.1663
第15任總統副總統,在臺北市各投開票所,臺北市,　信義區,中坡里,1399,19,285,367,671,15,686,0,686,194,880,77.9545
第15任總統副總統,在臺北市各投開票所,臺北市,　信義區,中坡里,1400,33,354,423,810,8,818,0,818,251,1069,76.5201
第15任總統副總統,在臺北市各投開票所,臺北市,　信義區,中行里,1401,31,316,471,818,9,827,0,827,275,1102,75.0454
第15任總統副總統,在臺北市各投開票所,臺北市,　信義區,中行里,1402,42,335,520,897,8,905,0,905,232,1137,79.5954
第15任總統副總統,在臺北市各投開票所,臺北市,　信義區,中行里,1403,38,337,429,804,9,813,1,814,255,1069,76.0524
第15任總統副總統,在臺北市各投開票所,臺北市,　信義區,中行里,1404,36,333,441,810,10,820,0,820,244,1064,77.0677
第15任總統副總統,在臺北市各投開票所,臺北市,　信義區,中行里,1405,37,353,587,977,12,989,0,989,247,1236,80.0162
第15任總統副總統,在臺北市各投開票所,臺北市,　信義區,中行里,1406,43,366,507,916,9,925,0,925,268,1193,77.5356
第15任總統副總統,在臺北市各投開票所,臺北市,　信義區,大道里,1407,34,337,457,828,16,844,0,844,245,1089,77.5023
第15任總統副總統,在臺北市各投開票所,臺北市,　信義區,大道里,1408,41,340,517,898,12,910,0,910,268,1178,77.2496
第15任總統副總統,在臺北市各投開票所,臺北市,　信義區,大道里,1409,42,353,399,794,20,814,26,840,185,1025,79.4146
第15任總統副總統,在臺北市各投開票所,臺北市,　信義區,大道里,1410,22,260,419,701,7,708,0,708,212,920,76.9565
第15任總統副總統,在臺北市各投開票所,臺北市,　信義區,大道里,1411,37,320,462,819,12,831,0,831,231,1062,78.2486
第15任總統副總統,在臺北市各投開票所,臺北市,　信義區,大仁里,1412,45,346,452,843,13,856,0,856,288,1144,74.8252
第15任總統副總統,在臺北市各投開票所,臺北市,　信義區,大仁里,1413,37,371,459,867,3,870,0,870,301,1171,74.2955
第15任總統副總統,在臺北市各投開票所,臺北市,　信義區,大仁里,1414,34,407,503,944,14,958,0,958,236,1194,80.2345
第15任總統副總統,在臺北市各投開票所,臺北市,　信義區,景新里,1415,33,381,495,909,9,918,0,918,258,1176,78.0612
第15任總統副總統,在臺北市各投開票所,臺北市,　信義區,景新里,1416,31,381,362,774,10,784,0,784,236,1020,76.8627
第15任總統副總統,在臺北市各投開票所,臺北市,　信義區,景新里,1417,24,392,341,757,9,766,0,766,276,1042,73.5125
第15任總統副總統,在臺北市各投開票所,臺北市,　信義區,景新里,1418,33,468,291,792,12,804,0,804,292,1096,73.3577
第15任總統副總統,在臺北市各投開票所,臺北市,　信義區,惠安里,1419,34,402,363,799,7,806,0,806,275,1081,74.5606
第15任總統副總統,在臺北市各投開票所,臺北市,　信義區,惠安里,1420,43,388,373,804,5,809,0,809,244,1053,76.8281
第15任總統副總統,在臺北市各投開票所,臺北市,　信義區,惠安里,1421,42,474,472,988,8,996,0,996,316,1312,75.9146
第15任總統副總統,在臺北市各投開票所,臺北市,　信義區,惠安里,1422,25,442,360,827,8,835,0,835,220,1055,79.1469
第15任總統副總統,在臺北市各投開票所,臺北市,　信義區,惠安里,1423,39,468,467,974,10,984,0,984,220,1204,81.7276
第15任總統副總統,在臺北市各投開票所,臺北市,　信義區,三張里,1424,28,378,449,855,7,862,0,862,226,1088,79.2279
第15任總統副總統,在臺北市各投開票所,臺北市,　信義區,三張里,1425,41,428,392,861,10,871,0,871,233,1104,78.8949
第15任總統副總統,在臺北市各投開票所,臺北市,　信義區,三張里,1426,47,428,377,852,9,861,0,861,311,1172,73.4642
第15任總統副總統,在臺北市各投開票所,臺北市,　信義區,三張里,1427,22,394,430,846,13,859,0,859,260,1119,76.7650
第15任總統副總統,在臺北市各投開票所,臺北市,　信義區,三張里,1428,36,382,426,844,9,853,0,853,276,1129,75.5536
第15任總統副總統,在臺北市各投開票所,臺北市,　信義區,三張里,1429,29,421,274,724,9,733,0,733,246,979,74.8723
第15任總統副總統,在臺北市各投開票所,臺北市,　信義區,三張里,1430,29,372,375,776,14,790,0,790,262,1052,75.0951
第15任總統副總統,在臺北市各投開票所,臺北市,　信義區,三犁里,1431,38,445,383,866,10,876,0,876,298,1174,74.6167
第15任總統副總統,在臺北市各投開票所,臺北市,　信義區,三犁里,1432,49,441,389,879,21,900,0,900,263,1163,77.3861
第15任總統副總統,在臺北市各投開票所,臺北市,　信義區,三犁里,1433,36,383,430,849,6,855,0,855,271,1126,75.9325
第15任總統副總統,在臺北市各投開票所,臺北市,　信義區,三犁里,1434,31,361,406,798,8,806,0,806,261,1067,75.5389
第15任總統副總統,在臺北市各投開票所,臺北市,　信義區,六合里,1435,31,477,379,887,11,898,0,898,259,1157,77.6145
第15任總統副總統,在臺北市各投開票所,臺北市,　信義區,六合里,1436,41,471,384,896,14,910,0,910,259,1169,77.8443
第15任總統副總統,在臺北市各投開票所,臺北市,　信義區,六合里,1437,31,407,420,858,3,861,0,861,305,1166,73.8422
第15任總統副總統,在臺北市各投開票所,臺北市,　信義區,六合里,1438,31,383,359,773,12,785,0,785,303,1088,72.1507
第15任總統副總統,在臺北市各投開票所,臺北市,　信義區,六合里,1439,35,513,425,973,9,982,0,982,340,1322,74.2814
第15任總統副總統,在臺北市各投開票所,臺北市,　信義區,泰和里,1440,34,329,396,759,9,768,0,768,278,1046,73.4226
第15任總統副總統,在臺北市各投開票所,臺北市,　信義區,泰和里,1441,32,374,380,786,10,796,0,796,261,1057,75.3075
第15任總統副總統,在臺北市各投開票所,臺北市,　信義區,泰和里,1442,37,410,451,898,25,923,0,923,316,1239,74.4956
第15任總統副總統,在臺北市各投開票所,臺北市,　信義區,泰和里,1443,37,343,437,817,5,822,0,822,278,1100,74.7273
第15任總統副總統,在臺北市各投開票所,臺北市,　信義區,泰和里,1444,25,425,471,921,11,932,0,932,316,1248,74.6795
第15任總統副總統,在臺北市各投開票所,臺北市,　信義區,泰和里,1445,45,375,350,770,13,783,0,783,255,1038,75.4335
第15任總統副總統,在臺北市各投開票所,臺北市,　信義區,景聯里,1446,43,318,427,788,11,799,0,799,224,1023,78.1036
第15任總統副總統,在臺北市各投開票所,臺北市,　信義區,景聯里,1447,49,355,354,758,13,771,0,771,224,995,77.4874
第15任總統副總統,在臺北市各投開票所,臺北市,　信義區,景聯里,1448,35,344,469,848,15,863,0,863,221,1084,79.6125
第15任總統副總統,在臺北市各投開票所,臺北市,　信義區,景聯里,1449,46,354,313,713,7,720,0,720,181,901,79.9112
第15任總統副總統,在臺北市各投開票所,臺北市,　信義區,景勤里,1450,35,374,381,790,13,803,0,803,242,1045,76.8421
第15任總統副總統,在臺北市各投開票所,臺北市,　信義區,景勤里,1451,29,376,456,861,14,875,0,875,286,1161,75.3661
第15任總統副總統,在臺北市各投開票所,臺北市,　信義區,景勤里,1452,27,497,379,903,5,908,0,908,294,1202,75.5408
第15任總統副總統,在臺北市各投開票所,臺北市,　信義區,雙和里,1453,46,460,508,1014,19,1033,0,1033,286,1319,78.3169
第15任總統副總統,在臺北市各投開票所,臺北市,　信義區,雙和里,1454,44,466,452,962,13,975,0,975,262,1237,78.8197
第15任總統副總統,在臺北市各投開票所,臺北市,　信義區,雙和里,1455,36,455,427,918,10,928,0,928,246,1174,79.0460
第15任總統副總統,在臺北市各投開票所,臺北市,　信義區,雙和里,1456,38,425,470,933,7,940,0,940,318,1258,74.7218
第15任總統副總統,在臺北市各投開票所,臺北市,　信義區,雙和里,1457,53,411,388,852,8,860,0,860,221,1081,79.5560
第15任總統副總統,在臺北市各投開票所,臺北市,　信義區,嘉興里,1458,28,305,353,686,6,692,0,692,183,875,79.0857
第15任總統副總統,在臺北市各投開票所,臺北市,　信義區,嘉興里,1459,29,296,391,716,11,727,0,727,224,951,76.4458
第15任總統副總統,在臺北市各投開票所,臺北市,　信義區,嘉興里,1460,41,313,353,707,4,711,0,711,246,957,74.2947
第15任總統副總統,在臺北市各投開票所,臺北市,　信義區,黎順里,1461,21,361,446,828,10,838,0,838,369,1207,69.4283
第15任總統副總統,在臺北市各投開票所,臺北市,　信義區,黎順里,1462,33,418,453,904,15,919,1,920,256,1176,78.1463
第15任總統副總統,在臺北市各投開票所,臺北市,　信義區,黎順里,1463,45,430,392,867,8,875,0,875,302,1177,74.3415
第15任總統副總統,在臺北市各投開票所,臺北市,　信義區,黎平里,1464,48,444,473,965,9,974,0,974,252,1226,79.4454
第15任總統副總統,在臺北市各投開票所,臺北市,　信義區,黎平里,1465,42,414,458,914,8,922,0,922,251,1173,78.6019
第15任總統副總統,在臺北市各投開票所,臺北市,　信義區,黎平里,1466,44,448,524,1016,15,1031,0,1031,282,1313,78.5225
第15任總統副總統,在臺北市各投開票所,臺北市,　信義區,黎平里,1467,46,426,456,928,14,942,0,942,274,1216,77.4671
第15任總統副總統,在臺北市各投開票所,臺北市,　信義區,黎平里,1468,30,389,396,815,9,824,0,824,275,1099,74.9773
第15任總統副總統,在臺北市各投開票所,臺北市,　信義區,黎忠里,1469,28,406,426,860,20,880,0,880,254,1134,77.6014
第15任總統副總統,在臺北市各投開票所,臺北市,　信義區,黎忠里,1470,31,323,339,693,15,708,0,708,236,944,75.0000
第15任總統副總統,在臺北市各投開票所,臺北市,　信義區,黎忠里,1471,45,418,380,843,8,851,0,851,261,1112,76.5288
第15任總統副總統,在臺北市各投開票所,臺北市,　信義區,黎忠里,1472,41,284,403,728,13,741,0,741,228,969,76.4706
第15任總統副總統,在臺北市各投開票所,臺北市,　信義區,黎安里,1473,35,371,343,749,14,763,0,763,272,1035,73.7198
第15任總統副總統,在臺北市各投開票所,臺北市,　信義區,黎安里,1474,22,361,173,556,13,569,0,569,201,770,73.8961
第15任總統副總統,在臺北市各投開票所,臺北市,　大安區,德安里,1115,28,382,371,781,11,792,0,792,372,1164,68.0412
第15任總統副總統,在臺北市各投開票所,臺北市,　大安區,德安里,1116,37,428,388,853,7,860,0,860,321,1181,72.8196
第15任總統副總統,在臺北市各投開票所,臺北市,　大安區,德安里,1117,33,466,396,895,15,910,0,910,284,1194,76.2144
第15任總統副總統,在臺北市各投開票所,臺北市,　大安區,德安里,1118,30,512,385,927,4,931,0,931,303,1234,75.4457
第15任總統副總統,在臺北市各投開票所,臺北市,　大安區,仁慈里,1119,47,469,593,1109,16,1125,0,1125,330,1455,77.3196
第15任總統副總統,在臺北市各投開票所,臺北市,　大安區,仁慈里,1120,35,386,543,964,14,978,0,978,306,1284,76.1682
第15任總統副總統,在臺北市各投開票所,臺北市,　大安區,仁慈里,1121,47,541,626,1214,13,1227,0,1227,359,1586,77.3644
第15任總統副總統,在臺北市各投開票所,臺北市,　大安區,和安里,1122,48,476,492,1016,12,1028,0,1028,360,1388,74.0634
第15任總統副總統,在臺北市各投開票所,臺北市,　大安區,和安里,1123,38,469,455,962,16,978,1,979,269,1248,78.3654
第15任總統副總統,在臺北市各投開票所,臺北市,　大安區,和安里,1124,61,485,548,1094,24,1118,0,1118,360,1478,75.6428
第15任總統副總統,在臺北市各投開票所,臺北市,　大安區,和安里,1125,44,545,476,1065,13,1078,0,1078,348,1426,75.5961
第15任總統副總統,在臺北市各投開票所,臺北市,　大安區,民炤里,1126,38,346,460,844,12,856,0,856,312,1168,73.2877
第15任總統副總統,在臺北市各投開票所,臺北市,　大安區,民炤里,1127,29,407,493,929,20,949,0,949,332,1281,74.0827
第15任總統副總統,在臺北市各投開票所,臺北市,　大安區,民炤里,1128,34,394,608,1036,13,1049,0,1049,370,1419,73.9253
第15任總統副總統,在臺北市各投開票所,臺北市,　大安區,民炤里,1129,46,484,459,989,12,1001,0,1001,346,1347,74.3133
第15任總統副總統,在臺北市各投開票所,臺北市,　大安區,民炤里,1130,49,475,541,1065,16,1081,0,1081,371,1452,74.4490
第15任總統副總統,在臺北市各投開票所,臺北市,　大安區,仁愛里,1131,28,368,411,807,11,818,0,818,321,1139,71.8174
第15任總統副總統,在臺北市各投開票所,臺北市,　大安區,仁愛里,1132,20,355,371,746,7,753,0,753,381,1134,66.4021
第15任總統副總統,在臺北市各投開票所,臺北市,　大安區,仁愛里,1133,23,378,335,736,10,746,0,746,341,1087,68.6293
第15任總統副總統,在臺北市各投開票所,臺北市,　大安區,仁愛里,1134,25,336,329,690,6,696,0,696,306,1002,69.4611
第15任總統副總統,在臺北市各投開票所,臺北市,　大安區,義村里,1135,40,442,231,713,12,725,0,725,266,991,73.1584
第15任總統副總統,在臺北市各投開票所,臺北市,　大安區,義村里,1136,35,674,252,961,5,966,0,966,295,1261,76.6059
第15任總統副總統,在臺北市各投開票所,臺北市,　大安區,義村里,1137,58,525,449,1032,18,1050,0,1050,292,1342,78.2414
第15任總統副總統,在臺北市各投開票所,臺北市,　大安區,義村里,1138,25,391,540,956,10,966,0,966,331,1297,74.4796
第15任總統副總統,在臺北市各投開票所,臺北市,　大安區,民輝里,1139,29,482,663,1174,20,1194,0,1194,412,1606,74.3462
第15任總統副總統,在臺北市各投開票所,臺北市,　大安區,民輝里,1140,45,551,523,1119,18,1137,0,1137,415,1552,73.2603
第15任總統副總統,在臺北市各投開票所,臺北市,　大安區,民輝里,1141,36,442,534,1012,18,1030,0,1030,351,1381,74.5836
第15任總統副總統,在臺北市各投開票所,臺北市,　大安區,民輝里,1142,36,393,484,913,12,925,0,925,316,1241,74.5367
第15任總統副總統,在臺北市各投開票所,臺北市,　大安區,昌隆里,1143,44,481,579,1104,14,1118,0,1118,380,1498,74.6328
第15任總統副總統,在臺北市各投開票所,臺北市,　大安區,昌隆里,1144,30,392,506,928,20,948,0,948,343,1291,73.4314
第15任總統副總統,在臺北市各投開票所,臺北市,　大安區,誠安里,1145,30,377,434,841,14,855,0,855,343,1198,71.3689
第15任總統副總統,在臺北市各投開票所,臺北市,　大安區,誠安里,1146,31,398,440,869,10,879,0,879,355,1234,71.2318
第15任總統副總統,在臺北市各投開票所,臺北市,　大安區,誠安里,1147,43,346,417,806,15,821,0,821,319,1140,72.0175
第15任總統副總統,在臺北市各投開票所,臺北市,　大安區,光武里,1148,33,435,482,950,16,966,0,966,368,1334,72.4138
第15任總統副總統,在臺北市各投開票所,臺北市,　大安區,光武里,1149,43,417,521,981,6,987,0,987,305,1292,76.3932
第15任總統副總統,在臺北市各投開票所,臺北市,　大安區,光武里,1150,33,419,402,854,19,873,0,873,350,1223,71.3818
第15任總統副總統,在臺北市各投開票所,臺北市,　大安區,光武里,1151,36,380,417,833,21,854,0,854,334,1188,71.8855
第15任總統副總統,在臺北市各投開票所,臺北市,　大安區,光武里,1152,34,425,408,867,20,887,0,887,370,1257,70.5648
第15任總統副總統,在臺北市各投開票所,臺北市,　大安區,龍坡里,1153,39,349,431,819,18,837,0,837,266,1103,75.8840
第15任總統副總統,在臺北市各投開票所,臺北市,　大安區,龍坡里,1154,39,444,472,955,16,971,0,971,305,1276,76.0972
第15任總統副總統,在臺北市各投開票所,臺北市,　大安區,龍坡里,1155,44,450,457,951,8,959,0,959,314,1273,75.3339
第15任總統副總統,在臺北市各投開票所,臺北市,　大安區,龍坡里,1156,45,415,331,791,12,803,1,804,243,1047,76.6953
第15任總統副總統,在臺北市各投開票所,臺北市,　大安區,龍泉里,1157,45,425,524,994,9,1003,0,1003,288,1291,77.6917
第15任總統副總統,在臺北市各投開票所,臺北市,　大安區,龍泉里,1158,42,449,551,1042,14,1056,0,1056,324,1380,76.5217
第15任總統副總統,在臺北市各投開票所,臺北市,　大安區,龍泉里,1159,46,433,528,1007,7,1014,2,1016,353,1369,74.0687
第15任總統副總統,在臺北市各投開票所,臺北市,　大安區,古風里,1160,41,361,470,872,13,885,0,885,265,1150,76.9565
第15任總統副總統,在臺北市各投開票所,臺北市,　大安區,古風里,1161,36,425,507,968,16,984,0,984,271,1255,78.4064
第15任總統副總統,在臺北市各投開票所,臺北市,　大安區,古風里,1162,39,392,422,853,12,865,1,866,292,1158,74.6978
第15任總統副總統,在臺北市各投開票所,臺北市,　大安區,古莊里,1163,34,391,486,911,12,923,0,923,288,1211,76.2180
第15任總統副總統,在臺北市各投開票所,臺北市,　大安區,古莊里,1164,26,459,412,897,11,908,0,908,320,1228,73.9414
第15任總統副總統,在臺北市各投開票所,臺北市,　大安區,古莊里,1165,44,417,442,903,8,911,0,911,276,1187,76.7481
第15任總統副總統,在臺北市各投開票所,臺北市,　大安區,古莊里,1166,50,357,509,916,10,926,0,926,285,1211,76.4657
第15任總統副總統,在臺北市各投開票所,臺北市,　大安區,古莊里,1167,42,384,502,928,16,944,0,944,313,1257,75.0994
第15任總統副總統,在臺北市各投開票所,臺北市,　大安區,龍安里,1168,43,472,497,1012,15,1027,0,1027,1588,2615,39.2734
第15任總統副總統,在臺北市各投開票所,臺北市,　大安區,龍安里,1169,41,405,503,949,15,964,1,965,292,1257,76.6905
第15任總統副總統,在臺北市各投開票所,臺北市,　大安區,龍安里,1170,23,419,521,963,13,976,0,976,313,1289,75.7176
第15任總統副總統,在臺北市各投開票所,臺北市,　大安區,龍安里,1171,50,493,571,1114,16,1130,0,1130,304,1434,78.8006
第15任總統副總統,在臺北市各投開票所,臺北市,　大安區,錦安里,1172,37,427,361,825,6,831,1,832,261,1093,76.0293
第15任總統副總統,在臺北市各投開票所,臺北市,　大安區,錦安里,1173,34,447,477,958,26,984,0,984,307,1291,76.2200
第15任總統副總統,在臺北市各投開票所,臺北市,　大安區,錦安里,1174,39,384,425,848,9,857,0,857,304,1161,73.8157
第15任總統副總統,在臺北市各投開票所,臺北市,　大安區,錦安里,1175,35,392,490,917,12,929,1,930,298,1228,75.6515
第15任總統副總統,在臺北市各投開票所,臺北市,　大安區,福住里,1176,36,398,508,942,18,960,0,960,338,1298,73.9599
第15任總統副總統,在臺北市各投開票所,臺北市,　大安區,福住里,1177,32,416,474,922,19,941,0,941,352,1293,72.7765
第15任總統副總統,在臺北市各投開票所,臺北市,　大安區,福住里,1178,52,429,495,976,22,998,0,998,284,1282,77.8471
第15任總統副總統,在臺北市各投開票所,臺北市,　大安區,福住里,1179,47,344,498,889,12,901,0,901,280,1181,76.2913
第15任總統副總統,在臺北市各投開票所,臺北市,　大安區,永康里,1180,35,363,370,768,11,779,0,779,234,1013,76.9003
第15任總統副總統,在臺北市各投開票所,臺北市,　大安區,永康里,1181,44,357,350,751,10,761,0,761,228,989,76.9464
第15任總統副總統,在臺北市各投開票所,臺北市,　大安區,永康里,1182,36,340,362,738,11,749,0,749,270,1019,73.5034
第15任總統副總統,在臺北市各投開票所,臺北市,　大安區,光明里,1183,48,485,515,1048,19,1067,0,1067,348,1415,75.4064
第15任總統副總統,在臺北市各投開票所,臺北市,　大安區,光明里,1184,38,454,643,1135,12,1147,0,1147,354,1501,76.4157
第15任總統副總統,在臺北市各投開票所,臺北市,　大安區,錦泰里,1185,39,571,507,1117,9,1126,0,1126,325,1451,77.6017
第15任總統副總統,在臺北市各投開票所,臺北市,　大安區,錦泰里,1186,41,535,560,1136,13,1149,0,1149,346,1495,76.8562
第15任總統副總統,在臺北市各投開票所,臺北市,　大安區,錦華里,1187,30,355,433,818,16,834,0,834,237,1071,77.8711
第15任總統副總統,在臺北市各投開票所,臺北市,　大安區,錦華里,1188,39,415,411,865,12,877,0,877,220,1097,79.9453
第15任總統副總統,在臺北市各投開票所,臺北市,　大安區,錦華里,1189,45,428,507,980,14,994,0,994,261,1255,79.2032
第15任總統副總統,在臺北市各投開票所,臺北市,　大安區,錦華里,1190,41,402,456,899,10,909,0,909,253,1162,78.2272
第15任總統副總統,在臺北市各投開票所,臺北市,　大安區,龍圖里,1191,47,496,446,989,12,1001,0,1001,332,1333,75.0938
第15任總統副總統,在臺北市各投開票所,臺北市,　大安區,龍圖里,1192,43,553,535,1131,20,1151,0,1151,377,1528,75.3272
第15任總統副總統,在臺北市各投開票所,臺北市,　大安區,龍圖里,1193,43,471,495,1009,13,1022,0,1022,355,1377,74.2193
第15任總統副總統,在臺北市各投開票所,臺北市,　大安區,龍圖里,1194,32,552,517,1101,13,1114,0,1114,402,1516,73.4828
第15任總統副總統,在臺北市各投開票所,臺北市,　大安區,新龍里,1195,40,521,450,1011,21,1032,0,1032,295,1327,77.7694
第15任總統副總統,在臺北市各投開票所,臺北市,　大安區,新龍里,1196,44,587,444,1075,12,1087,0,1087,304,1391,78.1452
第15任總統副總統,在臺北市各投開票所,臺北市,　大安區,新龍里,1197,59,621,427,1107,12,1119,0,1119,330,1449,77.2257
第15任總統副總統,在臺北市各投開票所,臺北市,　大安區,新龍里,1198,51,694,370,1115,18,1133,0,1133,268,1401,80.8708
第15任總統副總統,在臺北市各投開票所,臺北市,　大安區,龍陣里,1199,33,560,545,1138,18,1156,0,1156,381,1537,75.2115
第15任總統副總統,在臺北市各投開票所,臺北市,　大安區,龍陣里,1200,46,509,525,1080,13,1093,0,1093,354,1447,75.5356
第15任總統副總統,在臺北市各投開票所,臺北市,　大安區,龍雲里,1201,43,469,487,999,12,1011,0,1011,301,1312,77.0579
第15任總統副總統,在臺北市各投開票所,臺北市,　大安區,龍雲里,1202,46,448,597,1091,15,1106,0,1106,329,1435,77.0732
第15任總統副總統,在臺北市各投開票所,臺北市,　大安區,龍雲里,1203,30,456,467,953,5,958,0,958,382,1340,71.4925
第15任總統副總統,在臺北市各投開票所,臺北市,　大安區,龍生里,1204,45,493,521,1059,14,1073,1,1074,304,1378,77.8665
第15任總統副總統,在臺北市各投開票所,臺北市,　大安區,龍生里,1205,45,463,504,1012,18,1030,0,1030,330,1360,75.7353
第15任總統副總統,在臺北市各投開票所,臺北市,　大安區,龍生里,1206,44,504,453,1001,15,1016,0,1016,300,1316,77.2036
第15任總統副總統,在臺北市各投開票所,臺北市,　大安區,龍生里,1207,49,494,468,1011,12,1023,4,1027,309,1336,76.5719
第15任總統副總統,在臺北市各投開票所,臺北市,　大安區,住安里,1208,43,479,502,1024,12,1036,0,1036,414,1450,71.4483
第15任總統副總統,在臺北市各投開票所,臺北市,　大安區,住安里,1209,35,479,470,984,24,1008,0,1008,460,1468,68.6649
第15任總統副總統,在臺北市各投開票所,臺北市,　大安區,住安里,1210,37,571,497,1105,18,1123,0,1123,358,1481,75.8271
第15任總統副總統,在臺北市各投開票所,臺北市,　大安區,義安里,1211,37,435,436,908,5,913,0,913,338,1251,72.9816
第15任總統副總統,在臺北市各投開票所,臺北市,　大安區,義安里,1212,45,398,359,802,8,810,0,810,281,1091,74.2438
第15任總統副總統,在臺北市各投開票所,臺北市,　大安區,義安里,1213,32,435,387,854,14,868,0,868,308,1176,73.8095
第15任總統副總統,在臺北市各投開票所,臺北市,　大安區,義安里,1214,31,372,365,768,10,778,0,778,270,1048,74.2366
第15任總統副總統,在臺北市各投開票所,臺北市,　大安區,通化里,1215,43,328,474,845,10,855,0,855,261,1116,76.6129
第15任總統副總統,在臺北市各投開票所,臺北市,　大安區,通化里,1216,40,465,501,1006,14,1020,0,1020,360,1380,73.9130
第15任總統副總統,在臺北市各投開票所,臺北市,　大安區,通化里,1217,47,399,614,1060,17,1077,0,1077,315,1392,77.3707
第15任總統副總統,在臺北市各投開票所,臺北市,　大安區,通化里,1218,55,371,620,1046,11,1057,0,1057,390,1447,73.0477
第15任總統副總統,在臺北市各投開票所,臺北市,　大安區,通安里,1219,42,377,392,811,15,826,0,826,251,1077,76.6945
第15任總統副總統,在臺北市各投開票所,臺北市,　大安區,通安里,1220,38,310,437,785,14,799,0,799,229,1028,77.7237
第15任總統副總統,在臺北市各投開票所,臺北市,　大安區,通安里,1221,31,445,470,946,6,952,0,952,311,1263,75.3761
第15任總統副總統,在臺北市各投開票所,臺北市,　大安區,通安里,1222,37,453,444,934,12,946,0,946,325,1271,74.4296
第15任總統副總統,在臺北市各投開票所,臺北市,　大安區,臨江里,1223,47,425,494,966,15,981,0,981,284,1265,77.5494
第15任總統副總統,在臺北市各投開票所,臺北市,　大安區,臨江里,1224,46,418,444,908,5,913,0,913,310,1223,74.6525
第15任總統副總統,在臺北市各投開票所,臺北市,　大安區,臨江里,1225,33,356,405,794,12,806,3,809,266,1075,74.9767
第15任總統副總統,在臺北市各投開票所,臺北市,　大安區,法治里,1226,44,498,418,960,18,978,0,978,298,1276,76.6458
第15任總統副總統,在臺北市各投開票所,臺北市,　大安區,法治里,1227,34,510,416,960,12,972,0,972,352,1324,73.4139
第15任總統副總統,在臺北市各投開票所,臺北市,　大安區,法治里,1228,31,410,451,892,15,907,0,907,312,1219,74.4053
第15任總統副總統,在臺北市各投開票所,臺北市,　大安區,全安里,1229,34,424,440,898,17,915,0,915,340,1255,72.9084
第15任總統副總統,在臺北市各投開票所,臺北市,　大安區,全安里,1230,43,470,411,924,10,934,0,934,344,1278,73.0829
第15任總統副總統,在臺北市各投開票所,臺北市,　大安區,全安里,1231,23,436,425,884,9,893,0,893,310,1203,74.2311
第15任總統副總統,在臺北市各投開票所,臺北市,　大安區,群賢里,1232,43,440,508,991,14,1005,0,1005,312,1317,76.3098
第15任總統副總統,在臺北市各投開票所,臺北市,　大安區,群賢里,1233,32,401,421,854,16,870,0,870,270,1140,76.3158
第15任總統副總統,在臺北市各投開票所,臺北市,　大安區,群賢里,1234,55,496,418,969,17,986,0,986,313,1299,75.9045
第15任總統副總統,在臺北市各投開票所,臺北市,　大安區,群賢里,1235,29,524,349,902,10,912,0,912,352,1264,72.1519
第15任總統副總統,在臺北市各投開票所,臺北市,　大安區,群英里,1236,30,658,206,894,10,904,0,904,287,1191,75.9026
第15任總統副總統,在臺北市各投開票所,臺北市,　大安區,群英里,1237,37,504,280,821,12,833,0,833,252,1085,76.7742
第15任總統副總統,在臺北市各投開票所,臺北市,　大安區,群英里,1238,51,538,339,928,15,943,0,943,248,1191,79.1772
第15任總統副總統,在臺北市各投開票所,臺北市,　大安區,群英里,1239,54,552,390,996,11,1007,0,1007,255,1262,79.7940
第15任總統副總統,在臺北市各投開票所,臺北市,　大安區,群英里,1240,48,517,353,918,17,935,0,935,266,1201,77.8518
第15任總統副總統,在臺北市各投開票所,臺北市,　大安區,虎嘯里,1241,56,505,546,1107,16,1123,0,1123,358,1481,75.8271
第15任總統副總統,在臺北市各投開票所,臺北市,　大安區,虎嘯里,1242,32,278,284,594,7,601,0,601,177,778,77.2494
第15任總統副總統,在臺北市各投開票所,臺北市,　大安區,虎嘯里,1243,34,364,328,726,20,746,1,747,255,1002,74.4511
第15任總統副總統,在臺北市各投開票所,臺北市,　大安區,臥龍里,1244,22,326,320,668,6,674,0,674,220,894,75.3915
第15任總統副總統,在臺北市各投開票所,臺北市,　大安區,臥龍里,1245,38,314,300,652,9,661,0,661,188,849,77.8563
第15任總統副總統,在臺北市各投開票所,臺北市,　大安區,龍淵里,1246,30,394,443,867,11,878,0,878,240,1118,78.5331
第15任總統副總統,在臺北市各投開票所,臺北市,　大安區,龍淵里,1247,44,491,454,989,10,999,0,999,281,1280,78.0469
第15任總統副總統,在臺北市各投開票所,臺北市,　大安區,龍淵里,1248,47,434,554,1035,16,1051,0,1051,291,1342,78.3159
第15任總統副總統,在臺北市各投開票所,臺北市,　大安區,龍淵里,1249,34,464,471,969,15,984,0,984,327,1311,75.0572
第15任總統副總統,在臺北市各投開票所,臺北市,　大安區,龍淵里,1250,45,380,532,957,21,978,0,978,245,1223,79.9673
第15任總統副總統,在臺北市各投開票所,臺北市,　大安區,龍淵里,1251,32,387,497,916,17,933,0,933,272,1205,77.4274
第15任總統副總統,在臺北市各投開票所,臺北市,　大安區,龍門里,1252,36,379,470,885,7,892,0,892,320,1212,73.5974
第15任總統副總統,在臺北市各投開票所,臺北市,　大安區,龍門里,1253,34,388,424,846,5,851,0,851,227,1078,78.9425
第15任總統副總統,在臺北市各投開票所,臺北市,　大安區,龍門里,1254,31,459,456,946,7,953,0,953,304,1257,75.8154
第15任總統副總統,在臺北市各投開票所,臺北市,　大安區,大學里,1255,51,542,584,1177,15,1192,0,1192,340,1532,77.8068
第15任總統副總統,在臺北市各投開票所,臺北市,　大安區,大學里,1256,47,480,532,1059,12,1071,0,1071,348,1419,75.4757
第15任總統副總統,在臺北市各投開票所,臺北市,　大安區,大學里,1257,51,506,565,1122,22,1144,1,1145,293,1438,79.5549
第15任總統副總統,在臺北市各投開票所,臺北市,　大安區,大學里,1258,41,503,486,1030,12,1042,0,1042,358,1400,74.4286
第15任總統副總統,在臺北市各投開票所,臺北市,　大安區,大學里,1259,46,457,521,1024,12,1036,0,1036,311,1347,76.9117
第15任總統副總統,在臺北市各投開票所,臺北市,　大安區,芳和里,1260,42,456,457,955,18,973,0,973,316,1289,75.4849
第15任總統副總統,在臺北市各投開票所,臺北市,　大安區,芳和里,1261,29,457,400,886,10,896,0,896,299,1195,74.9791
第15任總統副總統,在臺北市各投開票所,臺北市,　大安區,芳和里,1262,33,418,469,920,8,928,0,928,316,1244,74.5981
第15任總統副總統,在臺北市各投開票所,臺北市,　大安區,芳和里,1263,36,423,470,929,8,937,0,937,276,1213,77.2465
第15任總統副總統,在臺北市各投開票所,臺北市,　大安區,黎元里,1264,45,450,463,958,12,970,0,970,268,1238,78.3522
第15任總統副總統,在臺北市各投開票所,臺北市,　大安區,黎元里,1265,40,357,440,837,9,846,0,846,259,1105,76.5611
第15任總統副總統,在臺北市各投開票所,臺北市,　大安區,黎元里,1266,24,329,422,775,10,785,0,785,259,1044,75.1916
第15任總統副總統,在臺北市各投開票所,臺北市,　大安區,黎元里,1267,30,421,519,970,13,983,0,983,314,1297,75.7903
第15任總統副總統,在臺北市各投開票所,臺北市,　大安區,黎孝里,1268,50,436,604,1090,12,1102,0,1102,322,1424,77.3876
第15任總統副總統,在臺北市各投開票所,臺北市,　大安區,黎孝里,1269,42,507,501,1050,19,1069,0,1069,280,1349,79.2439
第15任總統副總統,在臺北市各投開票所,臺北市,　大安區,黎孝里,1270,45,499,463,1007,16,1023,0,1023,272,1295,78.9961
第15任總統副總統,在臺北市各投開票所,臺北市,　大安區,黎孝里,1271,52,420,466,938,15,953,0,953,276,1229,77.5427
第15任總統副總統,在臺北市各投開票所,臺北市,　大安區,黎孝里,1272,46,445,528,1019,14,1033,0,1033,290,1323,78.0801
第15任總統副總統,在臺北市各投開票所,臺北市,　大安區,黎和里,1273,46,452,429,927,12,939,2,941,314,1255,74.8207
第15任總統副總統,在臺北市各投開票所,臺北市,　大安區,黎和里,1274,31,558,524,1113,7,1120,0,1120,359,1479,75.7268
第15任總統副總統,在臺北市各投開票所,臺北市,　大安區,黎和里,1275,42,565,498,1105,10,1115,0,1115,281,1396,79.8711
第15任總統副總統,在臺北市各投開票所,臺北市,　大安區,建安里,1276,39,456,501,996,12,1008,0,1008,355,1363,73.9545
第15任總統副總統,在臺北市各投開票所,臺北市,　大安區,建安里,1277,43,463,459,965,9,974,0,974,362,1336,72.9042
第15任總統副總統,在臺北市各投開票所,臺北市,　大安區,建安里,1278,42,479,450,971,11,982,0,982,443,1425,68.9123
第15任總統副總統,在臺北市各投開票所,臺北市,　大安區,建倫里,1279,35,441,427,903,12,915,0,915,336,1251,73.1415
第15任總統副總統,在臺北市各投開票所,臺北市,　大安區,建倫里,1280,38,444,470,952,19,971,0,971,412,1383,70.2097
第15任總統副總統,在臺北市各投開票所,臺北市,　大安區,建倫里,1281,31,421,438,890,6,896,0,896,363,1259,71.1676
第15任總統副總統,在臺北市各投開票所,臺北市,　大安區,建倫里,1282,28,427,450,905,11,916,0,916,360,1276,71.7868
第15任總統副總統,在臺北市各投開票所,臺北市,　大安區,敦安里,1283,35,415,480,930,9,939,0,939,350,1289,72.8472
第15任總統副總統,在臺北市各投開票所,臺北市,　大安區,敦安里,1284,29,414,530,973,4,977,2,979,334,1313,74.4097
第15任總統副總統,在臺北市各投開票所,臺北市,　大安區,敦安里,1285,43,444,434,921,16,937,0,937,347,1284,72.9751
第15任總統副總統,在臺北市各投開票所,臺北市,　大安區,敦安里,1286,39,421,498,958,7,965,0,965,335,1300,74.2308
第15任總統副總統,在臺北市各投開票所,臺北市,　大安區,正聲里,1287,40,499,452,991,18,1009,0,1009,378,1387,72.7469
第15任總統副總統,在臺北市各投開票所,臺北市,　大安區,正聲里,1288,54,464,454,972,13,985,0,985,338,1323,74.4520
第15任總統副總統,在臺北市各投開票所,臺北市,　大安區,正聲里,1289,31,431,424,886,17,903,0,903,390,1293,69.8376
第15任總統副總統,在臺北市各投開票所,臺北市,　大安區,敦煌里,1290,35,409,418,862,12,874,0,874,365,1239,70.5408
第15任總統副總統,在臺北市各投開票所,臺北市,　大安區,敦煌里,1291,45,421,460,926,10,936,0,936,307,1243,75.3017
第15任總統副總統,在臺北市各投開票所,臺北市,　大安區,敦煌里,1292,35,399,532,966,8,974,0,974,273,1247,78.1075
第15任總統副總統,在臺北市各投開票所,臺北市,　大安區,敦煌里,1293,42,400,485,927,18,945,0,945,311,1256,75.2389
第15任總統副總統,在臺北市各投開票所,臺北市,　大安區,華聲里,1294,50,411,470,931,16,947,0,947,290,1237,76.5562
第15任總統副總統,在臺北市各投開票所,臺北市,　大安區,華聲里,1295,29,454,337,820,10,830,0,830,379,1209,68.6518
第15任總統副總統,在臺北市各投開票所,臺北市,　大安區,華聲里,1296,23,375,448,846,16,862,0,862,275,1137,75.8135
第15任總統副總統,在臺北市各投開票所,臺北市,　大安區,車層里,1297,31,422,487,940,10,950,0,950,330,1280,74.2188
第15任總統副總統,在臺北市各投開票所,臺北市,　大安區,車層里,1298,35,413,435,883,10,893,0,893,378,1271,70.2596
第15任總統副總統,在臺北市各投開票所,臺北市,　大安區,車層里,1299,41,494,497,1032,14,1046,0,1046,337,1383,75.6327
第15任總統副總統,在臺北市各投開票所,臺北市,　大安區,車層里,1300,33,468,525,1026,5,1031,0,1031,349,1380,74.7101
第15任總統副總統,在臺北市各投開票所,臺北市,　大安區,光信里,1301,46,508,493,1047,9,1056,0,1056,331,1387,76.1355
第15任總統副總統,在臺北市各投開票所,臺北市,　大安區,光信里,1302,45,398,462,905,15,920,0,920,341,1261,72.9580
第15任總統副總統,在臺北市各投開票所,臺北市,　大安區,光信里,1303,34,390,473,897,17,914,0,914,313,1227,74.4906
第15任總統副總統,在臺北市各投開票所,臺北市,　大安區,光信里,1304,32,443,429,904,11,915,0,915,303,1218,75.1232
第15任總統副總統,在臺北市各投開票所,臺北市,　大安區,光信里,1305,39,436,488,963,12,975,0,975,271,1246,78.2504
第15任總統副總統,在臺北市各投開票所,臺北市,　大安區,學府里,1306,28,343,259,630,9,639,0,639,225,864,73.9583
第15任總統副總統,在臺北市各投開票所,臺北市,　大安區,學府里,1307,14,230,188,432,2,434,0,434,175,609,71.2644
第15任總統副總統,在臺北市各投開票所,臺北市,　大安區,學府里,1308,21,274,277,572,10,582,0,582,191,773,75.2911
第15任總統副總統,在臺北市各投開票所,臺北市,　中山區,正守里,0430,57,433,630,1120,26,1146,0,1146,364,1510,75.8940
第15任總統副總統,在臺北市各投開票所,臺北市,　中山區,正守里,0431,51,393,534,978,19,997,0,997,325,1322,75.4160
第15任總統副總統,在臺北市各投開票所,臺北市,　中山區,正義里,0432,48,496,565,1109,15,1124,0,1124,460,1584,70.9596
第15任總統副總統,在臺北市各投開票所,臺北市,　中山區,正義里,0433,66,460,563,1089,13,1102,0,1102,442,1544,71.3731
第15任總統副總統,在臺北市各投開票所,臺北市,　中山區,正義里,0434,42,440,587,1069,13,1082,0,1082,415,1497,72.2779
第15任總統副總統,在臺北市各投開票所,臺北市,　中山區,正得里,0435,39,492,624,1155,22,1177,0,1177,431,1608,73.1965
第15任總統副總統,在臺北市各投開票所,臺北市,　中山區,正得里,0436,40,505,627,1172,12,1184,0,1184,457,1641,72.1511
第15任總統副總統,在臺北市各投開票所,臺北市,　中山區,民安里,0437,30,345,595,970,10,980,0,980,328,1308,74.9235
第15任總統副總統,在臺北市各投開票所,臺北市,　中山區,民安里,0438,42,322,493,857,13,870,0,870,283,1153,75.4553
第15任總統副總統,在臺北市各投開票所,臺北市,　中山區,民安里,0439,48,405,647,1100,17,1117,0,1117,316,1433,77.9484
第15任總統副總統,在臺北市各投開票所,臺北市,　中山區,康樂里,0440,30,335,383,748,8,756,0,756,294,1050,72.0000
第15任總統副總統,在臺北市各投開票所,臺北市,　中山區,康樂里,0441,37,431,441,909,10,919,0,919,349,1268,72.4763
第15任總統副總統,在臺北市各投開票所,臺北市,　中山區,中山里,0442,35,292,467,794,12,806,0,806,294,1100,73.2727
第15任總統副總統,在臺北市各投開票所,臺北市,　中山區,中山里,0443,47,314,492,853,14,867,0,867,331,1198,72.3706
第15任總統副總統,在臺北市各投開票所,臺北市,　中山區,中山里,0444,47,327,466,840,15,855,0,855,336,1191,71.7884
第15任總統副總統,在臺北市各投開票所,臺北市,　中山區,中山里,0445,37,371,398,806,11,817,0,817,336,1153,70.8586
第15任總統副總統,在臺北市各投開票所,臺北市,　中山區,中山里,0446,44,388,588,1020,3,1023,0,1023,351,1374,74.4541
第15任總統副總統,在臺北市各投開票所,臺北市,　中山區,聚盛里,0447,43,385,497,925,12,937,0,937,355,1292,72.5232
第15任總統副總統,在臺北市各投開票所,臺北市,　中山區,聚盛里,0448,45,352,458,855,13,868,0,868,309,1177,73.7468
第15任總統副總統,在臺北市各投開票所,臺北市,　中山區,聚盛里,0449,37,448,372,857,16,873,0,873,370,1243,70.2333
第15任總統副總統,在臺北市各投開票所,臺北市,　中山區,集英里,0450,51,324,757,1132,8,1140,0,1140,342,1482,76.9231
第15任總統副總統,在臺北市各投開票所,臺北市,　中山區,集英里,0451,65,389,691,1145,9,1154,0,1154,366,1520,75.9211
第15任總統副總統,在臺北市各投開票所,臺北市,　中山區,集英里,0452,46,375,704,1125,12,1137,0,1137,407,1544,73.6399
第15任總統副總統,在臺北市各投開票所,臺北市,　中山區,集英里,0453,55,418,628,1101,11,1112,0,1112,361,1473,75.4922
第15任總統副總統,在臺北市各投開票所,臺北市,　中山區,聚葉里,0454,49,345,457,851,8,859,0,859,313,1172,73.2935
第15任總統副總統,在臺北市各投開票所,臺北市,　中山區,聚葉里,0455,34,322,538,894,9,903,0,903,307,1210,74.6281
第15任總統副總統,在臺北市各投開票所,臺北市,　中山區,聚葉里,0456,33,312,453,798,18,816,0,816,320,1136,71.8310
第15任總統副總統,在臺北市各投開票所,臺北市,　中山區,恆安里,0457,28,307,496,831,7,838,0,838,271,1109,75.5636
第15任總統副總統,在臺北市各投開票所,臺北市,　中山區,恆安里,0458,41,335,450,826,8,834,0,834,316,1150,72.5217
第15任總統副總統,在臺北市各投開票所,臺北市,　中山區,恆安里,0459,37,336,378,751,13,764,0,764,295,1059,72.1435
第15任總統副總統,在臺北市各投開票所,臺北市,　中山區,恆安里,0460,22,296,323,641,10,651,0,651,307,958,67.9541
第15任總統副總統,在臺北市各投開票所,臺北市,　中山區,晴光里,0461,51,397,443,891,16,907,0,907,375,1282,70.7488
第15任總統副總統,在臺北市各投開票所,臺北市,　中山區,晴光里,0462,24,353,388,765,6,771,0,771,284,1055,73.0806
第15任總統副總統,在臺北市各投開票所,臺北市,　中山區,晴光里,0463,25,368,492,885,9,894,0,894,347,1241,72.0387
第15任總統副總統,在臺北市各投開票所,臺北市,　中山區,晴光里,0464,44,361,503,908,16,924,0,924,354,1278,72.3005
第15任總統副總統,在臺北市各投開票所,臺北市,　中山區,圓山里,0465,55,339,509,903,11,914,0,914,278,1192,76.6779
第15任總統副總統,在臺北市各投開票所,臺北市,　中山區,圓山里,0466,48,366,565,979,9,988,0,988,290,1278,77.3083
第15任總統副總統,在臺北市各投開票所,臺北市,　中山區,圓山里,0467,46,321,475,842,14,856,0,856,344,1200,71.3333
第15任總統副總統,在臺北市各投開票所,臺北市,　中山區,新庄里,0468,48,458,607,1113,14,1127,0,1127,373,1500,75.1333
第15任總統副總統,在臺北市各投開票所,臺北市,　中山區,新庄里,0469,49,401,709,1159,16,1175,0,1175,297,1472,79.8234
第15任總統副總統,在臺北市各投開票所,臺北市,　中山區,新庄里,0470,34,365,628,1027,13,1040,0,1040,298,1338,77.7280
第15任總統副總統,在臺北市各投開票所,臺北市,　中山區,劍潭里,0471,52,730,396,1178,22,1200,0,1200,397,1597,75.1409
第15任總統副總統,在臺北市各投開票所,臺北市,　中山區,劍潭里,0472,53,881,252,1186,14,1200,0,1200,337,1537,78.0742
第15任總統副總統,在臺北市各投開票所,臺北市,　中山區,大直里,0473,44,442,552,1038,18,1056,0,1056,294,1350,78.2222
第15任總統副總統,在臺北市各投開票所,臺北市,　中山區,大直里,0474,32,431,451,914,12,926,0,926,277,1203,76.9742
第15任總統副總統,在臺北市各投開票所,臺北市,　中山區,大直里,0475,54,385,518,957,14,971,0,971,216,1187,81.8029
第15任總統副總統,在臺北市各投開票所,臺北市,　中山區,大直里,0476,51,504,525,1080,13,1093,0,1093,247,1340,81.5672
第15任總統副總統,在臺北市各投開票所,臺北市,　中山區,大直里,0477,43,390,375,808,13,821,0,821,273,1094,75.0457
第15任總統副總統,在臺北市各投開票所,臺北市,　中山區,大直里,0478,37,462,539,1038,8,1046,0,1046,330,1376,76.0174
第15任總統副總統,在臺北市各投開票所,臺北市,　中山區,成功里,0479,60,409,607,1076,15,1091,0,1091,281,1372,79.5190
第15任總統副總統,在臺北市各投開票所,臺北市,　中山區,成功里,0480,33,397,611,1041,17,1058,0,1058,327,1385,76.3899
第15任總統副總統,在臺北市各投開票所,臺北市,　中山區,成功里,0481,47,420,497,964,13,977,0,977,332,1309,74.6371
第15任總統副總統,在臺北市各投開票所,臺北市,　中山區,成功里,0482,41,430,488,959,12,971,0,971,289,1260,77.0635
第15任總統副總統,在臺北市各投開票所,臺北市,　中山區,永安里,0483,51,423,539,1013,15,1028,0,1028,333,1361,75.5327
第15任總統副總統,在臺北市各投開票所,臺北市,　中山區,永安里,0484,51,479,642,1172,16,1188,0,1188,336,1524,77.9528
第15任總統副總統,在臺北市各投開票所,臺北市,　中山區,永安里,0485,44,507,658,1209,22,1231,0,1231,386,1617,76.1286
第15任總統副總統,在臺北市各投開票所,臺北市,　中山區,永安里,0486,43,496,644,1183,31,1214,0,1214,379,1593,76.2084
第15任總統副總統,在臺北市各投開票所,臺北市,　中山區,永安里,0487,43,523,695,1261,26,1287,0,1287,373,1660,77.5301
第15任總統副總統,在臺北市各投開票所,臺北市,　中山區,金泰里,0488,36,294,423,753,11,764,0,764,222,986,77.4848
第15任總統副總統,在臺北市各投開票所,臺北市,　中山區,金泰里,0489,58,413,444,915,12,927,0,927,278,1205,76.9295
第15任總統副總統,在臺北市各投開票所,臺北市,　中山區,金泰里,0490,46,402,442,890,11,901,0,901,282,1183,76.1623
第15任總統副總統,在臺北市各投開票所,臺北市,　中山區,金泰里,0491,61,474,541,1076,18,1094,0,1094,347,1441,75.9195
第15任總統副總統,在臺北市各投開票所,臺北市,　中山區,金泰里,0492,62,451,534,1047,14,1061,0,1061,304,1365,77.7289
第15任總統副總統,在臺北市各投開票所,臺北市,　中山區,北安里,0493,31,523,415,969,16,985,0,985,266,1251,78.7370
第15任總統副總統,在臺北市各投開票所,臺北市,　中山區,北安里,0494,29,319,412,760,9,769,0,769,202,971,79.1967
第15任總統副總統,在臺北市各投開票所,臺北市,　中山區,新喜里,0495,63,363,735,1161,18,1179,0,1179,407,1586,74.3380
第15任總統副總統,在臺北市各投開票所,臺北市,　中山區,新喜里,0496,62,367,721,1150,9,1159,0,1159,308,1467,79.0048
第15任總統副總統,在臺北市各投開票所,臺北市,　中山區,新喜里,0497,52,425,628,1105,17,1122,0,1122,330,1452,77.2727
第15任總統副總統,在臺北市各投開票所,臺北市,　中山區,新福里,0498,42,356,769,1167,16,1183,0,1183,352,1535,77.0684
第15任總統副總統,在臺北市各投開票所,臺北市,　中山區,新福里,0499,42,359,682,1083,8,1091,0,1091,303,1394,78.2640
第15任總統副總統,在臺北市各投開票所,臺北市,　中山區,新福里,0500,50,389,672,1111,18,1129,0,1129,361,1490,75.7718
第15任總統副總統,在臺北市各投開票所,臺北市,　中山區,松江里,0501,40,358,583,981,13,994,0,994,312,1306,76.1103
第15任總統副總統,在臺北市各投開票所,臺北市,　中山區,松江里,0502,50,390,677,1117,8,1125,0,1125,319,1444,77.9086
第15任總統副總統,在臺北市各投開票所,臺北市,　中山區,松江里,0503,52,376,622,1050,17,1067,0,1067,279,1346,79.2719
第15任總統副總統,在臺北市各投開票所,臺北市,　中山區,松江里,0504,44,398,549,991,9,1000,0,1000,289,1289,77.5795
第15任總統副總統,在臺北市各投開票所,臺北市,　中山區,新生里,0505,39,372,558,969,13,982,0,982,278,1260,77.9365
第15任總統副總統,在臺北市各投開票所,臺北市,　中山區,新生里,0506,36,398,659,1093,21,1114,0,1114,339,1453,76.6690
第15任總統副總統,在臺北市各投開票所,臺北市,　中山區,新生里,0507,42,423,686,1151,11,1162,1,1163,366,1529,75.9974
第15任總統副總統,在臺北市各投開票所,臺北市,　中山區,中庄里,0508,44,397,707,1148,10,1158,0,1158,386,1544,75.0000
第15任總統副總統,在臺北市各投開票所,臺北市,　中山區,中庄里,0509,47,373,643,1063,17,1080,0,1080,331,1411,76.5415
第15任總統副總統,在臺北市各投開票所,臺北市,　中山區,中庄里,0510,55,371,648,1074,15,1089,0,1089,399,1488,73.1855
第15任總統副總統,在臺北市各投開票所,臺北市,　中山區,大佳里,0511,30,186,453,669,9,678,0,678,214,892,76.0090
第15任總統副總統,在臺北市各投開票所,臺北市,　中山區,行政里,0512,38,303,479,820,10,830,0,830,211,1041,79.7310
第15任總統副總統,在臺北市各投開票所,臺北市,　中山區,行政里,0513,42,333,506,881,13,894,0,894,286,1180,75.7627
第15任總統副總統,在臺北市各投開票所,臺北市,　中山區,行政里,0514,48,392,578,1018,11,1029,0,1029,259,1288,79.8913
第15任總統副總統,在臺北市各投開票所,臺北市,　中山區,行政里,0515,55,537,692,1284,16,1300,0,1300,1894,3194,40.7013
第15任總統副總統,在臺北市各投開票所,臺北市,　中山區,行仁里,0516,30,366,645,1041,20,1061,0,1061,260,1321,80.3179
第15任總統副總統,在臺北市各投開票所,臺北市,　中山區,行仁里,0517,57,407,789,1253,12,1265,0,1265,382,1647,76.8063
第15任總統副總統,在臺北市各投開票所,臺北市,　中山區,行仁里,0518,50,331,588,969,11,980,0,980,297,1277,76.7424
第15任總統副總統,在臺北市各投開票所,臺北市,　中山區,行仁里,0519,34,380,612,1026,18,1044,0,1044,275,1319,79.1509
第15任總統副總統,在臺北市各投開票所,臺北市,　中山區,行仁里,0520,55,373,619,1047,10,1057,0,1057,344,1401,75.4461
第15任總統副總統,在臺北市各投開票所,臺北市,　中山區,行孝里,0521,47,299,565,911,12,923,0,923,241,1164,79.2955
第15任總統副總統,在臺北市各投開票所,臺北市,　中山區,行孝里,0522,28,284,510,822,6,828,0,828,313,1141,72.5679
第15任總統副總統,在臺北市各投開票所,臺北市,　中山區,行孝里,0523,54,323,578,955,7,962,0,962,301,1263,76.1679
第15任總統副總統,在臺北市各投開票所,臺北市,　中山區,下埤里,0524,48,377,581,1006,14,1020,0,1020,328,1348,75.6677
第15任總統副總統,在臺北市各投開票所,臺北市,　中山區,下埤里,0525,53,342,581,976,17,993,0,993,252,1245,79.7590
第15任總統副總統,在臺北市各投開票所,臺北市,　中山區,下埤里,0526,52,389,564,1005,14,1019,0,1019,300,1319,77.2555
第15任總統副總統,在臺北市各投開票所,臺北市,　中山區,下埤里,0527,44,367,615,1026,7,1033,0,1033,294,1327,77.8448
第15任總統副總統,在臺北市各投開票所,臺北市,　中山區,下埤里,0528,55,370,596,1021,9,1030,0,1030,244,1274,80.8477
第15任總統副總統,在臺北市各投開票所,臺北市,　中山區,江寧里,0529,62,484,707,1253,21,1274,0,1274,346,1620,78.6420
第15任總統副總統,在臺北市各投開票所,臺北市,　中山區,江寧里,0530,49,458,605,1112,16,1128,0,1128,299,1427,79.0470
第15任總統副總統,在臺北市各投開票所,臺北市,　中山區,江寧里,0531,52,387,646,1085,15,1100,0,1100,308,1408,78.1250
第15任總統副總統,在臺北市各投開票所,臺北市,　中山區,江寧里,0532,59,458,595,1112,17,1129,0,1129,358,1487,75.9247
第15任總統副總統,在臺北市各投開票所,臺北市,　中山區,江山里,0533,52,430,553,1035,20,1055,0,1055,273,1328,79.4428
第15任總統副總統,在臺北市各投開票所,臺北市,　中山區,江山里,0534,44,363,601,1008,6,1014,0,1014,290,1304,77.7607
第15任總統副總統,在臺北市各投開票所,臺北市,　中山區,江山里,0535,50,327,628,1005,5,1010,0,1010,287,1297,77.8720
第15任總統副總統,在臺北市各投開票所,臺北市,　中山區,江山里,0536,35,323,600,958,14,972,0,972,275,1247,77.9471
第15任總統副總統,在臺北市各投開票所,臺北市,　中山區,江山里,0537,37,411,534,982,11,993,0,993,275,1268,78.3123
第15任總統副總統,在臺北市各投開票所,臺北市,　中山區,中吉里,0538,50,449,657,1156,7,1163,1,1164,391,1555,74.7910
第15任總統副總統,在臺北市各投開票所,臺北市,　中山區,中吉里,0539,51,410,798,1259,20,1279,0,1279,343,1622,78.8533
第15任總統副總統,在臺北市各投開票所,臺北市,　中山區,中吉里,0540,55,384,747,1186,12,1198,0,1198,371,1569,76.3544
第15任總統副總統,在臺北市各投開票所,臺北市,　中山區,中原里,0541,47,423,668,1138,14,1152,0,1152,322,1474,78.1547
第15任總統副總統,在臺北市各投開票所,臺北市,　中山區,中原里,0542,44,425,680,1149,19,1168,0,1168,309,1477,79.0792
第15任總統副總統,在臺北市各投開票所,臺北市,　中山區,中原里,0543,47,391,684,1122,14,1136,0,1136,342,1478,76.8606
第15任總統副總統,在臺北市各投開票所,臺北市,　中山區,興亞里,0544,47,435,700,1182,17,1199,0,1199,374,1573,76.2238
第15任總統副總統,在臺北市各投開票所,臺北市,　中山區,興亞里,0545,55,467,641,1163,14,1177,0,1177,361,1538,76.5280
第15任總統副總統,在臺北市各投開票所,臺北市,　中山區,興亞里,0546,53,378,668,1099,18,1117,0,1117,380,1497,74.6159
第15任總統副總統,在臺北市各投開票所,臺北市,　中山區,中央里,0547,31,346,449,826,13,839,0,839,227,1066,78.7054
第15任總統副總統,在臺北市各投開票所,臺北市,　中山區,中央里,0548,27,316,470,813,13,826,0,826,200,1026,80.5068
第15任總統副總統,在臺北市各投開票所,臺北市,　中山區,中央里,0549,29,270,415,714,14,728,0,728,204,932,78.1116
第15任總統副總統,在臺北市各投開票所,臺北市,　中山區,朱馥里,0550,39,394,553,986,11,997,0,997,337,1334,74.7376
第15任總統副總統,在臺北市各投開票所,臺北市,　中山區,朱馥里,0551,48,395,475,918,6,924,0,924,285,1209,76.4268
第15任總統副總統,在臺北市各投開票所,臺北市,　中山區,朱馥里,0552,35,363,458,856,16,872,0,872,299,1171,74.4663
第15任總統副總統,在臺北市各投開票所,臺北市,　中山區,朱馥里,0553,28,361,538,927,14,941,0,941,306,1247,75.4611
第15任總統副總統,在臺北市各投開票所,臺北市,　中山區,龍洲里,0554,34,416,371,821,16,837,0,837,242,1079,77.5718
第15任總統副總統,在臺北市各投開票所,臺北市,　中山區,龍洲里,0555,38,454,366,858,8,866,0,866,229,1095,79.0868
第15任總統副總統,在臺北市各投開票所,臺北市,　中山區,龍洲里,0556,39,538,257,834,12,846,0,846,224,1070,79.0654
第15任總統副總統,在臺北市各投開票所,臺北市,　中山區,龍洲里,0557,41,563,306,910,10,920,0,920,251,1171,78.5653
第15任總統副總統,在臺北市各投開票所,臺北市,　中山區,朱園里,0558,145,357,572,1074,9,1083,0,1083,250,1333,81.2453
第15任總統副總統,在臺北市各投開票所,臺北市,　中山區,朱園里,0559,42,336,568,946,15,961,0,961,334,1295,74.2085
第15任總統副總統,在臺北市各投開票所,臺北市,　中山區,朱園里,0560,43,398,587,1028,14,1042,0,1042,266,1308,79.6636
第15任總統副總統,在臺北市各投開票所,臺北市,　中山區,埤頭里,0561,35,306,481,822,12,834,0,834,300,1134,73.5450
第15任總統副總統,在臺北市各投開票所,臺北市,　中山區,埤頭里,0562,21,278,281,580,6,586,0,586,173,759,77.2069
第15任總統副總統,在臺北市各投開票所,臺北市,　中山區,埤頭里,0563,27,291,419,737,12,749,0,749,212,961,77.9396
第15任總統副總統,在臺北市各投開票所,臺北市,　中山區,朱崙里,0564,42,394,531,967,22,989,0,989,305,1294,76.4297
第15任總統副總統,在臺北市各投開票所,臺北市,　中山區,朱崙里,0565,36,337,542,915,17,932,0,932,279,1211,76.9612
第15任總統副總統,在臺北市各投開票所,臺北市,　中山區,力行里,0566,42,366,589,997,14,1011,0,1011,297,1308,77.2936
第15任總統副總統,在臺北市各投開票所,臺北市,　中山區,力行里,0567,33,336,628,997,11,1008,0,1008,315,1323,76.1905
第15任總統副總統,在臺北市各投開票所,臺北市,　中山區,力行里,0568,40,379,524,943,16,959,0,959,314,1273,75.3339
第15任總統副總統,在臺北市各投開票所,臺北市,　中山區,力行里,0569,38,415,549,1002,16,1018,0,1018,314,1332,76.4264
第15任總統副總統,在臺北市各投開票所,臺北市,　中山區,復華里,0570,40,479,493,1012,15,1027,0,1027,341,1368,75.0731
第15任總統副總統,在臺北市各投開票所,臺北市,　中山區,復華里,0571,37,464,544,1045,22,1067,0,1067,323,1390,76.7626
第15任總統副總統,在臺北市各投開票所,臺北市,　中山區,復華里,0572,36,455,433,924,9,933,0,933,302,1235,75.5466
第15任總統副總統,在臺北市各投開票所,臺北市,　中正區,永功里,1034,35,289,424,748,11,759,0,759,242,1001,75.8242
第15任總統副總統,在臺北市各投開票所,臺北市,　中正區,永功里,1035,29,277,437,743,4,747,0,747,270,1017,73.4513
第15任總統副總統,在臺北市各投開票所,臺北市,　中正區,永功里,1036,29,296,419,744,16,760,0,760,219,979,77.6302
第15任總統副總統,在臺北市各投開票所,臺北市,　中正區,永功里,1037,36,296,406,738,17,755,0,755,221,976,77.3566
第15任總統副總統,在臺北市各投開票所,臺北市,　中正區,永功里,1038,44,326,476,846,7,853,0,853,240,1093,78.0421
第15任總統副總統,在臺北市各投開票所,臺北市,　中正區,永昌里,1039,43,391,470,904,11,915,0,915,247,1162,78.7435
第15任總統副總統,在臺北市各投開票所,臺北市,　中正區,永昌里,1040,30,310,487,827,8,835,0,835,243,1078,77.4583
第15任總統副總統,在臺北市各投開票所,臺北市,　中正區,永昌里,1041,30,393,408,831,16,847,0,847,235,1082,78.2810
第15任總統副總統,在臺北市各投開票所,臺北市,　中正區,永昌里,1042,43,302,410,755,8,763,0,763,269,1032,73.9341
第15任總統副總統,在臺北市各投開票所,臺北市,　中正區,龍興里,1043,44,337,424,805,6,811,0,811,204,1015,79.9015
第15任總統副總統,在臺北市各投開票所,臺北市,　中正區,龍興里,1044,34,294,431,759,4,763,0,763,257,1020,74.8039
第15任總統副總統,在臺北市各投開票所,臺北市,　中正區,龍興里,1045,37,314,415,766,13,779,0,779,203,982,79.3279
第15任總統副總統,在臺北市各投開票所,臺北市,　中正區,忠勤里,1046,31,390,345,766,10,776,0,776,310,1086,71.4549
第15任總統副總統,在臺北市各投開票所,臺北市,　中正區,忠勤里,1047,24,420,362,806,8,814,0,814,372,1186,68.6341
第15任總統副總統,在臺北市各投開票所,臺北市,　中正區,忠勤里,1048,33,356,419,808,8,816,0,816,300,1116,73.1183
第15任總統副總統,在臺北市各投開票所,臺北市,　中正區,忠勤里,1049,38,360,424,822,14,836,0,836,248,1084,77.1218
第15任總統副總統,在臺北市各投開票所,臺北市,　中正區,忠勤里,1050,36,350,509,895,18,913,0,913,277,1190,76.7227
第15任總統副總統,在臺北市各投開票所,臺北市,　中正區,廈安里,1051,50,353,521,924,11,935,0,935,263,1198,78.0467
第15任總統副總統,在臺北市各投開票所,臺北市,　中正區,廈安里,1052,49,352,526,927,13,940,0,940,247,1187,79.1912
第15任總統副總統,在臺北市各投開票所,臺北市,　中正區,廈安里,1053,40,331,472,843,6,849,0,849,255,1104,76.9022
第15任總統副總統,在臺北市各投開票所,臺北市,　中正區,愛國里,1054,13,212,392,617,16,633,0,633,212,845,74.9112
第15任總統副總統,在臺北市各投開票所,臺北市,　中正區,愛國里,1055,28,299,327,654,11,665,0,665,216,881,75.4824
第15任總統副總統,在臺北市各投開票所,臺北市,　中正區,愛國里,1056,33,265,359,657,9,666,0,666,183,849,78.4452
第15任總統副總統,在臺北市各投開票所,臺北市,　中正區,南門里,1057,45,403,365,813,11,824,0,824,246,1070,77.0093
第15任總統副總統,在臺北市各投開票所,臺北市,　中正區,南門里,1058,49,403,412,864,13,877,0,877,227,1104,79.4384
第15任總統副總統,在臺北市各投開票所,臺北市,　中正區,龍光里,1059,31,327,364,722,8,730,0,730,208,938,77.8252
第15任總統副總統,在臺北市各投開票所,臺北市,　中正區,龍光里,1060,29,333,291,653,6,659,0,659,187,846,77.8960
第15任總統副總統,在臺北市各投開票所,臺北市,　中正區,龍光里,1061,32,300,336,668,13,681,0,681,180,861,79.0941
第15任總統副總統,在臺北市各投開票所,臺北市,　中正區,南福里,1062,64,384,488,936,11,947,0,947,241,1188,79.7138
第15任總統副總統,在臺北市各投開票所,臺北市,　中正區,南福里,1063,54,398,467,919,14,933,0,933,257,1190,78.4034
第15任總統副總統,在臺北市各投開票所,臺北市,　中正區,南福里,1064,43,474,528,1045,13,1058,0,1058,295,1353,78.1966
第15任總統副總統,在臺北市各投開票所,臺北市,　中正區,南福里,1065,50,410,512,972,20,992,0,992,240,1232,80.5195
第15任總統副總統,在臺北市各投開票所,臺北市,　中正區,南福里,1066,41,419,491,951,12,963,0,963,287,1250,77.0400
第15任總統副總統,在臺北市各投開票所,臺北市,　中正區,南福里,1067,30,346,466,842,10,852,0,852,273,1125,75.7333
第15任總統副總統,在臺北市各投開票所,臺北市,　中正區,南福里,1068,54,460,491,1005,11,1016,1,1017,257,1274,79.7488
第15任總統副總統,在臺北市各投開票所,臺北市,　中正區,龍福里,1069,34,363,502,899,8,907,0,907,250,1157,78.3924
第15任總統副總統,在臺北市各投開票所,臺北市,　中正區,龍福里,1070,31,371,387,789,14,803,0,803,245,1048,76.6221
第15任總統副總統,在臺北市各投開票所,臺北市,　中正區,龍福里,1071,40,314,467,821,5,826,0,826,211,1037,79.6528
第15任總統副總統,在臺北市各投開票所,臺北市,　中正區,龍福里,1072,41,373,473,887,13,900,0,900,251,1151,78.1929
第15任總統副總統,在臺北市各投開票所,臺北市,　中正區,新營里,1073,36,400,447,883,10,893,0,893,256,1149,77.7198
第15任總統副總統,在臺北市各投開票所,臺北市,　中正區,新營里,1074,43,435,408,886,18,904,0,904,262,1166,77.5300
第15任總統副總統,在臺北市各投開票所,臺北市,　中正區,新營里,1075,42,407,449,898,18,916,0,916,250,1166,78.5592
第15任總統副總統,在臺北市各投開票所,臺北市,　中正區,新營里,1076,47,429,423,899,11,910,0,910,243,1153,78.9245
第15任總統副總統,在臺北市各投開票所,臺北市,　中正區,新營里,1077,47,517,366,930,17,947,0,947,212,1159,81.7084
第15任總統副總統,在臺北市各投開票所,臺北市,　中正區,新營里,1078,37,425,409,871,8,879,0,879,257,1136,77.3768
第15任總統副總統,在臺北市各投開票所,臺北市,　中正區,建國里,1079,39,409,452,900,11,911,0,911,288,1199,75.9800
第15任總統副總統,在臺北市各投開票所,臺北市,　中正區,光復里,1080,36,290,358,684,7,691,0,691,204,895,77.2067
第15任總統副總統,在臺北市各投開票所,臺北市,　中正區,光復里,1081,33,301,429,763,10,773,0,773,289,1062,72.7872
第15任總統副總統,在臺北市各投開票所,臺北市,　中正區,光復里,1082,31,370,424,825,7,832,0,832,313,1145,72.6638
第15任總統副總統,在臺北市各投開票所,臺北市,　中正區,黎明里,1083,36,295,309,640,4,644,0,644,246,890,72.3596
第15任總統副總統,在臺北市各投開票所,臺北市,　中正區,黎明里,1084,31,250,334,615,10,625,0,625,203,828,75.4831
第15任總統副總統,在臺北市各投開票所,臺北市,　中正區,黎明里,1085,17,309,319,645,8,653,0,653,272,925,70.5946
第15任總統副總統,在臺北市各投開票所,臺北市,　中正區,梅花里,1086,22,280,395,697,14,711,0,711,179,890,79.8876
第15任總統副總統,在臺北市各投開票所,臺北市,　中正區,梅花里,1087,36,297,314,647,8,655,0,655,242,897,73.0212
第15任總統副總統,在臺北市各投開票所,臺北市,　中正區,梅花里,1088,34,276,393,703,14,717,0,717,181,898,79.8441
第15任總統副總統,在臺北市各投開票所,臺北市,　中正區,幸福里,1089,43,331,407,781,17,798,0,798,272,1070,74.5794
第15任總統副總統,在臺北市各投開票所,臺北市,　中正區,幸福里,1090,28,388,322,738,10,748,0,748,1021,1769,42.2838
第15任總統副總統,在臺北市各投開票所,臺北市,　中正區,幸福里,1091,27,341,381,749,19,768,0,768,256,1024,75.0000
第15任總統副總統,在臺北市各投開票所,臺北市,　中正區,幸福里,1092,30,295,404,729,10,739,0,739,233,972,76.0288
第15任總統副總統,在臺北市各投開票所,臺北市,　中正區,幸市里,1093,13,292,363,668,10,678,0,678,224,902,75.1663
第15任總統副總統,在臺北市各投開票所,臺北市,　中正區,幸市里,1094,30,274,469,773,16,789,0,789,258,1047,75.3582
第15任總統副總統,在臺北市各投開票所,臺北市,　中正區,幸市里,1095,34,350,394,778,15,793,0,793,214,1007,78.7488
第15任總統副總統,在臺北市各投開票所,臺北市,　中正區,幸市里,1096,35,290,319,644,8,652,0,652,248,900,72.4444
第15任總統副總統,在臺北市各投開票所,臺北市,　中正區,東門里,1097,38,420,467,925,24,949,0,949,270,1219,77.8507
第15任總統副總統,在臺北市各投開票所,臺北市,　中正區,東門里,1098,39,403,351,793,5,798,0,798,233,1031,77.4006
第15任總統副總統,在臺北市各投開票所,臺北市,　中正區,東門里,1099,21,347,312,680,10,690,0,690,231,921,74.9186
第15任總統副總統,在臺北市各投開票所,臺北市,　中正區,文北里,1100,39,399,474,912,11,923,0,923,319,1242,74.3156
第15任總統副總統,在臺北市各投開票所,臺北市,　中正區,文北里,1101,36,382,488,906,10,916,0,916,280,1196,76.5886
第15任總統副總統,在臺北市各投開票所,臺北市,　中正區,文北里,1102,33,316,421,770,10,780,0,780,218,998,78.1563
第15任總統副總統,在臺北市各投開票所,臺北市,　中正區,文北里,1103,34,364,524,922,19,941,0,941,279,1220,77.1311
第15任總統副總統,在臺北市各投開票所,臺北市,　中正區,文祥里,1104,45,442,541,1028,16,1044,0,1044,331,1375,75.9273
第15任總統副總統,在臺北市各投開票所,臺北市,　中正區,文祥里,1105,37,417,497,951,11,962,0,962,284,1246,77.2071
第15任總統副總統,在臺北市各投開票所,臺北市,　中正區,文祥里,1106,42,432,573,1047,10,1057,1,1058,300,1358,77.8351
第15任總統副總統,在臺北市各投開票所,臺北市,　中正區,文祥里,1107,34,382,382,798,15,813,0,813,280,1093,74.3824
第15任總統副總統,在臺北市各投開票所,臺北市,　中正區,文祥里,1108,50,393,487,930,27,957,0,957,264,1221,78.3784
第15任總統副總統,在臺北市各投開票所,臺北市,　中正區,三愛里,1109,34,336,423,793,12,805,0,805,291,1096,73.4489
第15任總統副總統,在臺北市各投開票所,臺北市,　中正區,三愛里,1110,40,351,460,851,9,860,0,860,286,1146,75.0436
第15任總統副總統,在臺北市各投開票所,臺北市,　中正區,三愛里,1111,31,404,470,905,17,922,0,922,305,1227,75.1426
第15任總統副總統,在臺北市各投開票所,臺北市,　中正區,三愛里,1112,42,333,490,865,8,873,0,873,231,1104,79.0761
第15任總統副總統,在臺北市各投開票所,臺北市,　中正區,三愛里,1113,45,408,445,898,9,907,0,907,280,1187,76.4111
第15任總統副總統,在臺北市各投開票所,臺北市,　中正區,三愛里,1114,44,445,487,976,20,996,0,996,306,1302,76.4977
第15任總統副總統,在臺北市各投開票所,臺北市,　中正區,水源里,1695,28,264,332,624,8,632,0,632,196,828,76.3285
第15任總統副總統,在臺北市各投開票所,臺北市,　中正區,水源里,1696,30,277,364,671,5,676,0,676,233,909,74.3674
第15任總統副總統,在臺北市各投開票所,臺北市,　中正區,水源里,1697,31,265,317,613,4,617,0,617,214,831,74.2479
第15任總統副總統,在臺北市各投開票所,臺北市,　中正區,富水里,1698,45,448,299,792,8,800,0,800,249,1049,76.2631
第15任總統副總統,在臺北市各投開票所,臺北市,　中正區,富水里,1699,41,356,387,784,9,793,0,793,301,1094,72.4863
第15任總統副總統,在臺北市各投開票所,臺北市,　中正區,文盛里,1700,46,375,494,915,8,923,0,923,253,1176,78.4864
第15任總統副總統,在臺北市各投開票所,臺北市,　中正區,文盛里,1701,43,334,371,748,11,759,0,759,242,1001,75.8242
第15任總統副總統,在臺北市各投開票所,臺北市,　中正區,林興里,1702,30,335,404,769,11,780,0,780,246,1026,76.0234
第15任總統副總統,在臺北市各投開票所,臺北市,　中正區,林興里,1703,34,354,345,733,7,740,0,740,266,1006,73.5586
第15任總統副總統,在臺北市各投開票所,臺北市,　中正區,林興里,1704,35,423,351,809,8,817,0,817,260,1077,75.8589
第15任總統副總統,在臺北市各投開票所,臺北市,　中正區,林興里,1705,29,349,311,689,17,706,0,706,206,912,77.4123
第15任總統副總統,在臺北市各投開票所,臺北市,　中正區,河堤里,1706,36,336,387,759,12,771,0,771,258,1029,74.9271
第15任總統副總統,在臺北市各投開票所,臺北市,　中正區,河堤里,1707,37,329,378,744,10,754,0,754,248,1002,75.2495
第15任總統副總統,在臺北市各投開票所,臺北市,　中正區,河堤里,1708,28,418,332,778,6,784,0,784,261,1045,75.0239
第15任總統副總統,在臺北市各投開票所,臺北市,　中正區,河堤里,1709,32,311,342,685,4,689,0,689,236,925,74.4865
第15任總統副總統,在臺北市各投開票所,臺北市,　中正區,頂東里,1710,27,362,380,769,6,775,0,775,223,998,77.6553
第15任總統副總統,在臺北市各投開票所,臺北市,　中正區,頂東里,1711,28,275,345,648,9,657,0,657,214,871,75.4305
第15任總統副總統,在臺北市各投開票所,臺北市,　中正區,頂東里,1712,31,400,466,897,7,904,0,904,272,1176,76.8707
第15任總統副總統,在臺北市各投開票所,臺北市,　中正區,頂東里,1713,51,314,405,770,13,783,0,783,232,1015,77.1429
第15任總統副總統,在臺北市各投開票所,臺北市,　中正區,頂東里,1714,35,380,434,849,6,855,0,855,245,1100,77.7273
第15任總統副總統,在臺北市各投開票所,臺北市,　中正區,網溪里,1715,46,436,413,895,11,906,0,906,284,1190,76.1345
第15任總統副總統,在臺北市各投開票所,臺北市,　中正區,網溪里,1716,46,449,516,1011,13,1024,0,1024,274,1298,78.8906
第15任總統副總統,在臺北市各投開票所,臺北市,　中正區,網溪里,1717,38,432,566,1036,10,1046,0,1046,312,1358,77.0250
第15任總統副總統,在臺北市各投開票所,臺北市,　中正區,網溪里,1718,25,405,434,864,12,876,0,876,261,1137,77.0449
第15任總統副總統,在臺北市各投開票所,臺北市,　中正區,板溪里,1719,31,299,362,692,15,707,0,707,232,939,75.2929
第15任總統副總統,在臺北市各投開票所,臺北市,　中正區,板溪里,1720,29,288,394,711,9,720,0,720,202,922,78.0911
第15任總統副總統,在臺北市各投開票所,臺北市,　中正區,板溪里,1721,26,383,341,750,8,758,0,758,212,970,78.1443
第15任總統副總統,在臺北市各投開票所,臺北市,　中正區,螢圃里,1722,49,385,492,926,15,941,0,941,320,1261,74.6233
第15任總統副總統,在臺北市各投開票所,臺北市,　中正區,螢圃里,1723,42,538,497,1077,17,1094,0,1094,327,1421,76.9880
第15任總統副總統,在臺北市各投開票所,臺北市,　中正區,螢圃里,1724,37,368,397,802,10,812,0,812,235,1047,77.5549
第15任總統副總統,在臺北市各投開票所,臺北市,　中正區,螢圃里,1725,43,387,400,830,8,838,0,838,264,1102,76.0436
第15任總統副總統,在臺北市各投開票所,臺北市,　中正區,螢雪里,1726,29,534,494,1057,19,1076,0,1076,293,1369,78.5975
第15任總統副總統,在臺北市各投開票所,臺北市,　中正區,螢雪里,1727,38,382,476,896,15,911,0,911,262,1173,77.6641
第15任總統副總統,在臺北市各投開票所,臺北市,　中正區,螢雪里,1728,44,454,474,972,11,983,0,983,302,1285,76.4981
第15任總統副總統,在臺北市各投開票所,臺北市,　大同區,玉泉里,0213,33,303,565,901,13,914,0,914,277,1191,76.7422
第15任總統副總統,在臺北市各投開票所,臺北市,　大同區,玉泉里,0214,35,364,633,1032,9,1041,0,1041,304,1345,77.3978
第15任總統副總統,在臺北市各投開票所,臺北市,　大同區,建明里,0215,31,301,403,735,9,744,0,744,270,1014,73.3728
第15任總統副總統,在臺北市各投開票所,臺北市,　大同區,建明里,0216,31,217,468,716,8,724,1,725,310,1035,69.9517
第15任總統副總統,在臺北市各投開票所,臺北市,　大同區,建明里,0217,19,205,402,626,7,633,0,633,202,835,75.8084
第15任總統副總統,在臺北市各投開票所,臺北市,　大同區,建功里,0218,48,289,676,1013,10,1023,0,1023,312,1335,76.6292
第15任總統副總統,在臺北市各投開票所,臺北市,　大同區,建功里,0219,53,350,631,1034,16,1050,0,1050,357,1407,74.6269
第15任總統副總統,在臺北市各投開票所,臺北市,　大同區,建功里,0220,44,330,604,978,15,993,0,993,325,1318,75.3414
第15任總統副總統,在臺北市各投開票所,臺北市,　大同區,建泰里,0221,39,276,517,832,11,843,0,843,223,1066,79.0807
第15任總統副總統,在臺北市各投開票所,臺北市,　大同區,建泰里,0222,40,233,505,778,7,785,0,785,217,1002,78.3433
第15任總統副總統,在臺北市各投開票所,臺北市,　大同區,建泰里,0223,36,221,485,742,12,754,0,754,263,1017,74.1396
第15任總統副總統,在臺北市各投開票所,臺北市,　大同區,永樂里,0224,33,274,542,849,7,856,0,856,254,1110,77.1171
第15任總統副總統,在臺北市各投開票所,臺北市,　大同區,永樂里,0225,38,211,502,751,6,757,0,757,281,1038,72.9287
第15任總統副總統,在臺北市各投開票所,臺北市,　大同區,永樂里,0226,35,259,616,910,5,915,0,915,294,1209,75.6824
第15任總統副總統,在臺北市各投開票所,臺北市,　大同區,永樂里,0227,46,255,583,884,8,892,0,892,241,1133,78.7290
第15任總統副總統,在臺北市各投開票所,臺北市,　大同區,朝陽里,0228,50,354,544,948,12,960,0,960,300,1260,76.1905
第15任總統副總統,在臺北市各投開票所,臺北市,　大同區,朝陽里,0229,31,302,608,941,16,957,0,957,354,1311,72.9977
第15任總統副總統,在臺北市各投開票所,臺北市,　大同區,朝陽里,0230,35,305,621,961,16,977,0,977,302,1279,76.3878
第15任總統副總統,在臺北市各投開票所,臺北市,　大同區,星明里,0231,46,342,492,880,8,888,0,888,344,1232,72.0779
第15任總統副總統,在臺北市各投開票所,臺北市,　大同區,星明里,0232,37,317,558,912,9,921,0,921,277,1198,76.8781
第15任總統副總統,在臺北市各投開票所,臺北市,　大同區,星明里,0233,31,319,620,970,13,983,0,983,260,1243,79.0829
第15任總統副總統,在臺北市各投開票所,臺北市,　大同區,星明里,0234,35,340,593,968,10,978,0,978,327,1305,74.9425
第15任總統副總統,在臺北市各投開票所,臺北市,　大同區,光能里,0235,36,254,504,794,6,800,0,800,207,1007,79.4439
第15任總統副總統,在臺北市各投開票所,臺北市,　大同區,光能里,0236,38,248,445,731,11,742,0,742,200,942,78.7686
第15任總統副總統,在臺北市各投開票所,臺北市,　大同區,光能里,0237,49,267,604,920,7,927,0,927,241,1168,79.3664
第15任總統副總統,在臺北市各投開票所,臺北市,　大同區,光能里,0238,36,254,540,830,13,843,0,843,237,1080,78.0556
第15任總統副總統,在臺北市各投開票所,臺北市,　大同區,大有里,0239,49,252,726,1027,18,1045,0,1045,300,1345,77.6952
第15任總統副總統,在臺北市各投開票所,臺北市,　大同區,大有里,0240,50,330,666,1046,13,1059,2,1061,325,1386,76.4069
第15任總統副總統,在臺北市各投開票所,臺北市,　大同區,大有里,0241,40,279,691,1010,9,1019,0,1019,278,1297,78.5659
第15任總統副總統,在臺北市各投開票所,臺北市,　大同區,延平里,0242,57,281,506,844,10,854,0,854,237,1091,78.2768
第15任總統副總統,在臺北市各投開票所,臺北市,　大同區,延平里,0243,46,344,536,926,9,935,0,935,330,1265,73.9130
第15任總統副總統,在臺北市各投開票所,臺北市,　大同區,延平里,0244,33,311,617,961,12,973,0,973,313,1286,75.6610
第15任總統副總統,在臺北市各投開票所,臺北市,　大同區,雙連里,0245,41,282,652,975,14,989,0,989,290,1279,77.3260
第15任總統副總統,在臺北市各投開票所,臺北市,　大同區,雙連里,0246,25,237,484,746,9,755,0,755,204,959,78.7278
第15任總統副總統,在臺北市各投開票所,臺北市,　大同區,雙連里,0247,42,278,539,859,12,871,0,871,269,1140,76.4035
第15任總統副總統,在臺北市各投開票所,臺北市,　大同區,雙連里,0248,30,231,495,756,9,765,0,765,219,984,77.7439
第15任總統副總統,在臺北市各投開票所,臺北市,　大同區,雙連里,0249,29,226,488,743,15,758,0,758,249,1007,75.2731
第15任總統副總統,在臺北市各投開票所,臺北市,　大同區,雙連里,0250,33,267,521,821,11,832,0,832,259,1091,76.2603
第15任總統副總統,在臺北市各投開票所,臺北市,　大同區,雙連里,0251,60,315,563,938,13,951,0,951,320,1271,74.8230
第15任總統副總統,在臺北市各投開票所,臺北市,　大同區,南芳里,0252,32,259,595,886,9,895,0,895,262,1157,77.3552
第15任總統副總統,在臺北市各投開票所,臺北市,　大同區,南芳里,0253,27,306,532,865,7,872,0,872,264,1136,76.7606
第15任總統副總統,在臺北市各投開票所,臺北市,　大同區,南芳里,0254,36,260,531,827,12,839,0,839,269,1108,75.7220
第15任總統副總統,在臺北市各投開票所,臺北市,　大同區,民權里,0255,52,329,674,1055,13,1068,0,1068,308,1376,77.6163
第15任總統副總統,在臺北市各投開票所,臺北市,　大同區,民權里,0256,43,315,596,954,16,970,0,970,310,1280,75.7813
第15任總統副總統,在臺北市各投開票所,臺北市,　大同區,民權里,0257,53,331,632,1016,12,1028,0,1028,287,1315,78.1749
第15任總統副總統,在臺北市各投開票所,臺北市,　大同區,民權里,0258,37,328,556,921,15,936,0,936,277,1213,77.1641
第15任總統副總統,在臺北市各投開票所,臺北市,　大同區,景星里,0259,27,257,501,785,16,801,0,801,326,1127,71.0736
第15任總統副總統,在臺北市各投開票所,臺北市,　大同區,景星里,0260,42,239,580,861,15,876,0,876,299,1175,74.5532
第15任總統副總統,在臺北市各投開票所,臺北市,　大同區,隆和里,0261,44,281,621,946,16,962,0,962,301,1263,76.1679
第15任總統副總統,在臺北市各投開票所,臺北市,　大同區,隆和里,0262,30,284,679,993,13,1006,0,1006,314,1320,76.2121
第15任總統副總統,在臺北市各投開票所,臺北市,　大同區,蓬萊里,0263,30,255,465,750,10,760,0,760,263,1023,74.2913
第15任總統副總統,在臺北市各投開票所,臺北市,　大同區,蓬萊里,0264,37,287,604,928,12,940,0,940,257,1197,78.5297
第15任總統副總統,在臺北市各投開票所,臺北市,　大同區,蓬萊里,0265,39,219,496,754,15,769,0,769,201,970,79.2784
第15任總統副總統,在臺北市各投開票所,臺北市,　大同區,蓬萊里,0266,37,268,497,802,5,807,0,807,246,1053,76.6382
第15任總統副總統,在臺北市各投開票所,臺北市,　大同區,國順里,0267,42,258,586,886,7,893,0,893,255,1148,77.7875
第15任總統副總統,在臺北市各投開票所,臺北市,　大同區,國順里,0268,29,224,587,840,8,848,0,848,305,1153,73.5473
第15任總統副總統,在臺北市各投開票所,臺北市,　大同區,國慶里,0269,34,305,629,968,15,983,0,983,265,1248,78.7660
第15任總統副總統,在臺北市各投開票所,臺北市,　大同區,國慶里,0270,47,312,629,988,7,995,0,995,277,1272,78.2233
第15任總統副總統,在臺北市各投開票所,臺北市,　大同區,國慶里,0271,31,319,666,1016,9,1025,0,1025,298,1323,77.4754
第15任總統副總統,在臺北市各投開票所,臺北市,　大同區,揚雅里,0272,42,208,486,736,6,742,0,742,214,956,77.6151
第15任總統副總統,在臺北市各投開票所,臺北市,　大同區,揚雅里,0273,39,272,580,891,14,905,0,905,1156,2061,43.9107
第15任總統副總統,在臺北市各投開票所,臺北市,　大同區,揚雅里,0274,33,218,528,779,8,787,0,787,217,1004,78.3865
第15任總統副總統,在臺北市各投開票所,臺北市,　大同區,斯文里,0275,36,206,519,761,10,771,0,771,346,1117,69.0242
第15任總統副總統,在臺北市各投開票所,臺北市,　大同區,斯文里,0276,42,301,568,911,19,930,0,930,309,1239,75.0605
第15任總統副總統,在臺北市各投開票所,臺北市,　大同區,斯文里,0277,36,257,460,753,14,767,0,767,212,979,78.3453
第15任總統副總統,在臺北市各投開票所,臺北市,　大同區,斯文里,0278,28,183,424,635,10,645,0,645,163,808,79.8267
第15任總統副總統,在臺北市各投開票所,臺北市,　大同區,鄰江里,0279,48,244,556,848,18,866,0,866,259,1125,76.9778
第15任總統副總統,在臺北市各投開票所,臺北市,　大同區,鄰江里,0280,39,249,627,915,8,923,0,923,247,1170,78.8889
第15任總統副總統,在臺北市各投開票所,臺北市,　大同區,鄰江里,0281,47,275,538,860,13,873,0,873,249,1122,77.8075
第15任總統副總統,在臺北市各投開票所,臺北市,　大同區,鄰江里,0282,38,271,529,838,10,848,0,848,248,1096,77.3723
第15任總統副總統,在臺北市各投開票所,臺北市,　大同區,鄰江里,0283,39,265,562,866,11,877,0,877,243,1120,78.3036
第15任總統副總統,在臺北市各投開票所,臺北市,　大同區,至聖里,0284,39,295,640,974,14,988,0,988,327,1315,75.1331
第15任總統副總統,在臺北市各投開票所,臺北市,　大同區,至聖里,0285,53,298,594,945,10,955,0,955,292,1247,76.5838
第15任總統副總統,在臺北市各投開票所,臺北市,　大同區,至聖里,0286,31,294,489,814,10,824,0,824,237,1061,77.6626
第15任總統副總統,在臺北市各投開票所,臺北市,　大同區,至聖里,0287,39,296,499,834,5,839,0,839,251,1090,76.9725
第15任總統副總統,在臺北市各投開票所,臺北市,　大同區,至聖里,0288,32,250,527,809,11,820,1,821,200,1021,80.3134
第15任總統副總統,在臺北市各投開票所,臺北市,　大同區,至聖里,0289,34,234,605,873,8,881,1,882,295,1177,74.8513
第15任總統副總統,在臺北市各投開票所,臺北市,　大同區,老師里,0290,32,272,653,957,6,963,0,963,329,1292,74.5356
第15任總統副總統,在臺北市各投開票所,臺北市,　大同區,老師里,0291,33,303,708,1044,5,1049,0,1049,334,1383,75.8496
第15任總統副總統,在臺北市各投開票所,臺北市,　大同區,老師里,0292,47,252,612,911,13,924,0,924,262,1186,77.9089
第15任總統副總統,在臺北市各投開票所,臺北市,　大同區,老師里,0293,55,268,633,956,12,968,0,968,233,1201,80.5995
第15任總統副總統,在臺北市各投開票所,臺北市,　大同區,重慶里,0294,44,351,579,974,14,988,0,988,333,1321,74.7918
第15任總統副總統,在臺北市各投開票所,臺北市,　大同區,重慶里,0295,52,393,620,1065,11,1076,0,1076,295,1371,78.4829
第15任總統副總統,在臺北市各投開票所,臺北市,　大同區,重慶里,0296,51,369,681,1101,20,1121,0,1121,299,1420,78.9437
第15任總統副總統,在臺北市各投開票所,臺北市,　大同區,重慶里,0297,45,376,645,1066,10,1076,0,1076,299,1375,78.2545
第15任總統副總統,在臺北市各投開票所,臺北市,　大同區,保安里,0298,43,246,564,853,11,864,0,864,246,1110,77.8378
第15任總統副總統,在臺北市各投開票所,臺北市,　大同區,保安里,0299,48,298,559,905,12,917,0,917,274,1191,76.9941
第15任總統副總統,在臺北市各投開票所,臺北市,　大同區,保安里,0300,49,270,620,939,8,947,0,947,245,1192,79.4463
第15任總統副總統,在臺北市各投開票所,臺北市,　萬華區,福星里,0897,35,368,467,870,8,878,0,878,308,1186,74.0304
第15任總統副總統,在臺北市各投開票所,臺北市,　萬華區,福星里,0898,37,495,317,849,15,864,0,864,340,1204,71.7608
第15任總統副總統,在臺北市各投開票所,臺北市,　萬華區,福星里,0899,29,354,474,857,5,862,0,862,325,1187,72.6201
第15任總統副總統,在臺北市各投開票所,臺北市,　萬華區,福星里,0900,36,345,429,810,14,824,0,824,323,1147,71.8396
第15任總統副總統,在臺北市各投開票所,臺北市,　萬華區,萬壽里,0901,29,284,334,647,6,653,0,653,311,964,67.7386
第15任總統副總統,在臺北市各投開票所,臺北市,　萬華區,萬壽里,0902,21,304,381,706,15,721,0,721,292,1013,71.1747
第15任總統副總統,在臺北市各投開票所,臺北市,　萬華區,萬壽里,0903,20,341,272,633,9,642,0,642,317,959,66.9447
第15任總統副總統,在臺北市各投開票所,臺北市,　萬華區,西門里,0904,30,400,400,830,8,838,0,838,302,1140,73.5088
第15任總統副總統,在臺北市各投開票所,臺北市,　萬華區,西門里,0905,48,388,396,832,14,846,0,846,330,1176,71.9388
第15任總統副總統,在臺北市各投開票所,臺北市,　萬華區,西門里,0906,22,269,397,688,7,695,0,695,271,966,71.9462
第15任總統副總統,在臺北市各投開票所,臺北市,　萬華區,新起里,0907,44,302,544,890,10,900,0,900,286,1186,75.8853
第15任總統副總統,在臺北市各投開票所,臺北市,　萬華區,新起里,0908,34,339,538,911,14,925,0,925,288,1213,76.2572
第15任總統副總統,在臺北市各投開票所,臺北市,　萬華區,新起里,0909,31,387,466,884,13,897,0,897,372,1269,70.6856
第15任總統副總統,在臺北市各投開票所,臺北市,　萬華區,新起里,0910,39,417,510,966,17,983,0,983,370,1353,72.6534
第15任總統副總統,在臺北市各投開票所,臺北市,　萬華區,新起里,0911,44,280,410,734,6,740,0,740,197,937,78.9755
第15任總統副總統,在臺北市各投開票所,臺北市,　萬華區,菜園里,0912,39,303,411,753,9,762,0,762,280,1042,73.1286
第15任總統副總統,在臺北市各投開票所,臺北市,　萬華區,菜園里,0913,31,290,535,856,12,868,0,868,320,1188,73.0640
第15任總統副總統,在臺北市各投開票所,臺北市,　萬華區,菜園里,0914,29,275,457,761,6,767,2,769,228,997,76.9308
第15任總統副總統,在臺北市各投開票所,臺北市,　萬華區,菜園里,0915,42,302,461,805,7,812,0,812,223,1035,78.4541
第15任總統副總統,在臺北市各投開票所,臺北市,　萬華區,菜園里,0916,41,278,540,859,15,874,1,875,238,1113,78.5265
第15任總統副總統,在臺北市各投開票所,臺北市,　萬華區,青山里,0917,42,388,515,945,9,954,0,954,355,1309,72.8801
第15任總統副總統,在臺北市各投開票所,臺北市,　萬華區,青山里,0918,38,344,538,920,14,934,0,934,306,1240,75.3226
第15任總統副總統,在臺北市各投開票所,臺北市,　萬華區,青山里,0919,22,325,573,920,6,926,0,926,353,1279,72.4003
第15任總統副總統,在臺北市各投開票所,臺北市,　萬華區,青山里,0920,38,336,550,924,6,930,0,930,352,1282,72.5429
第15任總統副總統,在臺北市各投開票所,臺北市,　萬華區,富民里,0921,36,285,524,845,9,854,0,854,283,1137,75.1099
第15任總統副總統,在臺北市各投開票所,臺北市,　萬華區,富民里,0922,31,262,490,783,10,793,0,793,260,1053,75.3086
第15任總統副總統,在臺北市各投開票所,臺北市,　萬華區,富民里,0923,30,242,445,717,12,729,0,729,319,1048,69.5611
第15任總統副總統,在臺北市各投開票所,臺北市,　萬華區,富民里,0924,28,286,534,848,12,860,0,860,233,1093,78.6825
第15任總統副總統,在臺北市各投開票所,臺北市,　萬華區,福音里,0925,50,335,530,915,10,925,0,925,285,1210,76.4463
第15任總統副總統,在臺北市各投開票所,臺北市,　萬華區,福音里,0926,28,317,449,794,5,799,0,799,212,1011,79.0307
第15任總統副總統,在臺北市各投開票所,臺北市,　萬華區,福音里,0927,32,282,559,873,16,889,0,889,293,1182,75.2115
第15任總統副總統,在臺北市各投開票所,臺北市,　萬華區,仁德里,0928,43,331,530,904,13,917,0,917,299,1216,75.4112
第15任總統副總統,在臺北市各投開票所,臺北市,　萬華區,仁德里,0929,30,319,456,805,3,808,0,808,229,1037,77.9171
第15任總統副總統,在臺北市各投開票所,臺北市,　萬華區,仁德里,0930,27,269,486,782,13,795,0,795,265,1060,75.0000
第15任總統副總統,在臺北市各投開票所,臺北市,　萬華區,仁德里,0931,38,236,386,660,7,667,0,667,204,871,76.5786
第15任總統副總統,在臺北市各投開票所,臺北市,　萬華區,富福里,0932,33,307,636,976,7,983,0,983,1572,2555,38.4736
第15任總統副總統,在臺北市各投開票所,臺北市,　萬華區,富福里,0933,50,369,726,1145,22,1167,0,1167,302,1469,79.4418
第15任總統副總統,在臺北市各投開票所,臺北市,　萬華區,富福里,0934,34,383,649,1066,7,1073,0,1073,307,1380,77.7536
第15任總統副總統,在臺北市各投開票所,臺北市,　萬華區,柳鄉里,0935,27,242,471,740,10,750,0,750,285,1035,72.4638
第15任總統副總統,在臺北市各投開票所,臺北市,　萬華區,柳鄉里,0936,44,265,582,891,10,901,0,901,302,1203,74.8961
第15任總統副總統,在臺北市各投開票所,臺北市,　萬華區,柳鄉里,0937,36,291,487,814,3,817,0,817,272,1089,75.0230
第15任總統副總統,在臺北市各投開票所,臺北市,　萬華區,柳鄉里,0938,31,285,539,855,6,861,0,861,299,1160,74.2241
第15任總統副總統,在臺北市各投開票所,臺北市,　萬華區,華江里,0939,45,322,515,882,13,895,0,895,311,1206,74.2123
第15任總統副總統,在臺北市各投開票所,臺北市,　萬華區,華江里,0940,53,304,621,978,8,986,0,986,289,1275,77.3333
第15任總統副總統,在臺北市各投開票所,臺北市,　萬華區,華江里,0941,41,298,543,882,13,895,0,895,253,1148,77.9617
第15任總統副總統,在臺北市各投開票所,臺北市,　萬華區,華江里,0942,41,356,579,976,16,992,0,992,235,1227,80.8476
第15任總統副總統,在臺北市各投開票所,臺北市,　萬華區,華江里,0943,43,295,631,969,10,979,0,979,312,1291,75.8327
第15任總統副總統,在臺北市各投開票所,臺北市,　萬華區,華江里,0944,39,310,455,804,10,814,0,814,380,1194,68.1742
第15任總統副總統,在臺北市各投開票所,臺北市,　萬華區,糖廍里,0945,33,279,558,870,13,883,0,883,311,1194,73.9531
第15任總統副總統,在臺北市各投開票所,臺北市,　萬華區,糖廍里,0946,32,324,522,878,16,894,0,894,325,1219,73.3388
第15任總統副總統,在臺北市各投開票所,臺北市,　萬華區,糖廍里,0947,26,319,547,892,4,896,0,896,312,1208,74.1722
第15任總統副總統,在臺北市各投開票所,臺北市,　萬華區,糖廍里,0948,42,316,514,872,13,885,0,885,227,1112,79.5863
第15任總統副總統,在臺北市各投開票所,臺北市,　萬華區,綠堤里,0949,28,345,556,929,14,943,0,943,284,1227,76.8541
第15任總統副總統,在臺北市各投開票所,臺北市,　萬華區,綠堤里,0950,36,374,491,901,16,917,0,917,315,1232,74.4318
第15任總統副總統,在臺北市各投開票所,臺北市,　萬華區,綠堤里,0951,44,350,511,905,12,917,0,917,338,1255,73.0677
第15任總統副總統,在臺北市各投開票所,臺北市,　萬華區,頂碩里,0952,26,231,491,748,12,760,0,760,268,1028,73.9300
第15任總統副總統,在臺北市各投開票所,臺北市,　萬華區,頂碩里,0953,31,299,611,941,10,951,0,951,256,1207,78.7904
第15任總統副總統,在臺北市各投開票所,臺北市,　萬華區,頂碩里,0954,33,255,533,821,14,835,0,835,234,1069,78.1104
第15任總統副總統,在臺北市各投開票所,臺北市,　萬華區,頂碩里,0955,31,358,695,1084,18,1102,0,1102,325,1427,77.2249
第15任總統副總統,在臺北市各投開票所,臺北市,　萬華區,頂碩里,0956,61,373,646,1080,16,1096,0,1096,333,1429,76.6970
第15任總統副總統,在臺北市各投開票所,臺北市,　萬華區,雙園里,0957,50,317,648,1015,18,1033,0,1033,308,1341,77.0321
第15任總統副總統,在臺北市各投開票所,臺北市,　萬華區,雙園里,0958,60,351,626,1037,19,1056,0,1056,286,1342,78.6885
第15任總統副總統,在臺北市各投開票所,臺北市,　萬華區,雙園里,0959,37,313,533,883,13,896,0,896,269,1165,76.9099
第15任總統副總統,在臺北市各投開票所,臺北市,　萬華區,和平里,0960,35,280,678,993,12,1005,0,1005,331,1336,75.2246
第15任總統副總統,在臺北市各投開票所,臺北市,　萬華區,和平里,0961,41,273,645,959,10,969,1,970,255,1225,79.1020
第15任總統副總統,在臺北市各投開票所,臺北市,　萬華區,和平里,0962,30,263,527,820,15,835,1,836,260,1096,76.1861
第15任總統副總統,在臺北市各投開票所,臺北市,　萬華區,和平里,0963,36,273,546,855,10,865,0,865,236,1101,78.5649
第15任總統副總統,在臺北市各投開票所,臺北市,　萬華區,和平里,0964,40,273,577,890,14,904,0,904,338,1242,72.7858
第15任總統副總統,在臺北市各投開票所,臺北市,　萬華區,和德里,0965,36,253,569,858,7,865,0,865,256,1121,77.1632
第15任總統副總統,在臺北市各投開票所,臺北市,　萬華區,和德里,0966,40,280,589,909,10,919,0,919,365,1284,71.5732
第15任總統副總統,在臺北市各投開票所,臺北市,　萬華區,和德里,0967,23,240,419,682,10,692,0,692,318,1010,68.5149
第15任總統副總統,在臺北市各投開票所,臺北市,　萬華區,和德里,0968,40,302,452,794,16,810,0,810,319,1129,71.7449
第15任總統副總統,在臺北市各投開票所,臺北市,　萬華區,和德里,0969,32,265,600,897,9,906,0,906,291,1197,75.6892
第15任總統副總統,在臺北市各投開票所,臺北市,　萬華區,全德里,0970,38,303,502,843,8,851,0,851,262,1113,76.4600
第15任總統副總統,在臺北市各投開票所,臺北市,　萬華區,全德里,0971,30,288,642,960,21,981,0,981,319,1300,75.4615
第15任總統副總統,在臺北市各投開票所,臺北市,　萬華區,全德里,0972,49,400,472,921,16,937,0,937,241,1178,79.5416
第15任總統副總統,在臺北市各投開票所,臺北市,　萬華區,日善里,0973,36,262,467,765,13,778,0,778,239,1017,76.4995
第15任總統副總統,在臺北市各投開票所,臺北市,　萬華區,日善里,0974,36,252,530,818,7,825,0,825,224,1049,78.6463
第15任總統副總統,在臺北市各投開票所,臺北市,　萬華區,日善里,0975,35,316,472,823,10,833,0,833,219,1052,79.1825
第15任總統副總統,在臺北市各投開票所,臺北市,　萬華區,忠德里,0976,45,279,647,971,15,986,0,986,287,1273,77.4548
第15任總統副總統,在臺北市各投開票所,臺北市,　萬華區,忠德里,0977,42,312,555,909,10,919,0,919,297,1216,75.5757
第15任總統副總統,在臺北市各投開票所,臺北市,　萬華區,忠德里,0978,39,352,596,987,12,999,0,999,302,1301,76.7871
第15任總統副總統,在臺北市各投開票所,臺北市,　萬華區,錦德里,0979,38,311,594,943,5,948,0,948,260,1208,78.4768
第15任總統副總統,在臺北市各投開票所,臺北市,　萬華區,錦德里,0980,37,331,562,930,11,941,0,941,306,1247,75.4611
第15任總統副總統,在臺北市各投開票所,臺北市,　萬華區,錦德里,0981,37,291,571,899,10,909,0,909,313,1222,74.3863
第15任總統副總統,在臺北市各投開票所,臺北市,　萬華區,錦德里,0982,46,283,526,855,8,863,0,863,265,1128,76.5071
第15任總統副總統,在臺北市各投開票所,臺北市,　萬華區,孝德里,0983,47,298,676,1021,11,1032,0,1032,303,1335,77.3034
第15任總統副總統,在臺北市各投開票所,臺北市,　萬華區,孝德里,0984,49,359,760,1168,9,1177,0,1177,269,1446,81.3970
第15任總統副總統,在臺北市各投開票所,臺北市,　萬華區,壽德里,0985,32,266,506,804,7,811,0,811,271,1082,74.9538
第15任總統副總統,在臺北市各投開票所,臺北市,　萬華區,壽德里,0986,37,330,535,902,14,916,0,916,256,1172,78.1570
第15任總統副總統,在臺北市各投開票所,臺北市,　萬華區,壽德里,0987,25,300,434,759,11,770,0,770,251,1021,75.4163
第15任總統副總統,在臺北市各投開票所,臺北市,　萬華區,壽德里,0988,23,321,462,806,7,813,0,813,240,1053,77.2080
第15任總統副總統,在臺北市各投開票所,臺北市,　萬華區,銘德里,0989,35,345,639,1019,13,1032,0,1032,319,1351,76.3879
第15任總統副總統,在臺北市各投開票所,臺北市,　萬華區,銘德里,0990,37,349,643,1029,20,1049,0,1049,304,1353,77.5314
第15任總統副總統,在臺北市各投開票所,臺北市,　萬華區,銘德里,0991,49,361,621,1031,18,1049,0,1049,320,1369,76.6253
第15任總統副總統,在臺北市各投開票所,臺北市,　萬華區,保德里,0992,30,284,497,811,10,821,0,821,224,1045,78.5646
第15任總統副總統,在臺北市各投開票所,臺北市,　萬華區,保德里,0993,25,248,387,660,8,668,0,668,193,861,77.5842
第15任總統副總統,在臺北市各投開票所,臺北市,　萬華區,保德里,0994,26,262,400,688,6,694,0,694,197,891,77.8900
第15任總統副總統,在臺北市各投開票所,臺北市,　萬華區,榮德里,0995,37,284,480,801,11,812,0,812,220,1032,78.6822
第15任總統副總統,在臺北市各投開票所,臺北市,　萬華區,榮德里,0996,39,267,506,812,13,825,0,825,229,1054,78.2732
第15任總統副總統,在臺北市各投開票所,臺北市,　萬華區,榮德里,0997,28,302,485,815,15,830,0,830,212,1042,79.6545
第15任總統副總統,在臺北市各投開票所,臺北市,　萬華區,華中里,0998,31,304,572,907,7,914,0,914,244,1158,78.9292
第15任總統副總統,在臺北市各投開票所,臺北市,　萬華區,華中里,0999,26,264,424,714,8,722,0,722,226,948,76.1603
第15任總統副總統,在臺北市各投開票所,臺北市,　萬華區,華中里,1000,32,321,536,889,10,899,0,899,238,1137,79.0677
第15任總統副總統,在臺北市各投開票所,臺北市,　萬華區,華中里,1001,30,296,551,877,8,885,0,885,263,1148,77.0906
第15任總統副總統,在臺北市各投開票所,臺北市,　萬華區,華中里,1002,35,260,421,716,12,728,0,728,199,927,78.5329
第15任總統副總統,在臺北市各投開票所,臺北市,　萬華區,興德里,1003,34,325,526,885,16,901,0,901,328,1229,73.3116
第15任總統副總統,在臺北市各投開票所,臺北市,　萬華區,興德里,1004,48,383,603,1034,15,1049,0,1049,304,1353,77.5314
第15任總統副總統,在臺北市各投開票所,臺北市,　萬華區,興德里,1005,40,317,639,996,9,1005,0,1005,371,1376,73.0378
第15任總統副總統,在臺北市各投開票所,臺北市,　萬華區,日祥里,1006,29,333,385,747,7,754,0,754,267,1021,73.8492
第15任總統副總統,在臺北市各投開票所,臺北市,　萬華區,日祥里,1007,48,308,365,721,12,733,0,733,195,928,78.9871
第15任總統副總統,在臺北市各投開票所,臺北市,　萬華區,日祥里,1008,48,614,278,940,14,954,0,954,258,1212,78.7129
第15任總統副總統,在臺北市各投開票所,臺北市,　萬華區,日祥里,1009,34,432,315,781,15,796,0,796,213,1009,78.8900
第15任總統副總統,在臺北市各投開票所,臺北市,　萬華區,日祥里,1010,27,318,372,717,12,729,0,729,242,971,75.0772
第15任總統副總統,在臺北市各投開票所,臺北市,　萬華區,忠貞里,1011,26,571,218,815,9,824,0,824,231,1055,78.1043
第15任總統副總統,在臺北市各投開票所,臺北市,　萬華區,忠貞里,1012,41,522,300,863,13,876,0,876,236,1112,78.7770
第15任總統副總統,在臺北市各投開票所,臺北市,　萬華區,忠貞里,1013,44,330,377,751,12,763,0,763,284,1047,72.8749
第15任總統副總統,在臺北市各投開票所,臺北市,　萬華區,忠貞里,1014,30,363,348,741,12,753,0,753,276,1029,73.1778
第15任總統副總統,在臺北市各投開票所,臺北市,　萬華區,新忠里,1015,34,358,314,706,10,716,0,716,239,955,74.9738
第15任總統副總統,在臺北市各投開票所,臺北市,　萬華區,新忠里,1016,25,504,173,702,8,710,0,710,199,909,78.1078
第15任總統副總統,在臺北市各投開票所,臺北市,　萬華區,新忠里,1017,36,649,217,902,5,907,0,907,233,1140,79.5614
第15任總統副總統,在臺北市各投開票所,臺北市,　萬華區,新和里,1018,33,451,345,829,10,839,0,839,213,1052,79.7529
第15任總統副總統,在臺北市各投開票所,臺北市,　萬華區,新和里,1019,46,667,279,992,17,1009,0,1009,260,1269,79.5114
第15任總統副總統,在臺北市各投開票所,臺北市,　萬華區,新和里,1020,41,583,396,1020,11,1031,0,1031,233,1264,81.5665
第15任總統副總統,在臺北市各投開票所,臺北市,　萬華區,新和里,1021,47,609,325,981,14,995,0,995,231,1226,81.1582
第15任總統副總統,在臺北市各投開票所,臺北市,　萬華區,新和里,1022,44,610,288,942,9,951,0,951,293,1244,76.4469
第15任總統副總統,在臺北市各投開票所,臺北市,　萬華區,新和里,1023,43,539,417,999,20,1019,0,1019,241,1260,80.8730
第15任總統副總統,在臺北市各投開票所,臺北市,　萬華區,新安里,1024,36,377,435,848,13,861,0,861,353,1214,70.9226
第15任總統副總統,在臺北市各投開票所,臺北市,　萬華區,新安里,1025,39,280,361,680,8,688,0,688,263,951,72.3449
第15任總統副總統,在臺北市各投開票所,臺北市,　萬華區,新安里,1026,33,305,371,709,8,717,0,717,262,979,73.2380
第15任總統副總統,在臺北市各投開票所,臺北市,　萬華區,新安里,1027,45,448,370,863,11,874,0,874,295,1169,74.7648
第15任總統副總統,在臺北市各投開票所,臺北市,　萬華區,新安里,1028,41,440,280,761,13,774,0,774,244,1018,76.0314
第15任總統副總統,在臺北市各投開票所,臺北市,　萬華區,凌霄里,1029,45,393,381,819,7,826,0,826,219,1045,79.0431
第15任總統副總統,在臺北市各投開票所,臺北市,　萬華區,凌霄里,1030,36,399,376,811,12,823,0,823,218,1041,79.0586
第15任總統副總統,在臺北市各投開票所,臺北市,　萬華區,凌霄里,1031,37,430,351,818,10,828,0,828,269,1097,75.4786
第15任總統副總統,在臺北市各投開票所,臺北市,　萬華區,騰雲里,1032,40,528,456,1024,16,1040,0,1040,281,1321,78.7282
第15任總統副總統,在臺北市各投開票所,臺北市,　萬華區,騰雲里,1033,43,502,512,1057,13,1070,0,1070,277,1347,79.4358
第15任總統副總統,在臺北市各投開票所,臺北市,　文山區,景行里,1524,42,363,579,984,16,1000,0,1000,280,1280,78.1250
第15任總統副總統,在臺北市各投開票所,臺北市,　文山區,景行里,1525,37,421,467,925,5,930,0,930,263,1193,77.9547
第15任總統副總統,在臺北市各投開票所,臺北市,　文山區,景行里,1526,47,398,516,961,12,973,0,973,265,1238,78.5945
第15任總統副總統,在臺北市各投開票所,臺北市,　文山區,景行里,1527,48,380,465,893,12,905,0,905,277,1182,76.5651
第15任總統副總統,在臺北市各投開票所,臺北市,　文山區,景行里,1528,54,400,453,907,15,922,0,922,260,1182,78.0034
第15任總統副總統,在臺北市各投開票所,臺北市,　文山區,景東里,1529,51,576,518,1145,18,1163,0,1163,362,1525,76.2623
第15任總統副總統,在臺北市各投開票所,臺北市,　文山區,景東里,1530,46,603,484,1133,15,1148,0,1148,374,1522,75.4271
第15任總統副總統,在臺北市各投開票所,臺北市,　文山區,景東里,1531,54,542,456,1052,15,1067,0,1067,360,1427,74.7722
第15任總統副總統,在臺北市各投開票所,臺北市,　文山區,景東里,1532,58,564,533,1155,18,1173,0,1173,294,1467,79.9591
第15任總統副總統,在臺北市各投開票所,臺北市,　文山區,景美里,1533,49,539,518,1106,18,1124,1,1125,329,1454,77.3040
第15任總統副總統,在臺北市各投開票所,臺北市,　文山區,景美里,1534,37,521,521,1079,8,1087,0,1087,318,1405,77.3665
第15任總統副總統,在臺北市各投開票所,臺北市,　文山區,景美里,1535,51,479,568,1098,15,1113,0,1113,303,1416,78.6017
第15任總統副總統,在臺北市各投開票所,臺北市,　文山區,景慶里,1536,44,497,473,1014,5,1019,0,1019,358,1377,74.0015
第15任總統副總統,在臺北市各投開票所,臺北市,　文山區,景慶里,1537,54,447,497,998,8,1006,0,1006,329,1335,75.3558
第15任總統副總統,在臺北市各投開票所,臺北市,　文山區,景慶里,1538,41,491,524,1056,11,1067,0,1067,319,1386,76.9841
第15任總統副總統,在臺北市各投開票所,臺北市,　文山區,景慶里,1539,39,452,569,1060,12,1072,0,1072,288,1360,78.8235
第15任總統副總統,在臺北市各投開票所,臺北市,　文山區,景仁里,1540,47,504,543,1094,13,1107,1,1108,365,1473,75.1527
第15任總統副總統,在臺北市各投開票所,臺北市,　文山區,景仁里,1541,60,545,498,1103,16,1119,0,1119,320,1439,77.7623
第15任總統副總統,在臺北市各投開票所,臺北市,　文山區,景仁里,1542,63,636,542,1241,22,1263,0,1263,323,1586,79.6343
第15任總統副總統,在臺北市各投開票所,臺北市,　文山區,景華里,1543,42,476,398,916,9,925,0,925,256,1181,78.3235
第15任總統副總統,在臺北市各投開票所,臺北市,　文山區,景華里,1544,34,439,421,894,14,908,0,908,265,1173,77.4084
第15任總統副總統,在臺北市各投開票所,臺北市,　文山區,景華里,1545,36,479,448,963,4,967,0,967,274,1241,77.9210
第15任總統副總統,在臺北市各投開票所,臺北市,　文山區,景華里,1546,44,455,475,974,10,984,0,984,277,1261,78.0333
第15任總統副總統,在臺北市各投開票所,臺北市,　文山區,萬有里,1547,38,415,417,870,9,879,0,879,259,1138,77.2408
第15任總統副總統,在臺北市各投開票所,臺北市,　文山區,萬有里,1548,45,438,465,948,18,966,0,966,280,1246,77.5281
第15任總統副總統,在臺北市各投開票所,臺北市,　文山區,萬有里,1549,45,417,424,886,12,898,0,898,262,1160,77.4138
第15任總統副總統,在臺北市各投開票所,臺北市,　文山區,萬有里,1550,50,494,374,918,10,928,0,928,212,1140,81.4035
第15任總統副總統,在臺北市各投開票所,臺北市,　文山區,萬祥里,1551,39,426,504,969,20,989,0,989,311,1300,76.0769
第15任總統副總統,在臺北市各投開票所,臺北市,　文山區,萬祥里,1552,39,447,488,974,7,981,0,981,316,1297,75.6361
第15任總統副總統,在臺北市各投開票所,臺北市,　文山區,萬祥里,1553,39,444,517,1000,16,1016,0,1016,275,1291,78.6987
第15任總統副總統,在臺北市各投開票所,臺北市,　文山區,萬隆里,1554,35,546,420,1001,19,1020,0,1020,269,1289,79.1311
第15任總統副總統,在臺北市各投開票所,臺北市,　文山區,萬隆里,1555,39,483,427,949,10,959,0,959,280,1239,77.4011
第15任總統副總統,在臺北市各投開票所,臺北市,　文山區,萬隆里,1556,41,483,391,915,19,934,0,934,273,1207,77.3819
第15任總統副總統,在臺北市各投開票所,臺北市,　文山區,萬隆里,1557,38,419,461,918,10,928,0,928,232,1160,80.0000
第15任總統副總統,在臺北市各投開票所,臺北市,　文山區,萬隆里,1558,46,431,433,910,13,923,0,923,238,1161,79.5004
第15任總統副總統,在臺北市各投開票所,臺北市,　文山區,萬年里,1559,54,337,458,849,12,861,0,861,306,1167,73.7789
第15任總統副總統,在臺北市各投開票所,臺北市,　文山區,萬年里,1560,29,388,448,865,11,876,0,876,250,1126,77.7975
第15任總統副總統,在臺北市各投開票所,臺北市,　文山區,萬年里,1561,47,423,461,931,13,944,0,944,206,1150,82.0870
第15任總統副總統,在臺北市各投開票所,臺北市,　文山區,萬年里,1562,41,409,417,867,18,885,0,885,286,1171,75.5764
第15任總統副總統,在臺北市各投開票所,臺北市,　文山區,萬和里,1563,49,573,500,1122,9,1131,0,1131,317,1448,78.1077
第15任總統副總統,在臺北市各投開票所,臺北市,　文山區,萬和里,1564,35,696,325,1056,9,1065,0,1065,296,1361,78.2513
第15任總統副總統,在臺北市各投開票所,臺北市,　文山區,萬盛里,1565,43,458,469,970,17,987,0,987,323,1310,75.3435
第15任總統副總統,在臺北市各投開票所,臺北市,　文山區,萬盛里,1566,44,500,513,1057,12,1069,0,1069,298,1367,78.2004
第15任總統副總統,在臺北市各投開票所,臺北市,　文山區,萬盛里,1567,46,594,488,1128,17,1145,0,1145,299,1444,79.2936
第15任總統副總統,在臺北市各投開票所,臺北市,　文山區,興豐里,1568,48,488,541,1077,11,1088,0,1088,323,1411,77.1084
第15任總統副總統,在臺北市各投開票所,臺北市,　文山區,興豐里,1569,44,569,457,1070,17,1087,0,1087,290,1377,78.9397
第15任總統副總統,在臺北市各投開票所,臺北市,　文山區,興豐里,1570,63,534,468,1065,10,1075,0,1075,253,1328,80.9488
第15任總統副總統,在臺北市各投開票所,臺北市,　文山區,興邦里,1571,36,549,489,1074,17,1091,0,1091,304,1395,78.2079
第15任總統副總統,在臺北市各投開票所,臺北市,　文山區,興邦里,1572,43,609,471,1123,22,1145,0,1145,311,1456,78.6401
第15任總統副總統,在臺北市各投開票所,臺北市,　文山區,興邦里,1573,62,622,394,1078,17,1095,0,1095,311,1406,77.8805
第15任總統副總統,在臺北市各投開票所,臺北市,　文山區,興光里,1574,50,480,508,1038,16,1054,0,1054,351,1405,75.0178
第15任總統副總統,在臺北市各投開票所,臺北市,　文山區,興光里,1575,50,613,442,1105,19,1124,0,1124,316,1440,78.0556
第15任總統副總統,在臺北市各投開票所,臺北市,　文山區,興家里,1576,48,517,470,1035,6,1041,0,1041,279,1320,78.8636
第15任總統副總統,在臺北市各投開票所,臺北市,　文山區,興家里,1577,44,501,434,979,17,996,0,996,267,1263,78.8599
第15任總統副總統,在臺北市各投開票所,臺北市,　文山區,興家里,1578,44,476,516,1036,15,1051,0,1051,229,1280,82.1094
第15任總統副總統,在臺北市各投開票所,臺北市,　文山區,興家里,1579,42,548,406,996,13,1009,0,1009,298,1307,77.1997
第15任總統副總統,在臺北市各投開票所,臺北市,　文山區,興家里,1580,48,468,435,951,13,964,0,964,267,1231,78.3103
第15任總統副總統,在臺北市各投開票所,臺北市,　文山區,興得里,1581,49,548,583,1180,17,1197,0,1197,357,1554,77.0270
第15任總統副總統,在臺北市各投開票所,臺北市,　文山區,興得里,1582,39,565,485,1089,21,1110,0,1110,310,1420,78.1690
第15任總統副總統,在臺北市各投開票所,臺北市,　文山區,興得里,1583,26,373,345,744,7,751,0,751,245,996,75.4016
第15任總統副總統,在臺北市各投開票所,臺北市,　文山區,興得里,1584,53,413,364,830,14,844,0,844,213,1057,79.8486
第15任總統副總統,在臺北市各投開票所,臺北市,　文山區,興業里,1585,36,502,392,930,10,940,0,940,273,1213,77.4938
第15任總統副總統,在臺北市各投開票所,臺北市,　文山區,興業里,1586,31,461,387,879,10,889,0,889,247,1136,78.2570
第15任總統副總統,在臺北市各投開票所,臺北市,　文山區,興業里,1587,39,465,322,826,12,838,0,838,228,1066,78.6116
第15任總統副總統,在臺北市各投開票所,臺北市,　文山區,興業里,1588,46,555,424,1025,13,1038,0,1038,293,1331,77.9865
第15任總統副總統,在臺北市各投開票所,臺北市,　文山區,興安里,1589,40,600,545,1185,16,1201,0,1201,336,1537,78.1392
第15任總統副總統,在臺北市各投開票所,臺北市,　文山區,興安里,1590,35,595,420,1050,17,1067,0,1067,317,1384,77.0954
第15任總統副總統,在臺北市各投開票所,臺北市,　文山區,興安里,1591,55,600,480,1135,19,1154,0,1154,299,1453,79.4219
第15任總統副總統,在臺北市各投開票所,臺北市,　文山區,興安里,1592,47,551,415,1013,21,1034,0,1034,277,1311,78.8711
第15任總統副總統,在臺北市各投開票所,臺北市,　文山區,興福里,1593,52,489,466,1007,12,1019,0,1019,258,1277,79.7964
第15任總統副總統,在臺北市各投開票所,臺北市,　文山區,興福里,1594,33,421,444,898,10,908,0,908,247,1155,78.6147
第15任總統副總統,在臺北市各投開票所,臺北市,　文山區,興福里,1595,44,383,422,849,7,856,0,856,232,1088,78.6765
第15任總統副總統,在臺北市各投開票所,臺北市,　文山區,興福里,1596,30,441,415,886,16,902,0,902,245,1147,78.6399
第15任總統副總統,在臺北市各投開票所,臺北市,　文山區,興旺里,1597,51,525,463,1039,12,1051,0,1051,342,1393,75.4487
第15任總統副總統,在臺北市各投開票所,臺北市,　文山區,興旺里,1598,60,581,461,1102,19,1121,0,1121,314,1435,78.1185
第15任總統副總統,在臺北市各投開票所,臺北市,　文山區,興旺里,1599,47,586,421,1054,15,1069,0,1069,321,1390,76.9065
第15任總統副總統,在臺北市各投開票所,臺北市,　文山區,興旺里,1600,51,534,432,1017,17,1034,0,1034,369,1403,73.6992
第15任總統副總統,在臺北市各投開票所,臺北市,　文山區,興旺里,1601,50,553,464,1067,21,1088,0,1088,352,1440,75.5556
第15任總統副總統,在臺北市各投開票所,臺北市,　文山區,興泰里,1602,45,411,379,835,10,845,0,845,250,1095,77.1689
第15任總統副總統,在臺北市各投開票所,臺北市,　文山區,興泰里,1603,33,412,444,889,14,903,0,903,283,1186,76.1383
第15任總統副總統,在臺北市各投開票所,臺北市,　文山區,興泰里,1604,37,452,409,898,14,912,0,912,264,1176,77.5510
第15任總統副總統,在臺北市各投開票所,臺北市,　文山區,興昌里,1605,37,631,381,1049,12,1061,0,1061,369,1430,74.1958
第15任總統副總統,在臺北市各投開票所,臺北市,　文山區,興昌里,1606,52,473,476,1001,12,1013,0,1013,396,1409,71.8950
第15任總統副總統,在臺北市各投開票所,臺北市,　文山區,興昌里,1607,46,561,486,1093,24,1117,0,1117,300,1417,78.8285
第15任總統副總統,在臺北市各投開票所,臺北市,　文山區,興昌里,1608,59,532,507,1098,15,1113,0,1113,328,1441,77.2380
第15任總統副總統,在臺北市各投開票所,臺北市,　文山區,試院里,1609,40,443,403,886,10,896,0,896,220,1116,80.2867
第15任總統副總統,在臺北市各投開票所,臺北市,　文山區,試院里,1610,44,484,349,877,11,888,0,888,235,1123,79.0739
第15任總統副總統,在臺北市各投開票所,臺北市,　文山區,試院里,1611,20,464,382,866,14,880,0,880,225,1105,79.6380
第15任總統副總統,在臺北市各投開票所,臺北市,　文山區,試院里,1612,44,502,400,946,11,957,0,957,246,1203,79.5511
第15任總統副總統,在臺北市各投開票所,臺北市,　文山區,試院里,1613,50,493,429,972,19,991,0,991,293,1284,77.1807
第15任總統副總統,在臺北市各投開票所,臺北市,　文山區,華興里,1614,48,507,446,1001,11,1012,0,1012,288,1300,77.8462
第15任總統副總統,在臺北市各投開票所,臺北市,　文山區,華興里,1615,35,446,490,971,9,980,0,980,308,1288,76.0870
第15任總統副總統,在臺北市各投開票所,臺北市,　文山區,華興里,1616,38,522,407,967,14,981,0,981,270,1251,78.4173
第15任總統副總統,在臺北市各投開票所,臺北市,　文山區,華興里,1617,48,511,420,979,12,991,0,991,292,1283,77.2408
第15任總統副總統,在臺北市各投開票所,臺北市,　文山區,華興里,1618,52,467,431,950,11,961,0,961,232,1193,80.5532
第15任總統副總統,在臺北市各投開票所,臺北市,　文山區,華興里,1619,47,448,468,963,9,972,0,972,309,1281,75.8782
第15任總統副總統,在臺北市各投開票所,臺北市,　文山區,明義里,1620,49,536,590,1175,15,1190,1,1191,420,1611,73.8672
第15任總統副總統,在臺北市各投開票所,臺北市,　文山區,明義里,1621,48,468,414,930,11,941,0,941,299,1240,75.8871
第15任總統副總統,在臺北市各投開票所,臺北市,　文山區,明義里,1622,28,283,274,585,12,597,0,597,241,838,71.2411
第15任總統副總統,在臺北市各投開票所,臺北市,　文山區,明興里,1623,40,506,503,1049,17,1066,0,1066,357,1423,74.9122
第15任總統副總統,在臺北市各投開票所,臺北市,　文山區,明興里,1624,45,565,510,1120,20,1140,0,1140,374,1514,75.2972
第15任總統副總統,在臺北市各投開票所,臺北市,　文山區,明興里,1625,74,558,474,1106,17,1123,0,1123,329,1452,77.3416
第15任總統副總統,在臺北市各投開票所,臺北市,　文山區,明興里,1626,48,584,526,1158,17,1175,0,1175,345,1520,77.3026
第15任總統副總統,在臺北市各投開票所,臺北市,　文山區,木柵里,1627,41,502,451,994,10,1004,0,1004,249,1253,80.1277
第15任總統副總統,在臺北市各投開票所,臺北市,　文山區,木柵里,1628,50,504,392,946,15,961,0,961,322,1283,74.9026
第15任總統副總統,在臺北市各投開票所,臺北市,　文山區,木柵里,1629,41,534,416,991,14,1005,0,1005,297,1302,77.1889
第15任總統副總統,在臺北市各投開票所,臺北市,　文山區,木柵里,1630,38,476,360,874,17,891,0,891,292,1183,75.3170
第15任總統副總統,在臺北市各投開票所,臺北市,　文山區,木柵里,1631,31,506,391,928,12,940,0,940,259,1199,78.3987
第15任總統副總統,在臺北市各投開票所,臺北市,　文山區,木柵里,1632,48,569,342,959,12,971,0,971,296,1267,76.6377
第15任總統副總統,在臺北市各投開票所,臺北市,　文山區,木新里,1633,44,484,495,1023,16,1039,0,1039,1297,2336,44.4777
第15任總統副總統,在臺北市各投開票所,臺北市,　文山區,木新里,1634,38,402,509,949,6,955,0,955,295,1250,76.4000
第15任總統副總統,在臺北市各投開票所,臺北市,　文山區,木新里,1635,36,419,486,941,10,951,0,951,336,1287,73.8928
第15任總統副總統,在臺北市各投開票所,臺北市,　文山區,木新里,1636,32,423,493,948,11,959,0,959,348,1307,73.3741
第15任總統副總統,在臺北市各投開票所,臺北市,　文山區,木新里,1637,39,448,488,975,19,994,0,994,306,1300,76.4615
第15任總統副總統,在臺北市各投開票所,臺北市,　文山區,木新里,1638,40,461,546,1047,15,1062,0,1062,282,1344,79.0179
第15任總統副總統,在臺北市各投開票所,臺北市,　文山區,順興里,1639,41,396,480,917,17,934,0,934,265,1199,77.8982
第15任總統副總統,在臺北市各投開票所,臺北市,　文山區,順興里,1640,48,436,485,969,16,985,0,985,259,1244,79.1801
第15任總統副總統,在臺北市各投開票所,臺北市,　文山區,順興里,1641,53,415,449,917,13,930,0,930,227,1157,80.3803
第15任總統副總統,在臺北市各投開票所,臺北市,　文山區,順興里,1642,28,441,460,929,14,943,0,943,309,1252,75.3195
第15任總統副總統,在臺北市各投開票所,臺北市,　文山區,順興里,1643,48,527,499,1074,17,1091,0,1091,303,1394,78.2640
第15任總統副總統,在臺北市各投開票所,臺北市,　文山區,忠順里,1644,36,458,300,794,10,804,0,804,255,1059,75.9207
第15任總統副總統,在臺北市各投開票所,臺北市,　文山區,忠順里,1645,47,557,413,1017,16,1033,0,1033,265,1298,79.5840
第15任總統副總統,在臺北市各投開票所,臺北市,　文山區,忠順里,1646,35,489,387,911,13,924,0,924,252,1176,78.5714
第15任總統副總統,在臺北市各投開票所,臺北市,　文山區,樟林里,1647,54,599,439,1092,17,1109,0,1109,353,1462,75.8550
第15任總統副總統,在臺北市各投開票所,臺北市,　文山區,樟林里,1648,48,518,446,1012,18,1030,0,1030,320,1350,76.2963
第15任總統副總統,在臺北市各投開票所,臺北市,　文山區,樟林里,1649,48,529,502,1079,27,1106,0,1106,313,1419,77.9422
第15任總統副總統,在臺北市各投開票所,臺北市,　文山區,樟林里,1650,55,494,582,1131,14,1145,0,1145,378,1523,75.1806
第15任總統副總統,在臺北市各投開票所,臺北市,　文山區,樟林里,1651,45,575,432,1052,11,1063,0,1063,301,1364,77.9326
第15任總統副總統,在臺北市各投開票所,臺北市,　文山區,樟新里,1652,35,427,426,888,20,908,0,908,276,1184,76.6892
第15任總統副總統,在臺北市各投開票所,臺北市,　文山區,樟新里,1653,36,461,402,899,11,910,0,910,223,1133,80.3177
第15任總統副總統,在臺北市各投開票所,臺北市,　文山區,樟新里,1654,43,388,446,877,10,887,0,887,289,1176,75.4252
第15任總統副總統,在臺北市各投開票所,臺北市,　文山區,樟新里,1655,50,431,388,869,19,888,0,888,249,1137,78.1003
第15任總統副總統,在臺北市各投開票所,臺北市,　文山區,樟文里,1656,42,522,567,1131,13,1144,0,1144,280,1424,80.3371
第15任總統副總統,在臺北市各投開票所,臺北市,　文山區,樟文里,1657,35,451,474,960,8,968,0,968,284,1252,77.3163
第15任總統副總統,在臺北市各投開票所,臺北市,　文山區,樟文里,1658,28,409,500,937,21,958,0,958,272,1230,77.8862
第15任總統副總統,在臺北市各投開票所,臺北市,　文山區,樟文里,1659,41,451,475,967,18,985,0,985,277,1262,78.0507
第15任總統副總統,在臺北市各投開票所,臺北市,　文山區,樟腳里,1660,46,409,407,862,18,880,0,880,207,1087,80.9568
第15任總統副總統,在臺北市各投開票所,臺北市,　文山區,樟腳里,1661,39,394,465,898,7,905,0,905,276,1181,76.6300
第15任總統副總統,在臺北市各投開票所,臺北市,　文山區,樟腳里,1662,46,435,491,972,13,985,0,985,283,1268,77.6814
第15任總統副總統,在臺北市各投開票所,臺北市,　文山區,樟腳里,1663,43,415,452,910,14,924,0,924,260,1184,78.0405
第15任總統副總統,在臺北市各投開票所,臺北市,　文山區,樟樹里,1664,51,448,508,1007,10,1017,0,1017,269,1286,79.0824
第15任總統副總統,在臺北市各投開票所,臺北市,　文山區,樟樹里,1665,57,498,545,1100,9,1109,0,1109,281,1390,79.7842
第15任總統副總統,在臺北市各投開票所,臺北市,　文山區,樟樹里,1666,45,474,520,1039,16,1055,0,1055,315,1370,77.0073
第15任總統副總統,在臺北市各投開票所,臺北市,　文山區,萬芳里,1667,42,482,508,1032,14,1046,0,1046,317,1363,76.7425
第15任總統副總統,在臺北市各投開票所,臺北市,　文山區,萬芳里,1668,46,454,466,966,17,983,0,983,278,1261,77.9540
第15任總統副總統,在臺北市各投開票所,臺北市,　文山區,萬芳里,1669,63,540,441,1044,8,1052,0,1052,345,1397,75.3042
第15任總統副總統,在臺北市各投開票所,臺北市,　文山區,萬芳里,1670,44,576,469,1089,12,1101,0,1101,325,1426,77.2090
第15任總統副總統,在臺北市各投開票所,臺北市,　文山區,萬芳里,1671,48,473,417,938,10,948,0,948,288,1236,76.6990
第15任總統副總統,在臺北市各投開票所,臺北市,　文山區,萬美里,1672,38,452,493,983,12,995,0,995,255,1250,79.6000
第15任總統副總統,在臺北市各投開票所,臺北市,　文山區,萬美里,1673,34,488,403,925,6,931,0,931,375,1306,71.2864
第15任總統副總統,在臺北市各投開票所,臺北市,　文山區,萬美里,1674,48,478,394,920,7,927,0,927,265,1192,77.7685
第15任總統副總統,在臺北市各投開票所,臺北市,　文山區,萬美里,1675,33,555,376,964,14,978,0,978,338,1316,74.3161
第15任總統副總統,在臺北市各投開票所,臺北市,　文山區,萬美里,1676,39,461,427,927,17,944,0,944,283,1227,76.9356
第15任總統副總統,在臺北市各投開票所,臺北市,　文山區,博嘉里,1677,24,307,404,735,11,746,0,746,278,1024,72.8516
第15任總統副總統,在臺北市各投開票所,臺北市,　文山區,博嘉里,1678,45,336,383,764,11,775,0,775,285,1060,73.1132
第15任總統副總統,在臺北市各投開票所,臺北市,　文山區,博嘉里,1679,29,376,322,727,8,735,0,735,228,963,76.3240
第15任總統副總統,在臺北市各投開票所,臺北市,　文山區,博嘉里,1680,39,374,328,741,7,748,0,748,242,990,75.5556
第15任總統副總統,在臺北市各投開票所,臺北市,　文山區,博嘉里,1681,48,356,359,763,11,774,0,774,221,995,77.7889
第15任總統副總統,在臺北市各投開票所,臺北市,　文山區,萬興里,1682,54,529,544,1127,22,1149,0,1149,276,1425,80.6316
第15任總統副總統,在臺北市各投開票所,臺北市,　文山區,萬興里,1683,52,520,548,1120,17,1137,0,1137,335,1472,77.2418
第15任總統副總統,在臺北市各投開票所,臺北市,　文山區,萬興里,1684,39,551,531,1121,16,1137,0,1137,276,1413,80.4671
第15任總統副總統,在臺北市各投開票所,臺北市,　文山區,萬興里,1685,56,430,504,990,20,1010,0,1010,313,1323,76.3416
第15任總統副總統,在臺北市各投開票所,臺北市,　文山區,萬興里,1686,37,427,532,996,16,1012,0,1012,330,1342,75.4098
第15任總統副總統,在臺北市各投開票所,臺北市,　文山區,政大里,1687,46,504,595,1145,14,1159,0,1159,332,1491,77.7331
第15任總統副總統,在臺北市各投開票所,臺北市,　文山區,政大里,1688,66,517,579,1162,18,1180,0,1180,344,1524,77.4278
第15任總統副總統,在臺北市各投開票所,臺北市,　文山區,政大里,1689,56,527,539,1122,16,1138,0,1138,361,1499,75.9173
第15任總統副總統,在臺北市各投開票所,臺北市,　文山區,政大里,1690,63,559,492,1114,13,1127,0,1127,323,1450,77.7241
第15任總統副總統,在臺北市各投開票所,臺北市,　文山區,指南里,1691,41,425,462,928,17,945,0,945,317,1262,74.8811
第15任總統副總統,在臺北市各投開票所,臺北市,　文山區,指南里,1692,37,472,480,989,12,1001,0,1001,297,1298,77.1186
第15任總統副總統,在臺北市各投開票所,臺北市,　文山區,指南里,1693,18,181,413,612,5,617,0,617,208,825,74.7879
第15任總統副總統,在臺北市各投開票所,臺北市,　文山區,老泉里,1694,13,178,366,557,9,566,0,566,187,753,75.1660
第15任總統副總統,在臺北市各投開票所,臺北市,　南港區,南港里,0821,31,322,543,896,15,911,0,911,299,1210,75.2893
第15任總統副總統,在臺北市各投開票所,臺北市,　南港區,南港里,0822,51,397,565,1013,12,1025,0,1025,290,1315,77.9468
第15任總統副總統,在臺北市各投開票所,臺北市,　南港區,南港里,0823,52,389,552,993,14,1007,0,1007,299,1306,77.1057
第15任總統副總統,在臺北市各投開票所,臺北市,　南港區,南港里,0824,41,421,518,980,14,994,0,994,715,1709,58.1627
第15任總統副總統,在臺北市各投開票所,臺北市,　南港區,中南里,0825,32,231,527,790,15,805,0,805,250,1055,76.3033
第15任總統副總統,在臺北市各投開票所,臺北市,　南港區,中南里,0826,46,352,452,850,12,862,0,862,275,1137,75.8135
第15任總統副總統,在臺北市各投開票所,臺北市,　南港區,中南里,0827,30,286,423,739,4,743,0,743,262,1005,73.9303
第15任總統副總統,在臺北市各投開票所,臺北市,　南港區,三重里,0828,31,343,561,935,12,947,0,947,320,1267,74.7435
第15任總統副總統,在臺北市各投開票所,臺北市,　南港區,三重里,0829,51,382,506,939,16,955,0,955,315,1270,75.1969
第15任總統副總統,在臺北市各投開票所,臺北市,　南港區,三重里,0830,38,408,514,960,12,972,0,972,336,1308,74.3119
第15任總統副總統,在臺北市各投開票所,臺北市,　南港區,三重里,0831,39,386,478,903,7,910,0,910,284,1194,76.2144
第15任總統副總統,在臺北市各投開票所,臺北市,　南港區,三重里,0832,42,430,463,935,18,953,0,953,290,1243,76.6693
第15任總統副總統,在臺北市各投開票所,臺北市,　南港區,新富里,0833,41,286,489,816,7,823,0,823,215,1038,79.2871
第15任總統副總統,在臺北市各投開票所,臺北市,　南港區,新富里,0834,47,288,541,876,16,892,0,892,276,1168,76.3699
第15任總統副總統,在臺北市各投開票所,臺北市,　南港區,新富里,0835,45,318,523,886,6,892,0,892,272,1164,76.6323
第15任總統副總統,在臺北市各投開票所,臺北市,　南港區,中研里,0836,36,389,636,1061,10,1071,0,1071,299,1370,78.1752
第15任總統副總統,在臺北市各投開票所,臺北市,　南港區,中研里,0837,37,389,522,948,12,960,0,960,293,1253,76.6161
第15任總統副總統,在臺北市各投開票所,臺北市,　南港區,中研里,0838,52,344,622,1018,15,1033,0,1033,266,1299,79.5227
第15任總統副總統,在臺北市各投開票所,臺北市,　南港區,中研里,0839,46,439,564,1049,18,1067,0,1067,290,1357,78.6293
第15任總統副總統,在臺北市各投開票所,臺北市,　南港區,中研里,0840,45,456,530,1031,17,1048,0,1048,252,1300,80.6154
第15任總統副總統,在臺北市各投開票所,臺北市,　南港區,中研里,0841,56,411,576,1043,12,1055,0,1055,287,1342,78.6140
第15任總統副總統,在臺北市各投開票所,臺北市,　南港區,九如里,0842,46,437,600,1083,13,1096,0,1096,323,1419,77.2375
第15任總統副總統,在臺北市各投開票所,臺北市,　南港區,九如里,0843,37,670,331,1038,13,1051,0,1051,288,1339,78.4914
第15任總統副總統,在臺北市各投開票所,臺北市,　南港區,九如里,0844,39,372,544,955,10,965,0,965,339,1304,74.0031
第15任總統副總統,在臺北市各投開票所,臺北市,　南港區,九如里,0845,64,506,511,1081,18,1099,0,1099,305,1404,78.2764
第15任總統副總統,在臺北市各投開票所,臺北市,　南港區,舊莊里,0846,50,405,646,1101,10,1111,0,1111,388,1499,74.1161
第15任總統副總統,在臺北市各投開票所,臺北市,　南港區,舊莊里,0847,57,369,674,1100,20,1120,0,1120,405,1525,73.4426
第15任總統副總統,在臺北市各投開票所,臺北市,　南港區,舊莊里,0848,47,441,598,1086,17,1103,0,1103,376,1479,74.5774
第15任總統副總統,在臺北市各投開票所,臺北市,　南港區,舊莊里,0849,55,424,642,1121,38,1159,0,1159,379,1538,75.3576
第15任總統副總統,在臺北市各投開票所,臺北市,　南港區,舊莊里,0850,58,456,685,1199,12,1211,0,1211,372,1583,76.5003
第15任總統副總統,在臺北市各投開票所,臺北市,　南港區,東新里,0851,34,330,553,917,8,925,0,925,292,1217,76.0066
第15任總統副總統,在臺北市各投開票所,臺北市,　南港區,東新里,0852,46,382,577,1005,15,1020,0,1020,296,1316,77.5076
第15任總統副總統,在臺北市各投開票所,臺北市,　南港區,東新里,0853,33,322,533,888,5,893,0,893,237,1130,79.0265
第15任總統副總統,在臺北市各投開票所,臺北市,　南港區,東新里,0854,52,428,482,962,9,971,0,971,272,1243,78.1175
第15任總統副總統,在臺北市各投開票所,臺北市,　南港區,東新里,0855,34,362,566,962,20,982,0,982,277,1259,77.9984
第15任總統副總統,在臺北市各投開票所,臺北市,　南港區,重陽里,0856,61,483,615,1159,17,1176,0,1176,385,1561,75.3363
第15任總統副總統,在臺北市各投開票所,臺北市,　南港區,重陽里,0857,41,517,622,1180,21,1201,0,1201,306,1507,79.6948
第15任總統副總統,在臺北市各投開票所,臺北市,　南港區,重陽里,0858,56,448,537,1041,13,1054,0,1054,302,1356,77.7286
第15任總統副總統,在臺北市各投開票所,臺北市,　南港區,東明里,0859,54,419,580,1053,9,1062,0,1062,309,1371,77.4617
第15任總統副總統,在臺北市各投開票所,臺北市,　南港區,東明里,0860,42,481,465,988,15,1003,0,1003,307,1310,76.5649
第15任總統副總統,在臺北市各投開票所,臺北市,　南港區,東明里,0861,56,423,492,971,15,986,0,986,308,1294,76.1978
第15任總統副總統,在臺北市各投開票所,臺北市,　南港區,西新里,0862,41,356,627,1024,15,1039,0,1039,282,1321,78.6525
第15任總統副總統,在臺北市各投開票所,臺北市,　南港區,西新里,0863,40,334,668,1042,18,1060,0,1060,297,1357,78.1135
第15任總統副總統,在臺北市各投開票所,臺北市,　南港區,西新里,0864,60,303,678,1041,14,1055,0,1055,307,1362,77.4596
第15任總統副總統,在臺北市各投開票所,臺北市,　南港區,玉成里,0865,48,359,705,1112,9,1121,0,1121,355,1476,75.9485
第15任總統副總統,在臺北市各投開票所,臺北市,　南港區,玉成里,0866,49,406,567,1022,17,1039,0,1039,307,1346,77.1917
第15任總統副總統,在臺北市各投開票所,臺北市,　南港區,玉成里,0867,53,366,555,974,3,977,0,977,295,1272,76.8082
第15任總統副總統,在臺北市各投開票所,臺北市,　南港區,合成里,0868,31,353,423,807,10,817,0,817,234,1051,77.7355
第15任總統副總統,在臺北市各投開票所,臺北市,　南港區,合成里,0869,32,408,479,919,14,933,0,933,276,1209,77.1712
第15任總統副總統,在臺北市各投開票所,臺北市,　南港區,合成里,0870,42,385,548,975,12,987,0,987,220,1207,81.7730
第15任總統副總統,在臺北市各投開票所,臺北市,　南港區,合成里,0871,43,319,508,870,8,878,0,878,240,1118,78.5331
第15任總統副總統,在臺北市各投開票所,臺北市,　南港區,合成里,0872,37,356,522,915,9,924,0,924,262,1186,77.9089
第15任總統副總統,在臺北市各投開票所,臺北市,　南港區,新光里,0873,28,403,464,895,5,900,0,900,254,1154,77.9896
第15任總統副總統,在臺北市各投開票所,臺北市,　南港區,新光里,0874,32,365,433,830,8,838,0,838,194,1032,81.2016
第15任總統副總統,在臺北市各投開票所,臺北市,　南港區,新光里,0875,41,342,341,724,10,734,0,734,256,990,74.1414
第15任總統副總統,在臺北市各投開票所,臺北市,　南港區,聯成里,0876,44,559,540,1143,22,1165,0,1165,305,1470,79.2517
第15任總統副總統,在臺北市各投開票所,臺北市,　南港區,聯成里,0877,61,460,630,1151,13,1164,0,1164,321,1485,78.3838
第15任總統副總統,在臺北市各投開票所,臺北市,　南港區,聯成里,0878,45,495,562,1102,18,1120,0,1120,283,1403,79.8289
第15任總統副總統,在臺北市各投開票所,臺北市,　南港區,萬福里,0879,43,411,490,944,7,951,0,951,230,1181,80.5250
第15任總統副總統,在臺北市各投開票所,臺北市,　南港區,萬福里,0880,37,364,581,982,10,992,0,992,220,1212,81.8482
第15任總統副總統,在臺北市各投開票所,臺北市,　南港區,萬福里,0881,55,565,433,1053,22,1075,0,1075,259,1334,80.5847
第15任總統副總統,在臺北市各投開票所,臺北市,　南港區,鴻福里,0882,45,449,565,1059,9,1068,0,1068,258,1326,80.5430
第15任總統副總統,在臺北市各投開票所,臺北市,　南港區,鴻福里,0883,46,414,528,988,7,995,0,995,259,1254,79.3461
第15任總統副總統,在臺北市各投開票所,臺北市,　南港區,鴻福里,0884,46,391,581,1018,18,1036,0,1036,278,1314,78.8432
第15任總統副總統,在臺北市各投開票所,臺北市,　南港區,百福里,0885,50,456,667,1173,21,1194,0,1194,371,1565,76.2939
第15任總統副總統,在臺北市各投開票所,臺北市,　南港區,百福里,0886,55,420,652,1127,17,1144,0,1144,349,1493,76.6242
第15任總統副總統,在臺北市各投開票所,臺北市,　南港區,百福里,0887,46,502,610,1158,15,1173,0,1173,346,1519,77.2219
第15任總統副總統,在臺北市各投開票所,臺北市,　南港區,成福里,0888,58,436,563,1057,16,1073,0,1073,294,1367,78.4931
第15任總統副總統,在臺北市各投開票所,臺北市,　南港區,成福里,0889,53,537,498,1088,13,1101,0,1101,311,1412,77.9745
第15任總統副總統,在臺北市各投開票所,臺北市,　南港區,成福里,0890,34,397,521,952,10,962,0,962,254,1216,79.1118
第15任總統副總統,在臺北市各投開票所,臺北市,　南港區,成福里,0891,56,473,469,998,14,1012,0,1012,243,1255,80.6375
第15任總統副總統,在臺北市各投開票所,臺北市,　南港區,成福里,0892,46,483,470,999,11,1010,0,1010,248,1258,80.2862
第15任總統副總統,在臺北市各投開票所,臺北市,　南港區,仁福里,0893,46,410,399,855,11,866,0,866,266,1132,76.5018
第15任總統副總統,在臺北市各投開票所,臺北市,　南港區,仁福里,0894,34,357,353,744,8,752,0,752,235,987,76.1905
第15任總統副總統,在臺北市各投開票所,臺北市,　南港區,仁福里,0895,35,508,493,1036,22,1058,0,1058,230,1288,82.1429
第15任總統副總統,在臺北市各投開票所,臺北市,　南港區,仁福里,0896,46,484,488,1018,12,1030,0,1030,289,1319,78.0895
第15任總統副總統,在臺北市各投開票所,臺北市,　內湖區,西湖里,0656,39,338,573,950,13,963,0,963,259,1222,78.8052
第15任總統副總統,在臺北市各投開票所,臺北市,　內湖區,西湖里,0657,47,350,526,923,12,935,0,935,249,1184,78.9696
第15任總統副總統,在臺北市各投開票所,臺北市,　內湖區,西湖里,0658,39,370,588,997,13,1010,0,1010,275,1285,78.5992
第15任總統副總統,在臺北市各投開票所,臺北市,　內湖區,西湖里,0659,33,414,558,1005,10,1015,0,1015,255,1270,79.9213
第15任總統副總統,在臺北市各投開票所,臺北市,　內湖區,西湖里,0660,45,426,571,1042,17,1059,0,1059,268,1327,79.8041
第15任總統副總統,在臺北市各投開票所,臺北市,　內湖區,西康里,0661,50,423,525,998,19,1017,0,1017,288,1305,77.9310
第15任總統副總統,在臺北市各投開票所,臺北市,　內湖區,西康里,0662,61,476,575,1112,18,1130,0,1130,281,1411,80.0850
第15任總統副總統,在臺北市各投開票所,臺北市,　內湖區,西康里,0663,64,439,540,1043,9,1052,0,1052,328,1380,76.2319
第15任總統副總統,在臺北市各投開票所,臺北市,　內湖區,西康里,0664,63,442,587,1092,13,1105,0,1105,362,1467,75.3238
第15任總統副總統,在臺北市各投開票所,臺北市,　內湖區,西康里,0665,48,425,540,1013,11,1024,0,1024,289,1313,77.9893
第15任總統副總統,在臺北市各投開票所,臺北市,　內湖區,西康里,0666,53,586,394,1033,13,1046,0,1046,285,1331,78.5875
第15任總統副總統,在臺北市各投開票所,臺北市,　內湖區,西安里,0667,43,449,542,1034,18,1052,0,1052,298,1350,77.9259
第15任總統副總統,在臺北市各投開票所,臺北市,　內湖區,西安里,0668,46,488,583,1117,12,1129,0,1129,284,1413,79.9009
第15任總統副總統,在臺北市各投開票所,臺北市,　內湖區,西安里,0669,46,440,591,1077,22,1099,0,1099,306,1405,78.2206
第15任總統副總統,在臺北市各投開票所,臺北市,　內湖區,西安里,0670,73,516,622,1211,21,1232,0,1232,333,1565,78.7220
第15任總統副總統,在臺北市各投開票所,臺北市,　內湖區,港墘里,0671,37,447,536,1020,17,1037,0,1037,282,1319,78.6202
第15任總統副總統,在臺北市各投開票所,臺北市,　內湖區,港墘里,0672,57,390,528,975,16,991,0,991,257,1248,79.4071
第15任總統副總統,在臺北市各投開票所,臺北市,　內湖區,港墘里,0673,37,372,596,1005,16,1021,0,1021,303,1324,77.1148
第15任總統副總統,在臺北市各投開票所,臺北市,　內湖區,港墘里,0674,42,402,553,997,13,1010,0,1010,220,1230,82.1138
第15任總統副總統,在臺北市各投開票所,臺北市,　內湖區,港都里,0675,47,488,712,1247,6,1253,0,1253,296,1549,80.8909
第15任總統副總統,在臺北市各投開票所,臺北市,　內湖區,港都里,0676,62,473,642,1177,12,1189,0,1189,344,1533,77.5603
第15任總統副總統,在臺北市各投開票所,臺北市,　內湖區,港都里,0677,64,476,699,1239,15,1254,0,1254,295,1549,80.9555
第15任總統副總統,在臺北市各投開票所,臺北市,　內湖區,港富里,0678,31,407,569,1007,12,1019,0,1019,273,1292,78.8700
第15任總統副總統,在臺北市各投開票所,臺北市,　內湖區,港富里,0679,56,408,649,1113,12,1125,0,1125,287,1412,79.6742
第15任總統副總統,在臺北市各投開票所,臺北市,　內湖區,港富里,0680,50,409,530,989,11,1000,0,1000,294,1294,77.2798
第15任總統副總統,在臺北市各投開票所,臺北市,　內湖區,港富里,0681,37,419,607,1063,9,1072,0,1072,305,1377,77.8504
第15任總統副總統,在臺北市各投開票所,臺北市,　內湖區,港富里,0682,43,436,609,1088,14,1102,0,1102,297,1399,78.7706
第15任總統副總統,在臺北市各投開票所,臺北市,　內湖區,港富里,0683,47,384,514,945,14,959,0,959,267,1226,78.2219
第15任總統副總統,在臺北市各投開票所,臺北市,　內湖區,港華里,0684,48,550,581,1179,14,1193,0,1193,297,1490,80.0671
第15任總統副總統,在臺北市各投開票所,臺北市,　內湖區,港華里,0685,57,523,651,1231,18,1249,0,1249,314,1563,79.9104
第15任總統副總統,在臺北市各投開票所,臺北市,　內湖區,港華里,0686,52,458,665,1175,16,1191,0,1191,285,1476,80.6911
第15任總統副總統,在臺北市各投開票所,臺北市,　內湖區,港華里,0687,56,430,700,1186,12,1198,0,1198,342,1540,77.7922
第15任總統副總統,在臺北市各投開票所,臺北市,　內湖區,港華里,0688,65,446,704,1215,11,1226,0,1226,318,1544,79.4041
第15任總統副總統,在臺北市各投開票所,臺北市,　內湖區,內湖里,0689,50,434,523,1007,19,1026,1,1027,304,1331,77.0849
第15任總統副總統,在臺北市各投開票所,臺北市,　內湖區,內湖里,0690,40,392,528,960,12,972,0,972,310,1282,75.8190
第15任總統副總統,在臺北市各投開票所,臺北市,　內湖區,內湖里,0691,45,535,520,1100,20,1120,0,1120,308,1428,78.4314
第15任總統副總統,在臺北市各投開票所,臺北市,　內湖區,內湖里,0692,36,479,524,1039,22,1061,0,1061,340,1401,75.7316
第15任總統副總統,在臺北市各投開票所,臺北市,　內湖區,湖濱里,0693,58,575,631,1264,15,1279,0,1279,271,1550,82.5161
第15任總統副總統,在臺北市各投開票所,臺北市,　內湖區,湖濱里,0694,62,601,541,1204,15,1219,0,1219,363,1582,77.0544
第15任總統副總統,在臺北市各投開票所,臺北市,　內湖區,湖濱里,0695,52,460,607,1119,10,1129,0,1129,295,1424,79.2837
第15任總統副總統,在臺北市各投開票所,臺北市,　內湖區,湖濱里,0696,56,548,475,1079,23,1102,0,1102,264,1366,80.6735
第15任總統副總統,在臺北市各投開票所,臺北市,　內湖區,湖濱里,0697,55,432,387,874,11,885,0,885,294,1179,75.0636
第15任總統副總統,在臺北市各投開票所,臺北市,　內湖區,紫星里,0698,43,467,647,1157,14,1171,0,1171,291,1462,80.0958
第15任總統副總統,在臺北市各投開票所,臺北市,　內湖區,紫星里,0699,39,431,570,1040,11,1051,0,1051,280,1331,78.9632
第15任總統副總統,在臺北市各投開票所,臺北市,　內湖區,紫星里,0700,56,424,609,1089,7,1096,5,1101,263,1364,80.3519
第15任總統副總統,在臺北市各投開票所,臺北市,　內湖區,紫星里,0701,59,436,597,1092,8,1100,0,1100,288,1388,79.2507
第15任總統副總統,在臺北市各投開票所,臺北市,　內湖區,紫星里,0702,30,409,585,1024,11,1035,0,1035,272,1307,79.1890
第15任總統副總統,在臺北市各投開票所,臺北市,　內湖區,大湖里,0703,53,485,643,1181,8,1189,0,1189,378,1567,75.8775
第15任總統副總統,在臺北市各投開票所,臺北市,　內湖區,大湖里,0704,52,557,608,1217,9,1226,0,1226,321,1547,79.2502
第15任總統副總統,在臺北市各投開票所,臺北市,　內湖區,大湖里,0705,45,531,678,1254,22,1276,0,1276,294,1570,81.2739
第15任總統副總統,在臺北市各投開票所,臺北市,　內湖區,金龍里,0706,63,509,646,1218,18,1236,0,1236,302,1538,80.3641
第15任總統副總統,在臺北市各投開票所,臺北市,　內湖區,金龍里,0707,59,482,684,1225,13,1238,0,1238,353,1591,77.8127
第15任總統副總統,在臺北市各投開票所,臺北市,　內湖區,金龍里,0708,48,478,606,1132,11,1143,0,1143,368,1511,75.6453
第15任總統副總統,在臺北市各投開票所,臺北市,　內湖區,金瑞里,0709,54,424,605,1083,13,1096,0,1096,306,1402,78.1740
第15任總統副總統,在臺北市各投開票所,臺北市,　內湖區,金瑞里,0710,47,501,543,1091,14,1105,0,1105,302,1407,78.5359
第15任總統副總統,在臺北市各投開票所,臺北市,　內湖區,金瑞里,0711,42,432,579,1053,17,1070,0,1070,334,1404,76.2108
第15任總統副總統,在臺北市各投開票所,臺北市,　內湖區,金瑞里,0712,42,458,629,1129,17,1146,0,1146,298,1444,79.3629
第15任總統副總統,在臺北市各投開票所,臺北市,　內湖區,碧山里,0713,11,58,253,322,6,328,0,328,111,439,74.7153
第15任總統副總統,在臺北市各投開票所,臺北市,　內湖區,碧山里,0714,53,484,528,1065,18,1083,0,1083,273,1356,79.8673
第15任總統副總統,在臺北市各投開票所,臺北市,　內湖區,碧山里,0715,47,536,622,1205,17,1222,1,1223,331,1554,78.6358
第15任總統副總統,在臺北市各投開票所,臺北市,　內湖區,碧山里,0716,42,380,539,961,11,972,0,972,338,1310,74.1985
第15任總統副總統,在臺北市各投開票所,臺北市,　內湖區,碧山里,0717,39,497,542,1078,15,1093,0,1093,295,1388,78.7464
第15任總統副總統,在臺北市各投開票所,臺北市,　內湖區,紫雲里,0718,50,424,538,1012,9,1021,0,1021,298,1319,77.4071
第15任總統副總統,在臺北市各投開票所,臺北市,　內湖區,紫雲里,0719,44,453,344,841,11,852,0,852,220,1072,79.4776
第15任總統副總統,在臺北市各投開票所,臺北市,　內湖區,紫雲里,0720,50,499,359,908,8,916,0,916,271,1187,77.1693
第15任總統副總統,在臺北市各投開票所,臺北市,　內湖區,紫雲里,0721,56,498,487,1041,12,1053,0,1053,260,1313,80.1980
第15任總統副總統,在臺北市各投開票所,臺北市,　內湖區,清白里,0722,55,572,584,1211,15,1226,1,1227,301,1528,80.2356
第15任總統副總統,在臺北市各投開票所,臺北市,　內湖區,清白里,0723,48,514,575,1137,15,1152,0,1152,341,1493,77.1601
第15任總統副總統,在臺北市各投開票所,臺北市,　內湖區,清白里,0724,67,585,563,1215,26,1241,0,1241,349,1590,78.0503
第15任總統副總統,在臺北市各投開票所,臺北市,　內湖區,清白里,0725,49,400,566,1015,16,1031,0,1031,267,1298,79.4299
第15任總統副總統,在臺北市各投開票所,臺北市,　內湖區,清白里,0726,60,462,539,1061,13,1074,0,1074,299,1373,78.2229
第15任總統副總統,在臺北市各投開票所,臺北市,　內湖區,葫洲里,0727,67,525,575,1167,6,1173,0,1173,329,1502,78.0959
第15任總統副總統,在臺北市各投開票所,臺北市,　內湖區,葫洲里,0728,77,484,582,1143,19,1162,0,1162,320,1482,78.4076
第15任總統副總統,在臺北市各投開票所,臺北市,　內湖區,葫洲里,0729,45,477,576,1098,13,1111,0,1111,265,1376,80.7413
第15任總統副總統,在臺北市各投開票所,臺北市,　內湖區,葫洲里,0730,58,507,593,1158,12,1170,0,1170,335,1505,77.7409
第15任總統副總統,在臺北市各投開票所,臺北市,　內湖區,紫陽里,0731,41,440,576,1057,11,1068,0,1068,292,1360,78.5294
第15任總統副總統,在臺北市各投開票所,臺北市,　內湖區,紫陽里,0732,40,400,557,997,17,1014,0,1014,307,1321,76.7600
第15任總統副總統,在臺北市各投開票所,臺北市,　內湖區,紫陽里,0733,50,410,639,1099,21,1120,0,1120,311,1431,78.2669
第15任總統副總統,在臺北市各投開票所,臺北市,　內湖區,紫陽里,0734,51,496,578,1125,10,1135,0,1135,295,1430,79.3706
第15任總統副總統,在臺北市各投開票所,臺北市,　內湖區,紫陽里,0735,60,492,584,1136,17,1153,0,1153,288,1441,80.0139
第15任總統副總統,在臺北市各投開票所,臺北市,　內湖區,瑞陽里,0736,48,673,491,1212,13,1225,0,1225,308,1533,79.9087
第15任總統副總統,在臺北市各投開票所,臺北市,　內湖區,瑞陽里,0737,60,492,482,1034,9,1043,0,1043,305,1348,77.3739
第15任總統副總統,在臺北市各投開票所,臺北市,　內湖區,瑞陽里,0738,51,504,463,1018,10,1028,0,1028,250,1278,80.4382
第15任總統副總統,在臺北市各投開票所,臺北市,　內湖區,瑞陽里,0739,42,398,538,978,11,989,0,989,217,1206,82.0066
第15任總統副總統,在臺北市各投開票所,臺北市,　內湖區,瑞陽里,0740,36,631,348,1015,18,1033,0,1033,267,1300,79.4615
第15任總統副總統,在臺北市各投開票所,臺北市,　內湖區,瑞光里,0741,51,498,582,1131,15,1146,0,1146,339,1485,77.1717
第15任總統副總統,在臺北市各投開票所,臺北市,　內湖區,瑞光里,0742,44,511,429,984,12,996,0,996,233,1229,81.0415
第15任總統副總統,在臺北市各投開票所,臺北市,　內湖區,瑞光里,0743,49,561,394,1004,10,1014,0,1014,282,1296,78.2407
第15任總統副總統,在臺北市各投開票所,臺北市,　內湖區,五分里,0744,45,376,647,1068,14,1082,0,1082,306,1388,77.9539
第15任總統副總統,在臺北市各投開票所,臺北市,　內湖區,五分里,0745,48,453,610,1111,17,1128,0,1128,301,1429,78.9363
第15任總統副總統,在臺北市各投開票所,臺北市,　內湖區,五分里,0746,59,359,665,1083,21,1104,0,1104,365,1469,75.1532
第15任總統副總統,在臺北市各投開票所,臺北市,　內湖區,五分里,0747,47,381,665,1093,12,1105,0,1105,347,1452,76.1019
第15任總統副總統,在臺北市各投開票所,臺北市,　內湖區,五分里,0748,52,458,538,1048,12,1060,0,1060,352,1412,75.0708
第15任總統副總統,在臺北市各投開票所,臺北市,　內湖區,五分里,0749,59,435,638,1132,13,1145,0,1145,354,1499,76.3843
第15任總統副總統,在臺北市各投開票所,臺北市,　內湖區,東湖里,0750,39,363,552,954,12,966,0,966,258,1224,78.9216
第15任總統副總統,在臺北市各投開票所,臺北市,　內湖區,東湖里,0751,50,380,548,978,13,991,0,991,272,1263,78.4640
第15任總統副總統,在臺北市各投開票所,臺北市,　內湖區,東湖里,0752,44,369,581,994,13,1007,0,1007,258,1265,79.6047
第15任總統副總統,在臺北市各投開票所,臺北市,　內湖區,東湖里,0753,36,352,597,985,11,996,0,996,281,1277,77.9953
第15任總統副總統,在臺北市各投開票所,臺北市,　內湖區,東湖里,0754,52,367,561,980,16,996,0,996,276,1272,78.3019
第15任總統副總統,在臺北市各投開票所,臺北市,　內湖區,樂康里,0755,49,426,595,1070,19,1089,0,1089,342,1431,76.1006
第15任總統副總統,在臺北市各投開票所,臺北市,　內湖區,樂康里,0756,68,465,643,1176,14,1190,0,1190,346,1536,77.4740
第15任總統副總統,在臺北市各投開票所,臺北市,　內湖區,樂康里,0757,53,378,586,1017,15,1032,1,1033,279,1312,78.6585
第15任總統副總統,在臺北市各投開票所,臺北市,　內湖區,樂康里,0758,58,388,510,956,20,976,0,976,310,1286,75.8942
第15任總統副總統,在臺北市各投開票所,臺北市,　內湖區,樂康里,0759,54,439,620,1113,17,1130,0,1130,383,1513,74.6861
第15任總統副總統,在臺北市各投開票所,臺北市,　內湖區,內溝里,0760,52,396,417,865,8,873,0,873,271,1144,76.3112
第15任總統副總統,在臺北市各投開票所,臺北市,　內湖區,內溝里,0761,43,354,392,789,9,798,0,798,217,1015,78.6207
第15任總統副總統,在臺北市各投開票所,臺北市,　內湖區,內溝里,0762,42,349,507,898,4,902,1,903,245,1148,78.5714
第15任總統副總統,在臺北市各投開票所,臺北市,　內湖區,內溝里,0763,22,159,369,550,7,557,0,557,184,741,75.1687
第15任總統副總統,在臺北市各投開票所,臺北市,　內湖區,週美里,0764,57,317,768,1142,17,1159,0,1159,344,1503,77.1124
第15任總統副總統,在臺北市各投開票所,臺北市,　內湖區,週美里,0765,53,378,670,1101,14,1115,0,1115,307,1422,78.4107
第15任總統副總統,在臺北市各投開票所,臺北市,　內湖區,週美里,0766,48,403,722,1173,14,1187,0,1187,351,1538,77.1782
第15任總統副總統,在臺北市各投開票所,臺北市,　內湖區,週美里,0767,65,445,523,1033,14,1047,0,1047,281,1328,78.8404
第15任總統副總統,在臺北市各投開票所,臺北市,　內湖區,週美里,0768,43,511,484,1038,17,1055,0,1055,357,1412,74.7167
第15任總統副總統,在臺北市各投開票所,臺北市,　內湖區,行善里,0769,53,321,635,1009,7,1016,0,1016,320,1336,76.0479
第15任總統副總統,在臺北市各投開票所,臺北市,　內湖區,行善里,0770,44,407,672,1123,17,1140,0,1140,309,1449,78.6749
第15任總統副總統,在臺北市各投開票所,臺北市,　內湖區,行善里,0771,69,525,613,1207,19,1226,0,1226,350,1576,77.7919
第15任總統副總統,在臺北市各投開票所,臺北市,　內湖區,行善里,0772,61,560,633,1254,15,1269,0,1269,313,1582,80.2149
第15任總統副總統,在臺北市各投開票所,臺北市,　內湖區,石潭里,0773,59,380,699,1138,13,1151,0,1151,334,1485,77.5084
第15任總統副總統,在臺北市各投開票所,臺北市,　內湖區,石潭里,0774,40,491,413,944,12,956,0,956,321,1277,74.8630
第15任總統副總統,在臺北市各投開票所,臺北市,　內湖區,石潭里,0775,36,206,233,475,13,488,0,488,162,650,75.0769
第15任總統副總統,在臺北市各投開票所,臺北市,　內湖區,湖興里,0776,49,469,629,1147,11,1158,0,1158,348,1506,76.8924
第15任總統副總統,在臺北市各投開票所,臺北市,　內湖區,湖興里,0777,65,631,706,1402,20,1422,0,1422,1496,2918,48.7320
第15任總統副總統,在臺北市各投開票所,臺北市,　內湖區,湖興里,0778,44,473,571,1088,16,1104,0,1104,401,1505,73.3555
第15任總統副總統,在臺北市各投開票所,臺北市,　內湖區,湖興里,0779,50,415,743,1208,14,1222,0,1222,306,1528,79.9738
第15任總統副總統,在臺北市各投開票所,臺北市,　內湖區,湖元里,0780,43,481,689,1213,10,1223,0,1223,327,1550,78.9032
第15任總統副總統,在臺北市各投開票所,臺北市,　內湖區,湖元里,0781,48,457,675,1180,12,1192,0,1192,370,1562,76.3124
第15任總統副總統,在臺北市各投開票所,臺北市,　內湖區,湖元里,0782,57,509,578,1144,12,1156,0,1156,343,1499,77.1181
第15任總統副總統,在臺北市各投開票所,臺北市,　內湖區,安湖里,0783,61,346,494,901,11,912,0,912,262,1174,77.6831
第15任總統副總統,在臺北市各投開票所,臺北市,　內湖區,安湖里,0784,54,373,529,956,8,964,0,964,241,1205,80.0000
第15任總統副總統,在臺北市各投開票所,臺北市,　內湖區,安湖里,0785,34,346,553,933,13,946,0,946,275,1221,77.4775
第15任總統副總統,在臺北市各投開票所,臺北市,　內湖區,安湖里,0786,68,449,615,1132,13,1145,0,1145,279,1424,80.4073
第15任總統副總統,在臺北市各投開票所,臺北市,　內湖區,安湖里,0787,54,419,625,1098,13,1111,0,1111,297,1408,78.9063
第15任總統副總統,在臺北市各投開票所,臺北市,　內湖區,秀湖里,0788,38,460,577,1075,16,1091,0,1091,356,1447,75.3974
第15任總統副總統,在臺北市各投開票所,臺北市,　內湖區,秀湖里,0789,52,584,446,1082,14,1096,1,1097,336,1433,76.4829
第15任總統副總統,在臺北市各投開票所,臺北市,　內湖區,秀湖里,0790,45,417,547,1009,19,1028,0,1028,254,1282,80.1872
第15任總統副總統,在臺北市各投開票所,臺北市,　內湖區,秀湖里,0791,60,444,443,947,14,961,0,961,274,1235,77.8138
第15任總統副總統,在臺北市各投開票所,臺北市,　內湖區,安泰里,0792,66,435,630,1131,14,1145,1,1146,370,1516,75.5277
第15任總統副總統,在臺北市各投開票所,臺北市,　內湖區,安泰里,0793,57,511,615,1183,16,1199,0,1199,351,1550,77.3548
第15任總統副總統,在臺北市各投開票所,臺北市,　內湖區,安泰里,0794,62,497,615,1174,19,1193,0,1193,367,1560,76.4744
第15任總統副總統,在臺北市各投開票所,臺北市,　內湖區,金湖里,0795,56,487,664,1207,15,1222,1,1223,346,1569,77.8840
第15任總統副總統,在臺北市各投開票所,臺北市,　內湖區,金湖里,0796,48,571,571,1190,18,1208,0,1208,364,1572,76.8448
第15任總統副總統,在臺北市各投開票所,臺北市,　內湖區,金湖里,0797,71,540,620,1231,25,1256,0,1256,317,1573,79.8474
第15任總統副總統,在臺北市各投開票所,臺北市,　內湖區,金湖里,0798,63,542,604,1209,16,1225,0,1225,326,1551,78.9813
第15任總統副總統,在臺北市各投開票所,臺北市,　內湖區,金湖里,0799,60,551,585,1196,15,1211,0,1211,374,1585,76.4038
第15任總統副總統,在臺北市各投開票所,臺北市,　內湖區,康寧里,0800,54,538,558,1150,13,1163,0,1163,357,1520,76.5132
第15任總統副總統,在臺北市各投開票所,臺北市,　內湖區,康寧里,0801,64,510,597,1171,22,1193,0,1193,354,1547,77.1170
第15任總統副總統,在臺北市各投開票所,臺北市,　內湖區,康寧里,0802,45,487,591,1123,14,1137,0,1137,313,1450,78.4138
第15任總統副總統,在臺北市各投開票所,臺北市,　內湖區,康寧里,0803,49,466,626,1141,17,1158,0,1158,282,1440,80.4167
第15任總統副總統,在臺北市各投開票所,臺北市,　內湖區,康寧里,0804,47,429,543,1019,13,1032,2,1034,299,1333,77.4194
第15任總統副總統,在臺北市各投開票所,臺北市,　內湖區,明湖里,0805,56,469,696,1221,20,1241,0,1241,305,1546,80.2717
第15任總統副總統,在臺北市各投開票所,臺北市,　內湖區,明湖里,0806,61,442,630,1133,17,1150,0,1150,281,1431,80.3634
第15任總統副總統,在臺北市各投開票所,臺北市,　內湖區,明湖里,0807,68,441,650,1159,18,1177,0,1177,318,1495,78.7291
第15任總統副總統,在臺北市各投開票所,臺北市,　內湖區,蘆洲里,0808,36,263,498,797,8,805,1,806,313,1119,71.9392
第15任總統副總統,在臺北市各投開票所,臺北市,　內湖區,麗山里,0809,51,345,670,1066,12,1078,0,1078,265,1343,80.2681
第15任總統副總統,在臺北市各投開票所,臺北市,　內湖區,麗山里,0810,36,355,502,893,14,907,0,907,276,1183,76.6695
第15任總統副總統,在臺北市各投開票所,臺北市,　內湖區,麗山里,0811,37,353,599,989,13,1002,0,1002,298,1300,77.0769
第15任總統副總統,在臺北市各投開票所,臺北市,　內湖區,麗山里,0812,40,339,508,887,12,899,0,899,269,1168,76.9692
第15任總統副總統,在臺北市各投開票所,臺北市,　內湖區,寶湖里,0813,52,550,502,1104,17,1121,0,1121,348,1469,76.3104
第15任總統副總統,在臺北市各投開票所,臺北市,　內湖區,寶湖里,0814,50,505,617,1172,18,1190,0,1190,307,1497,79.4923
第15任總統副總統,在臺北市各投開票所,臺北市,　內湖區,寶湖里,0815,61,542,541,1144,16,1160,0,1160,382,1542,75.2270
第15任總統副總統,在臺北市各投開票所,臺北市,　內湖區,寶湖里,0816,54,579,575,1208,22,1230,0,1230,336,1566,78.5441
第15任總統副總統,在臺北市各投開票所,臺北市,　內湖區,寶湖里,0817,60,463,599,1122,23,1145,0,1145,312,1457,78.5861
第15任總統副總統,在臺北市各投開票所,臺北市,　內湖區,南湖里,0818,53,497,549,1099,22,1121,0,1121,306,1427,78.5564
第15任總統副總統,在臺北市各投開票所,臺北市,　內湖區,南湖里,0819,54,494,616,1164,10,1174,0,1174,317,1491,78.7391
第15任總統副總統,在臺北市各投開票所,臺北市,　內湖區,南湖里,0820,58,531,621,1210,20,1230,0,1230,367,1597,77.0194
第15任總統副總統,在臺北市各投開票所,臺北市,　士林區,天母里,0161,36,329,521,886,17,903,0,903,280,1183,76.3314
第15任總統副總統,在臺北市各投開票所,臺北市,　士林區,天母里,0162,42,528,541,1111,15,1126,0,1126,374,1500,75.0667
第15任總統副總統,在臺北市各投開票所,臺北市,　士林區,天母里,0163,45,486,598,1129,20,1149,0,1149,335,1484,77.4259
第15任總統副總統,在臺北市各投開票所,臺北市,　士林區,天母里,0164,52,467,555,1074,8,1082,0,1082,355,1437,75.2958
第15任總統副總統,在臺北市各投開票所,臺北市,　士林區,三玉里,0165,40,410,561,1011,14,1025,0,1025,289,1314,78.0061
第15任總統副總統,在臺北市各投開票所,臺北市,　士林區,三玉里,0166,28,377,521,926,11,937,0,937,282,1219,76.8663
第15任總統副總統,在臺北市各投開票所,臺北市,　士林區,三玉里,0167,35,348,563,946,14,960,0,960,305,1265,75.8893
第15任總統副總統,在臺北市各投開票所,臺北市,　士林區,三玉里,0168,38,365,517,920,20,940,0,940,251,1191,78.9253
第15任總統副總統,在臺北市各投開票所,臺北市,　士林區,天福里,0169,52,426,700,1178,11,1189,0,1189,304,1493,79.6383
第15任總統副總統,在臺北市各投開票所,臺北市,　士林區,天福里,0170,37,367,557,961,14,975,0,975,299,1274,76.5306
第15任總統副總統,在臺北市各投開票所,臺北市,　士林區,天福里,0171,48,426,499,973,10,983,0,983,267,1250,78.6400
第15任總統副總統,在臺北市各投開票所,臺北市,　士林區,天福里,0172,38,402,511,951,16,967,0,967,363,1330,72.7068
第15任總統副總統,在臺北市各投開票所,臺北市,　士林區,天祿里,0173,52,430,655,1137,18,1155,4,1159,352,1511,76.4394
第15任總統副總統,在臺北市各投開票所,臺北市,　士林區,天祿里,0174,40,443,705,1188,16,1204,1,1205,342,1547,77.8281
第15任總統副總統,在臺北市各投開票所,臺北市,　士林區,天祿里,0175,57,371,642,1070,5,1075,0,1075,345,1420,75.7042
第15任總統副總統,在臺北市各投開票所,臺北市,　士林區,天壽里,0176,43,390,550,983,14,997,0,997,283,1280,77.8906
第15任總統副總統,在臺北市各投開票所,臺北市,　士林區,天壽里,0177,46,464,606,1116,17,1133,0,1133,369,1502,75.4328
第15任總統副總統,在臺北市各投開票所,臺北市,　士林區,天壽里,0178,45,492,587,1124,16,1140,0,1140,370,1510,75.4967
第15任總統副總統,在臺北市各投開票所,臺北市,　士林區,天山里,0179,34,497,581,1112,10,1122,0,1122,391,1513,74.1573
第15任總統副總統,在臺北市各投開票所,臺北市,　士林區,天山里,0180,42,506,563,1111,17,1128,0,1128,382,1510,74.7020
第15任總統副總統,在臺北市各投開票所,臺北市,　士林區,天山里,0181,37,449,616,1102,9,1111,0,1111,327,1438,77.2601
第15任總統副總統,在臺北市各投開票所,臺北市,　士林區,天山里,0182,29,479,636,1144,17,1161,0,1161,338,1499,77.4516
第15任總統副總統,在臺北市各投開票所,臺北市,　士林區,天和里,0183,46,395,577,1018,12,1030,1,1031,297,1328,77.5602
第15任總統副總統,在臺北市各投開票所,臺北市,　士林區,天和里,0184,28,388,497,913,4,917,0,917,262,1179,77.7778
第15任總統副總統,在臺北市各投開票所,臺北市,　士林區,天和里,0185,46,378,524,948,10,958,0,958,273,1231,77.8229
第15任總統副總統,在臺北市各投開票所,臺北市,　士林區,天和里,0186,37,420,503,960,12,972,0,972,341,1313,74.0289
第15任總統副總統,在臺北市各投開票所,臺北市,　士林區,天和里,0187,29,403,536,968,9,977,0,977,372,1349,72.4240
第15任總統副總統,在臺北市各投開票所,臺北市,　士林區,天玉里,0188,30,457,680,1167,8,1175,0,1175,392,1567,74.9840
第15任總統副總統,在臺北市各投開票所,臺北市,　士林區,天玉里,0189,40,455,564,1059,16,1075,0,1075,388,1463,73.4792
第15任總統副總統,在臺北市各投開票所,臺北市,　士林區,天玉里,0190,58,444,603,1105,15,1120,0,1120,354,1474,75.9837
第15任總統副總統,在臺北市各投開票所,臺北市,　士林區,天玉里,0191,38,441,591,1070,10,1080,0,1080,326,1406,76.8137
第15任總統副總統,在臺北市各投開票所,臺北市,　士林區,天玉里,0192,51,441,600,1092,11,1103,0,1103,330,1433,76.9714
第15任總統副總統,在臺北市各投開票所,臺北市,　士林區,德行里,0193,39,416,576,1031,12,1043,0,1043,267,1310,79.6183
第15任總統副總統,在臺北市各投開票所,臺北市,　士林區,德行里,0194,63,343,549,955,6,961,0,961,263,1224,78.5131
第15任總統副總統,在臺北市各投開票所,臺北市,　士林區,德行里,0195,42,363,557,962,5,967,0,967,293,1260,76.7460
第15任總統副總統,在臺北市各投開票所,臺北市,　士林區,德華里,0196,46,338,556,940,8,948,0,948,287,1235,76.7611
第15任總統副總統,在臺北市各投開票所,臺北市,　士林區,德華里,0197,24,301,569,894,6,900,0,900,270,1170,76.9231
第15任總統副總統,在臺北市各投開票所,臺北市,　士林區,德華里,0198,44,364,585,993,13,1006,0,1006,266,1272,79.0881
第15任總統副總統,在臺北市各投開票所,臺北市,　士林區,德華里,0199,44,305,520,869,16,885,0,885,253,1138,77.7680
第15任總統副總統,在臺北市各投開票所,臺北市,　士林區,忠誠里,0200,38,556,340,934,11,945,0,945,291,1236,76.4563
第15任總統副總統,在臺北市各投開票所,臺北市,　士林區,忠誠里,0201,32,421,439,892,10,902,0,902,252,1154,78.1629
第15任總統副總統,在臺北市各投開票所,臺北市,　士林區,忠誠里,0202,25,529,424,978,7,985,0,985,276,1261,78.1126
第15任總統副總統,在臺北市各投開票所,臺北市,　士林區,忠誠里,0203,43,419,406,868,9,877,0,877,292,1169,75.0214
第15任總統副總統,在臺北市各投開票所,臺北市,　士林區,蘭雅里,0204,54,451,658,1163,10,1173,0,1173,425,1598,73.4043
第15任總統副總統,在臺北市各投開票所,臺北市,　士林區,蘭雅里,0205,47,436,648,1131,19,1150,1,1151,292,1443,79.6951
第15任總統副總統,在臺北市各投開票所,臺北市,　士林區,蘭雅里,0206,48,443,707,1198,7,1205,0,1205,344,1549,77.7921
第15任總統副總統,在臺北市各投開票所,臺北市,　士林區,蘭雅里,0207,48,470,627,1145,11,1156,0,1156,311,1467,78.8003
第15任總統副總統,在臺北市各投開票所,臺北市,　士林區,蘭雅里,0208,49,442,590,1081,11,1092,0,1092,359,1451,75.2584
第15任總統副總統,在臺北市各投開票所,臺北市,　士林區,蘭興里,0209,38,396,589,1023,14,1037,0,1037,331,1368,75.8041
第15任總統副總統,在臺北市各投開票所,臺北市,　士林區,蘭興里,0210,38,394,672,1104,15,1119,0,1119,340,1459,76.6964
第15任總統副總統,在臺北市各投開票所,臺北市,　士林區,蘭興里,0211,54,436,632,1122,10,1132,0,1132,330,1462,77.4282
第15任總統副總統,在臺北市各投開票所,臺北市,　士林區,蘭興里,0212,43,361,494,898,10,908,0,908,248,1156,78.5467
第15任總統副總統,在臺北市各投開票所,臺北市,　士林區,仁勇里,0301,30,282,534,846,11,857,0,857,305,1162,73.7522
第15任總統副總統,在臺北市各投開票所,臺北市,　士林區,仁勇里,0302,25,258,484,767,7,774,0,774,238,1012,76.4822
第15任總統副總統,在臺北市各投開票所,臺北市,　士林區,仁勇里,0303,35,297,531,863,12,875,0,875,261,1136,77.0246
第15任總統副總統,在臺北市各投開票所,臺北市,　士林區,義信里,0304,31,358,524,913,11,924,0,924,316,1240,74.5161
第15任總統副總統,在臺北市各投開票所,臺北市,　士林區,義信里,0305,34,434,646,1114,20,1134,0,1134,401,1535,73.8762
第15任總統副總統,在臺北市各投開票所,臺北市,　士林區,福林里,0306,17,236,222,475,8,483,0,483,157,640,75.4688
第15任總統副總統,在臺北市各投開票所,臺北市,　士林區,福林里,0307,26,253,350,629,8,637,0,637,196,833,76.4706
第15任總統副總統,在臺北市各投開票所,臺北市,　士林區,福林里,0308,32,305,496,833,14,847,0,847,258,1105,76.6516
第15任總統副總統,在臺北市各投開票所,臺北市,　士林區,福德里,0309,41,292,447,780,4,784,0,784,224,1008,77.7778
第15任總統副總統,在臺北市各投開票所,臺北市,　士林區,福德里,0310,43,309,393,745,11,756,1,757,220,977,77.3797
第15任總統副總統,在臺北市各投開票所,臺北市,　士林區,福德里,0311,32,368,417,817,11,828,0,828,216,1044,79.3103
第15任總統副總統,在臺北市各投開票所,臺北市,　士林區,福德里,0312,17,298,381,696,3,699,0,699,1466,2165,32.2864
第15任總統副總統,在臺北市各投開票所,臺北市,　士林區,福志里,0313,42,464,431,937,10,947,9,956,281,1237,76.5562
第15任總統副總統,在臺北市各投開票所,臺北市,　士林區,福志里,0314,30,548,348,926,10,936,0,936,286,1222,76.5957
第15任總統副總統,在臺北市各投開票所,臺北市,　士林區,福志里,0315,49,491,616,1156,14,1170,0,1170,291,1461,80.0821
第15任總統副總統,在臺北市各投開票所,臺北市,　士林區,福志里,0316,39,373,663,1075,19,1094,0,1094,279,1373,79.6795
第15任總統副總統,在臺北市各投開票所,臺北市,　士林區,福志里,0317,49,381,568,998,15,1013,0,1013,257,1270,79.7638
第15任總統副總統,在臺北市各投開票所,臺北市,　士林區,舊佳里,0318,42,434,718,1194,11,1205,0,1205,308,1513,79.6431
第15任總統副總統,在臺北市各投開票所,臺北市,　士林區,舊佳里,0319,35,374,491,900,7,907,0,907,299,1206,75.2073
第15任總統副總統,在臺北市各投開票所,臺北市,　士林區,舊佳里,0320,34,337,564,935,6,941,0,941,355,1296,72.6080
第15任總統副總統,在臺北市各投開票所,臺北市,　士林區,舊佳里,0321,37,347,681,1065,12,1077,0,1077,312,1389,77.5378
第15任總統副總統,在臺北市各投開票所,臺北市,　士林區,福佳里,0322,38,316,580,934,15,949,0,949,288,1237,76.7179
第15任總統副總統,在臺北市各投開票所,臺北市,　士林區,福佳里,0323,47,393,735,1175,15,1190,0,1190,337,1527,77.9306
第15任總統副總統,在臺北市各投開票所,臺北市,　士林區,福佳里,0324,34,305,391,730,11,741,0,741,214,955,77.5916
第15任總統副總統,在臺北市各投開票所,臺北市,　士林區,福佳里,0325,49,476,656,1181,9,1190,0,1190,320,1510,78.8079
第15任總統副總統,在臺北市各投開票所,臺北市,　士林區,福佳里,0326,46,369,576,991,9,1000,0,1000,311,1311,76.2777
第15任總統副總統,在臺北市各投開票所,臺北市,　士林區,後港里,0327,40,249,531,820,14,834,0,834,274,1108,75.2708
第15任總統副總統,在臺北市各投開票所,臺北市,　士林區,後港里,0328,41,276,612,929,9,938,0,938,331,1269,73.9165
第15任總統副總統,在臺北市各投開票所,臺北市,　士林區,後港里,0329,44,303,552,899,9,908,0,908,305,1213,74.8557
第15任總統副總統,在臺北市各投開票所,臺北市,　士林區,後港里,0330,48,343,524,915,15,930,0,930,291,1221,76.1671
第15任總統副總統,在臺北市各投開票所,臺北市,　士林區,後港里,0331,21,241,605,867,6,873,0,873,247,1120,77.9464
第15任總統副總統,在臺北市各投開票所,臺北市,　士林區,後港里,0332,30,315,468,813,7,820,0,820,237,1057,77.5781
第15任總統副總統,在臺北市各投開票所,臺北市,　士林區,福中里,0333,40,315,668,1023,9,1032,0,1032,322,1354,76.2186
第15任總統副總統,在臺北市各投開票所,臺北市,　士林區,福中里,0334,36,353,671,1060,13,1073,0,1073,310,1383,77.5850
第15任總統副總統,在臺北市各投開票所,臺北市,　士林區,福中里,0335,62,416,707,1185,16,1201,0,1201,294,1495,80.3344
第15任總統副總統,在臺北市各投開票所,臺北市,　士林區,福中里,0336,55,340,727,1122,9,1131,1,1132,344,1476,76.6260
第15任總統副總統,在臺北市各投開票所,臺北市,　士林區,前港里,0337,46,324,615,985,13,998,0,998,310,1308,76.2997
第15任總統副總統,在臺北市各投開票所,臺北市,　士林區,前港里,0338,50,314,589,953,10,963,2,965,267,1232,78.1656
第15任總統副總統,在臺北市各投開票所,臺北市,　士林區,前港里,0339,37,308,609,954,16,970,0,970,276,1246,77.8491
第15任總統副總統,在臺北市各投開票所,臺北市,　士林區,百齡里,0340,58,378,711,1147,11,1158,0,1158,338,1496,77.4064
第15任總統副總統,在臺北市各投開票所,臺北市,　士林區,百齡里,0341,55,346,736,1137,7,1144,0,1144,330,1474,77.6119
第15任總統副總統,在臺北市各投開票所,臺北市,　士林區,百齡里,0342,50,412,736,1198,15,1213,1,1214,297,1511,80.2780
第15任總統副總統,在臺北市各投開票所,臺北市,　士林區,百齡里,0343,49,354,745,1148,6,1154,0,1154,319,1473,78.3435
第15任總統副總統,在臺北市各投開票所,臺北市,　士林區,承德里,0344,29,352,454,835,11,846,0,846,277,1123,75.3339
第15任總統副總統,在臺北市各投開票所,臺北市,　士林區,承德里,0345,46,383,577,1006,8,1014,0,1014,308,1322,76.7020
第15任總統副總統,在臺北市各投開票所,臺北市,　士林區,承德里,0346,35,353,472,860,6,866,0,866,292,1158,74.7841
第15任總統副總統,在臺北市各投開票所,臺北市,　士林區,承德里,0347,41,347,479,867,11,878,0,878,288,1166,75.3002
第15任總統副總統,在臺北市各投開票所,臺北市,　士林區,福華里,0348,43,359,552,954,7,961,0,961,311,1272,75.5503
第15任總統副總統,在臺北市各投開票所,臺北市,　士林區,福華里,0349,25,303,569,897,11,908,0,908,340,1248,72.7564
第15任總統副總統,在臺北市各投開票所,臺北市,　士林區,福華里,0350,39,397,591,1027,10,1037,0,1037,414,1451,71.4680
第15任總統副總統,在臺北市各投開票所,臺北市,　士林區,福華里,0351,45,376,677,1098,11,1109,0,1109,298,1407,78.8202
第15任總統副總統,在臺北市各投開票所,臺北市,　士林區,明勝里,0352,47,445,584,1076,10,1086,0,1086,329,1415,76.7491
第15任總統副總統,在臺北市各投開票所,臺北市,　士林區,明勝里,0353,44,392,677,1113,15,1128,0,1128,315,1443,78.1705
第15任總統副總統,在臺北市各投開票所,臺北市,　士林區,明勝里,0354,40,374,676,1090,13,1103,0,1103,297,1400,78.7857
第15任總統副總統,在臺北市各投開票所,臺北市,　士林區,福順里,0355,42,338,829,1209,9,1218,0,1218,348,1566,77.7778
第15任總統副總統,在臺北市各投開票所,臺北市,　士林區,福順里,0356,45,360,765,1170,11,1181,0,1181,351,1532,77.0888
第15任總統副總統,在臺北市各投開票所,臺北市,　士林區,福順里,0357,56,381,781,1218,14,1232,0,1232,353,1585,77.7287
第15任總統副總統,在臺北市各投開票所,臺北市,　士林區,富光里,0358,42,282,661,985,13,998,0,998,306,1304,76.5337
第15任總統副總統,在臺北市各投開票所,臺北市,　士林區,富光里,0359,40,256,587,883,8,891,0,891,280,1171,76.0888
第15任總統副總統,在臺北市各投開票所,臺北市,　士林區,富光里,0360,39,316,617,972,16,988,0,988,299,1287,76.7677
第15任總統副總統,在臺北市各投開票所,臺北市,　士林區,富光里,0361,42,265,687,994,10,1004,0,1004,296,1300,77.2308
第15任總統副總統,在臺北市各投開票所,臺北市,　士林區,葫蘆里,0362,46,299,644,989,10,999,0,999,263,1262,79.1601
第15任總統副總統,在臺北市各投開票所,臺北市,　士林區,葫蘆里,0363,32,294,690,1016,11,1027,0,1027,281,1308,78.5168
第15任總統副總統,在臺北市各投開票所,臺北市,　士林區,葫蘆里,0364,44,291,675,1010,14,1024,0,1024,245,1269,80.6935
第15任總統副總統,在臺北市各投開票所,臺北市,　士林區,葫蘆里,0365,31,521,403,955,8,963,0,963,260,1223,78.7408
第15任總統副總統,在臺北市各投開票所,臺北市,　士林區,葫蘆里,0366,44,373,636,1053,12,1065,0,1065,252,1317,80.8656
第15任總統副總統,在臺北市各投開票所,臺北市,　士林區,葫東里,0367,37,259,500,796,10,806,0,806,280,1086,74.2173
第15任總統副總統,在臺北市各投開票所,臺北市,　士林區,葫東里,0368,41,274,645,960,15,975,0,975,263,1238,78.7561
第15任總統副總統,在臺北市各投開票所,臺北市,　士林區,葫東里,0369,37,273,620,930,9,939,0,939,284,1223,76.7784
第15任總統副總統,在臺北市各投開票所,臺北市,　士林區,社子里,0370,41,310,661,1012,6,1018,0,1018,292,1310,77.7099
第15任總統副總統,在臺北市各投開票所,臺北市,　士林區,社子里,0371,32,298,786,1116,12,1128,0,1128,343,1471,76.6825
第15任總統副總統,在臺北市各投開票所,臺北市,　士林區,社子里,0372,44,379,620,1043,14,1057,0,1057,340,1397,75.6621
第15任總統副總統,在臺北市各投開票所,臺北市,　士林區,社子里,0373,34,269,733,1036,10,1046,0,1046,300,1346,77.7117
第15任總統副總統,在臺北市各投開票所,臺北市,　士林區,社新里,0374,66,434,892,1392,11,1403,0,1403,408,1811,77.4710
第15任總統副總統,在臺北市各投開票所,臺北市,　士林區,社新里,0375,42,302,727,1071,7,1078,0,1078,337,1415,76.1837
第15任總統副總統,在臺北市各投開票所,臺北市,　士林區,社新里,0376,50,243,588,881,5,886,1,887,308,1195,74.1423
第15任總統副總統,在臺北市各投開票所,臺北市,　士林區,社新里,0377,39,211,590,840,8,848,0,848,273,1121,75.6467
第15任總統副總統,在臺北市各投開票所,臺北市,　士林區,社新里,0378,39,227,533,799,11,810,0,810,240,1050,77.1429
第15任總統副總統,在臺北市各投開票所,臺北市,　士林區,社新里,0379,39,275,571,885,13,898,0,898,297,1195,75.1464
第15任總統副總統,在臺北市各投開票所,臺北市,　士林區,社園里,0380,32,244,663,939,12,951,0,951,289,1240,76.6935
第15任總統副總統,在臺北市各投開票所,臺北市,　士林區,社園里,0381,43,247,620,910,5,915,0,915,257,1172,78.0717
第15任總統副總統,在臺北市各投開票所,臺北市,　士林區,社園里,0382,48,277,686,1011,9,1020,0,1020,291,1311,77.8032
第15任總統副總統,在臺北市各投開票所,臺北市,　士林區,社園里,0383,36,308,720,1064,12,1076,0,1076,299,1375,78.2545
第15任總統副總統,在臺北市各投開票所,臺北市,　士林區,社園里,0384,28,194,622,844,4,848,0,848,260,1108,76.5343
第15任總統副總統,在臺北市各投開票所,臺北市,　士林區,永倫里,0385,34,259,642,935,10,945,0,945,297,1242,76.0870
第15任總統副總統,在臺北市各投開票所,臺北市,　士林區,永倫里,0386,32,297,639,968,7,975,0,975,307,1282,76.0530
第15任總統副總統,在臺北市各投開票所,臺北市,　士林區,永倫里,0387,39,260,602,901,6,907,0,907,278,1185,76.5401
第15任總統副總統,在臺北市各投開票所,臺北市,　士林區,永倫里,0388,24,292,651,967,9,976,0,976,281,1257,77.6452
第15任總統副總統,在臺北市各投開票所,臺北市,　士林區,永倫里,0389,37,262,615,914,12,926,0,926,280,1206,76.7828
第15任總統副總統,在臺北市各投開票所,臺北市,　士林區,福安里,0390,22,196,780,998,12,1010,0,1010,352,1362,74.1557
第15任總統副總統,在臺北市各投開票所,臺北市,　士林區,福安里,0391,42,177,850,1069,10,1079,0,1079,365,1444,74.7230
第15任總統副總統,在臺北市各投開票所,臺北市,　士林區,福安里,0392,37,203,864,1104,16,1120,0,1120,326,1446,77.4550
第15任總統副總統,在臺北市各投開票所,臺北市,　士林區,富洲里,0393,41,260,790,1091,14,1105,0,1105,317,1422,77.7075
第15任總統副總統,在臺北市各投開票所,臺北市,　士林區,富洲里,0394,38,157,670,865,6,871,0,871,228,1099,79.2539
第15任總統副總統,在臺北市各投開票所,臺北市,　士林區,富洲里,0395,27,223,769,1019,19,1038,0,1038,348,1386,74.8918
第15任總統副總統,在臺北市各投開票所,臺北市,　士林區,富洲里,0396,55,238,727,1020,17,1037,0,1037,349,1386,74.8196
第15任總統副總統,在臺北市各投開票所,臺北市,　士林區,岩山里,0397,43,464,585,1092,19,1111,0,1111,375,1486,74.7645
第15任總統副總統,在臺北市各投開票所,臺北市,　士林區,岩山里,0398,41,514,581,1136,16,1152,0,1152,310,1462,78.7962
第15任總統副總統,在臺北市各投開票所,臺北市,　士林區,名山里,0399,34,420,562,1016,11,1027,0,1027,277,1304,78.7577
第15任總統副總統,在臺北市各投開票所,臺北市,　士林區,名山里,0400,54,413,472,939,9,948,0,948,281,1229,77.1359
第15任總統副總統,在臺北市各投開票所,臺北市,　士林區,名山里,0401,41,428,537,1006,15,1021,0,1021,327,1348,75.7418
第15任總統副總統,在臺北市各投開票所,臺北市,　士林區,名山里,0402,40,417,479,936,12,948,0,948,247,1195,79.3305
第15任總統副總統,在臺北市各投開票所,臺北市,　士林區,名山里,0403,32,292,453,777,9,786,0,786,231,1017,77.2861
第15任總統副總統,在臺北市各投開票所,臺北市,　士林區,聖山里,0404,52,421,626,1099,13,1112,0,1112,344,1456,76.3736
第15任總統副總統,在臺北市各投開票所,臺北市,　士林區,聖山里,0405,38,425,638,1101,10,1111,0,1111,264,1375,80.8000
第15任總統副總統,在臺北市各投開票所,臺北市,　士林區,聖山里,0406,54,684,404,1142,13,1155,1,1156,323,1479,78.0933
第15任總統副總統,在臺北市各投開票所,臺北市,　士林區,芝山里,0407,36,393,585,1014,13,1027,0,1027,353,1380,74.4203
第15任總統副總統,在臺北市各投開票所,臺北市,　士林區,芝山里,0408,56,408,589,1053,14,1067,0,1067,298,1365,78.1685
第15任總統副總統,在臺北市各投開票所,臺北市,　士林區,芝山里,0409,44,435,521,1000,14,1014,0,1014,283,1297,78.1804
第15任總統副總統,在臺北市各投開票所,臺北市,　士林區,芝山里,0410,39,352,494,885,15,900,0,900,262,1162,77.4527
第15任總統副總統,在臺北市各投開票所,臺北市,　士林區,芝山里,0411,37,379,531,947,18,965,0,965,272,1237,78.0113
第15任總統副總統,在臺北市各投開票所,臺北市,　士林區,東山里,0412,27,574,408,1009,11,1020,0,1020,329,1349,75.6116
第15任總統副總統,在臺北市各投開票所,臺北市,　士林區,東山里,0413,41,479,569,1089,13,1102,0,1102,349,1451,75.9476
第15任總統副總統,在臺北市各投開票所,臺北市,　士林區,東山里,0414,55,558,654,1267,11,1278,0,1278,334,1612,79.2804
第15任總統副總統,在臺北市各投開票所,臺北市,　士林區,永福里,0415,34,246,529,809,16,825,0,825,299,1124,73.3986
第15任總統副總統,在臺北市各投開票所,臺北市,　士林區,公館里,0416,33,239,625,897,11,908,0,908,310,1218,74.5484
第15任總統副總統,在臺北市各投開票所,臺北市,　士林區,新安里,0417,25,202,401,628,3,631,0,631,231,862,73.2019
第15任總統副總統,在臺北市各投開票所,臺北市,　士林區,新安里,0418,21,225,398,644,4,648,0,648,202,850,76.2353
第15任總統副總統,在臺北市各投開票所,臺北市,　士林區,陽明里,0419,20,198,449,667,6,673,0,673,261,934,72.0557
第15任總統副總統,在臺北市各投開票所,臺北市,　士林區,陽明里,0420,37,279,340,656,8,664,0,664,256,920,72.1739
第15任總統副總統,在臺北市各投開票所,臺北市,　士林區,陽明里,0421,28,296,263,587,7,594,0,594,258,852,69.7183
第15任總統副總統,在臺北市各投開票所,臺北市,　士林區,菁山里,0422,20,136,245,401,3,404,0,404,147,551,73.3212
第15任總統副總統,在臺北市各投開票所,臺北市,　士林區,菁山里,0423,27,220,399,646,13,659,1,660,225,885,74.4633
第15任總統副總統,在臺北市各投開票所,臺北市,　士林區,平等里,0424,24,231,762,1017,6,1023,0,1023,299,1322,77.3828
第15任總統副總統,在臺北市各投開票所,臺北市,　士林區,溪山里,0425,26,313,619,958,13,971,0,971,340,1311,74.0656
第15任總統副總統,在臺北市各投開票所,臺北市,　士林區,翠山里,0426,39,535,365,939,8,947,0,947,295,1242,76.2480
第15任總統副總統,在臺北市各投開票所,臺北市,　士林區,翠山里,0427,35,535,314,884,11,895,0,895,260,1155,77.4892
第15任總統副總統,在臺北市各投開票所,臺北市,　士林區,臨溪里,0428,53,457,500,1010,9,1019,0,1019,373,1392,73.2040
第15任總統副總統,在臺北市各投開票所,臺北市,　士林區,臨溪里,0429,32,367,478,877,12,889,0,889,309,1198,74.2070
第15任總統副總統,在臺北市各投開票所,臺北市,　北投區,建民里,0001,44,380,545,969,8,977,0,977,295,1272,76.8082
第15任總統副總統,在臺北市各投開票所,臺北市,　北投區,建民里,0002,62,361,671,1094,11,1105,0,1105,287,1392,79.3822
第15任總統副總統,在臺北市各投開票所,臺北市,　北投區,建民里,0003,40,311,461,812,11,823,0,823,244,1067,77.1321
第15任總統副總統,在臺北市各投開票所,臺北市,　北投區,文林里,0004,27,327,552,906,6,912,1,913,254,1167,78.1491
第15任總統副總統,在臺北市各投開票所,臺北市,　北投區,文林里,0005,60,332,619,1011,14,1025,0,1025,263,1288,79.5807
第15任總統副總統,在臺北市各投開票所,臺北市,　北投區,文林里,0006,31,365,564,960,13,973,0,973,281,1254,77.5917
第15任總統副總統,在臺北市各投開票所,臺北市,　北投區,石牌里,0007,42,417,752,1211,5,1216,0,1216,306,1522,79.8949
第15任總統副總統,在臺北市各投開票所,臺北市,　北投區,石牌里,0008,59,434,702,1195,5,1200,10,1210,329,1539,77.9727
第15任總統副總統,在臺北市各投開票所,臺北市,　北投區,石牌里,0009,48,392,667,1107,9,1116,0,1116,305,1421,78.5362
第15任總統副總統,在臺北市各投開票所,臺北市,　北投區,福興里,0010,45,420,660,1125,11,1136,0,1136,306,1442,78.7795
第15任總統副總統,在臺北市各投開票所,臺北市,　北投區,福興里,0011,29,403,671,1103,15,1118,0,1118,331,1449,77.1567
第15任總統副總統,在臺北市各投開票所,臺北市,　北投區,福興里,0012,70,468,622,1160,11,1171,0,1171,288,1459,80.2605
第15任總統副總統,在臺北市各投開票所,臺北市,　北投區,福興里,0013,66,409,698,1173,11,1184,0,1184,314,1498,79.0387
第15任總統副總統,在臺北市各投開票所,臺北市,　北投區,榮光里,0014,38,268,590,896,8,904,0,904,335,1239,72.9621
第15任總統副總統,在臺北市各投開票所,臺北市,　北投區,榮光里,0015,39,348,514,901,11,912,0,912,339,1251,72.9017
第15任總統副總統,在臺北市各投開票所,臺北市,　北投區,榮光里,0016,50,308,548,906,18,924,0,924,260,1184,78.0405
第15任總統副總統,在臺北市各投開票所,臺北市,　北投區,榮光里,0017,37,340,514,891,11,902,0,902,226,1128,79.9645
第15任總統副總統,在臺北市各投開票所,臺北市,　北投區,榮光里,0018,37,419,473,929,17,946,0,946,281,1227,77.0986
第15任總統副總統,在臺北市各投開票所,臺北市,　北投區,榮華里,0019,42,438,539,1019,18,1037,0,1037,328,1365,75.9707
第15任總統副總統,在臺北市各投開票所,臺北市,　北投區,榮華里,0020,31,406,572,1009,16,1025,0,1025,325,1350,75.9259
第15任總統副總統,在臺北市各投開票所,臺北市,　北投區,榮華里,0021,45,430,552,1027,23,1050,0,1050,306,1356,77.4336
第15任總統副總統,在臺北市各投開票所,臺北市,　北投區,榮華里,0022,43,289,572,904,15,919,1,920,212,1132,81.1837
第15任總統副總統,在臺北市各投開票所,臺北市,　北投區,榮華里,0023,27,376,451,854,11,865,0,865,231,1096,78.9234
第15任總統副總統,在臺北市各投開票所,臺北市,　北投區,裕民里,0024,53,448,491,992,20,1012,0,1012,330,1342,75.4098
第15任總統副總統,在臺北市各投開票所,臺北市,　北投區,裕民里,0025,48,410,585,1043,15,1058,0,1058,306,1364,77.5660
第15任總統副總統,在臺北市各投開票所,臺北市,　北投區,裕民里,0026,35,387,582,1004,13,1017,0,1017,290,1307,77.8118
第15任總統副總統,在臺北市各投開票所,臺北市,　北投區,裕民里,0027,47,379,558,984,16,1000,0,1000,274,1274,78.4929
第15任總統副總統,在臺北市各投開票所,臺北市,　北投區,裕民里,0028,38,392,552,982,8,990,0,990,306,1296,76.3889
第15任總統副總統,在臺北市各投開票所,臺北市,　北投區,振華里,0029,49,433,487,969,10,979,0,979,276,1255,78.0080
第15任總統副總統,在臺北市各投開票所,臺北市,　北投區,振華里,0030,45,398,543,986,12,998,0,998,355,1353,73.7620
第15任總統副總統,在臺北市各投開票所,臺北市,　北投區,振華里,0031,28,395,478,901,16,917,0,917,336,1253,73.1844
第15任總統副總統,在臺北市各投開票所,臺北市,　北投區,振華里,0032,35,407,578,1020,13,1033,0,1033,289,1322,78.1392
第15任總統副總統,在臺北市各投開票所,臺北市,　北投區,振華里,0033,49,403,530,982,11,993,1,994,258,1252,79.3131
第15任總統副總統,在臺北市各投開票所,臺北市,　北投區,永和里,0034,24,332,485,841,9,850,0,850,289,1139,74.6269
第15任總統副總統,在臺北市各投開票所,臺北市,　北投區,永和里,0035,28,306,578,912,9,921,0,921,308,1229,74.9390
第15任總統副總統,在臺北市各投開票所,臺北市,　北投區,永和里,0036,32,427,626,1085,19,1104,0,1104,321,1425,77.4737
第15任總統副總統,在臺北市各投開票所,臺北市,　北投區,永和里,0037,38,453,606,1097,7,1104,0,1104,351,1455,75.8763
第15任總統副總統,在臺北市各投開票所,臺北市,　北投區,永和里,0038,44,384,521,949,11,960,0,960,325,1285,74.7082
第15任總統副總統,在臺北市各投開票所,臺北市,　北投區,永和里,0039,47,408,538,993,9,1002,0,1002,257,1259,79.5870
第15任總統副總統,在臺北市各投開票所,臺北市,　北投區,永欣里,0040,34,443,519,996,16,1012,0,1012,266,1278,79.1862
第15任總統副總統,在臺北市各投開票所,臺北市,　北投區,永欣里,0041,38,411,480,929,11,940,0,940,321,1261,74.5440
第15任總統副總統,在臺北市各投開票所,臺北市,　北投區,永欣里,0042,32,487,536,1055,16,1071,0,1071,351,1422,75.3165
第15任總統副總統,在臺北市各投開票所,臺北市,　北投區,永欣里,0043,30,443,614,1087,12,1099,0,1099,320,1419,77.4489
第15任總統副總統,在臺北市各投開票所,臺北市,　北投區,永欣里,0044,40,441,536,1017,10,1027,0,1027,350,1377,74.5824
第15任總統副總統,在臺北市各投開票所,臺北市,　北投區,永明里,0045,57,505,604,1166,17,1183,2,1185,289,1474,80.2578
第15任總統副總統,在臺北市各投開票所,臺北市,　北投區,永明里,0046,35,394,601,1030,9,1039,0,1039,318,1357,76.5660
第15任總統副總統,在臺北市各投開票所,臺北市,　北投區,永明里,0047,36,361,525,922,12,934,0,934,268,1202,77.7038
第15任總統副總統,在臺北市各投開票所,臺北市,　北投區,東華里,0048,37,350,438,825,12,837,0,837,235,1072,78.0784
第15任總統副總統,在臺北市各投開票所,臺北市,　北投區,東華里,0049,46,442,469,957,10,967,0,967,218,1185,81.6034
第15任總統副總統,在臺北市各投開票所,臺北市,　北投區,東華里,0050,41,455,633,1129,25,1154,0,1154,283,1437,80.3062
第15任總統副總統,在臺北市各投開票所,臺北市,　北投區,吉利里,0051,60,492,559,1111,18,1129,1,1130,297,1427,79.1170
第15任總統副總統,在臺北市各投開票所,臺北市,　北投區,吉利里,0052,56,449,628,1133,10,1143,0,1143,305,1448,78.9365
第15任總統副總統,在臺北市各投開票所,臺北市,　北投區,吉利里,0053,39,472,570,1081,12,1093,0,1093,327,1420,76.9718
第15任總統副總統,在臺北市各投開票所,臺北市,　北投區,吉利里,0054,50,472,542,1064,14,1078,0,1078,299,1377,78.2861
第15任總統副總統,在臺北市各投開票所,臺北市,　北投區,吉慶里,0055,47,333,685,1065,20,1085,0,1085,301,1386,78.2828
第15任總統副總統,在臺北市各投開票所,臺北市,　北投區,吉慶里,0056,46,349,687,1082,20,1102,0,1102,306,1408,78.2670
第15任總統副總統,在臺北市各投開票所,臺北市,　北投區,吉慶里,0057,42,409,664,1115,5,1120,0,1120,273,1393,80.4020
第15任總統副總統,在臺北市各投開票所,臺北市,　北投區,尊賢里,0058,33,363,609,1005,11,1016,0,1016,291,1307,77.7353
第15任總統副總統,在臺北市各投開票所,臺北市,　北投區,尊賢里,0059,35,360,632,1027,17,1044,0,1044,275,1319,79.1509
第15任總統副總統,在臺北市各投開票所,臺北市,　北投區,尊賢里,0060,39,328,642,1009,12,1021,0,1021,278,1299,78.5989
第15任總統副總統,在臺北市各投開票所,臺北市,　北投區,立賢里,0061,36,345,541,922,4,926,0,926,275,1201,77.1024
第15任總統副總統,在臺北市各投開票所,臺北市,　北投區,立賢里,0062,35,299,534,868,15,883,0,883,262,1145,77.1179
第15任總統副總統,在臺北市各投開票所,臺北市,　北投區,立賢里,0063,33,308,529,870,9,879,0,879,229,1108,79.3321
第15任總統副總統,在臺北市各投開票所,臺北市,　北投區,立賢里,0064,35,315,481,831,11,842,0,842,245,1087,77.4609
第15任總統副總統,在臺北市各投開票所,臺北市,　北投區,立農里,0065,41,425,497,963,23,986,0,986,237,1223,80.6214
第15任總統副總統,在臺北市各投開票所,臺北市,　北投區,立農里,0066,52,326,620,998,15,1013,0,1013,271,1284,78.8941
第15任總統副總統,在臺北市各投開票所,臺北市,　北投區,立農里,0067,56,378,631,1065,13,1078,0,1078,257,1335,80.7491
第15任總統副總統,在臺北市各投開票所,臺北市,　北投區,立農里,0068,47,313,552,912,8,920,0,920,296,1216,75.6579
第15任總統副總統,在臺北市各投開票所,臺北市,　北投區,立農里,0069,45,342,600,987,12,999,0,999,276,1275,78.3529
第15任總統副總統,在臺北市各投開票所,臺北市,　北投區,立農里,0070,36,338,558,932,8,940,0,940,264,1204,78.0731
第15任總統副總統,在臺北市各投開票所,臺北市,　北投區,八仙里,0071,44,350,549,943,14,957,0,957,278,1235,77.4899
第15任總統副總統,在臺北市各投開票所,臺北市,　北投區,八仙里,0072,31,223,516,770,9,779,0,779,328,1107,70.3704
第15任總統副總統,在臺北市各投開票所,臺北市,　北投區,八仙里,0073,52,298,520,870,7,877,0,877,295,1172,74.8294
第15任總統副總統,在臺北市各投開票所,臺北市,　北投區,八仙里,0074,36,429,542,1007,13,1020,0,1020,254,1274,80.0628
第15任總統副總統,在臺北市各投開票所,臺北市,　北投區,洲美里,0075,46,369,1016,1431,12,1443,0,1443,373,1816,79.4604
第15任總統副總統,在臺北市各投開票所,臺北市,　北投區,奇岩里,0076,54,442,667,1163,15,1178,0,1178,403,1581,74.5098
第15任總統副總統,在臺北市各投開票所,臺北市,　北投區,奇岩里,0077,50,464,724,1238,16,1254,0,1254,407,1661,75.4967
第15任總統副總統,在臺北市各投開票所,臺北市,　北投區,奇岩里,0078,59,452,598,1109,17,1126,0,1126,276,1402,80.3138
第15任總統副總統,在臺北市各投開票所,臺北市,　北投區,奇岩里,0079,43,430,703,1176,16,1192,2,1194,335,1529,77.9595
第15任總統副總統,在臺北市各投開票所,臺北市,　北投區,奇岩里,0080,53,477,582,1112,14,1126,0,1126,327,1453,77.4948
第15任總統副總統,在臺北市各投開票所,臺北市,　北投區,奇岩里,0081,47,402,653,1102,9,1111,0,1111,347,1458,76.2003
第15任總統副總統,在臺北市各投開票所,臺北市,　北投區,清江里,0082,34,282,492,808,10,818,0,818,1262,2080,39.3269
第15任總統副總統,在臺北市各投開票所,臺北市,　北投區,清江里,0083,31,353,673,1057,14,1071,0,1071,287,1358,78.8660
第15任總統副總統,在臺北市各投開票所,臺北市,　北投區,清江里,0084,39,374,664,1077,12,1089,0,1089,321,1410,77.2340
第15任總統副總統,在臺北市各投開票所,臺北市,　北投區,清江里,0085,43,341,638,1022,9,1031,0,1031,282,1313,78.5225
第15任總統副總統,在臺北市各投開票所,臺北市,　北投區,清江里,0086,28,283,504,815,21,836,1,837,235,1072,77.9851
第15任總統副總統,在臺北市各投開票所,臺北市,　北投區,清江里,0087,32,401,372,805,11,816,1,817,208,1025,79.6098
第15任總統副總統,在臺北市各投開票所,臺北市,　北投區,中央里,0088,40,332,482,854,5,859,0,859,294,1153,74.5013
第15任總統副總統,在臺北市各投開票所,臺北市,　北投區,中央里,0089,39,329,591,959,7,966,0,966,321,1287,75.0583
第15任總統副總統,在臺北市各投開票所,臺北市,　北投區,中央里,0090,51,283,493,827,10,837,0,837,277,1114,75.1346
第15任總統副總統,在臺北市各投開票所,臺北市,　北投區,中央里,0091,30,228,535,793,12,805,0,805,290,1095,73.5160
第15任總統副總統,在臺北市各投開票所,臺北市,　北投區,中央里,0092,29,320,560,909,10,919,0,919,358,1277,71.9655
第15任總統副總統,在臺北市各投開票所,臺北市,　北投區,中央里,0093,56,322,654,1032,9,1041,0,1041,289,1330,78.2707
第15任總統副總統,在臺北市各投開票所,臺北市,　北投區,長安里,0094,33,394,675,1102,16,1118,0,1118,337,1455,76.8385
第15任總統副總統,在臺北市各投開票所,臺北市,　北投區,長安里,0095,50,354,554,958,8,966,0,966,277,1243,77.7152
第15任總統副總統,在臺北市各投開票所,臺北市,　北投區,長安里,0096,31,340,545,916,17,933,1,934,313,1247,74.8196
第15任總統副總統,在臺北市各投開票所,臺北市,　北投區,長安里,0097,36,411,547,994,13,1007,0,1007,416,1423,70.7660
第15任總統副總統,在臺北市各投開票所,臺北市,　北投區,大同里,0098,51,295,608,954,13,967,0,967,309,1276,75.7837
第15任總統副總統,在臺北市各投開票所,臺北市,　北投區,大同里,0099,32,299,656,987,12,999,0,999,291,1290,77.4419
第15任總統副總統,在臺北市各投開票所,臺北市,　北投區,大同里,0100,36,302,580,918,17,935,0,935,266,1201,77.8518
第15任總統副總統,在臺北市各投開票所,臺北市,　北投區,大同里,0101,34,335,547,916,21,937,0,937,284,1221,76.7404
第15任總統副總統,在臺北市各投開票所,臺北市,　北投區,溫泉里,0102,18,273,557,848,4,852,0,852,261,1113,76.5499
第15任總統副總統,在臺北市各投開票所,臺北市,　北投區,溫泉里,0103,29,246,456,731,14,745,0,745,261,1006,74.0557
第15任總統副總統,在臺北市各投開票所,臺北市,　北投區,溫泉里,0104,31,339,532,902,14,916,0,916,249,1165,78.6266
第15任總統副總統,在臺北市各投開票所,臺北市,　北投區,溫泉里,0105,28,347,505,880,12,892,0,892,357,1249,71.4171
第15任總統副總統,在臺北市各投開票所,臺北市,　北投區,溫泉里,0106,29,395,522,946,12,958,0,958,259,1217,78.7182
第15任總統副總統,在臺北市各投開票所,臺北市,　北投區,林泉里,0107,34,428,475,937,10,947,0,947,382,1329,71.2566
第15任總統副總統,在臺北市各投開票所,臺北市,　北投區,林泉里,0108,47,370,523,940,20,960,0,960,411,1371,70.0219
第15任總統副總統,在臺北市各投開票所,臺北市,　北投區,中心里,0109,49,383,566,998,12,1010,0,1010,368,1378,73.2946
第15任總統副總統,在臺北市各投開票所,臺北市,　北投區,中心里,0110,40,409,472,921,12,933,0,933,355,1288,72.4379
第15任總統副總統,在臺北市各投開票所,臺北市,　北投區,中心里,0111,42,425,676,1143,15,1158,0,1158,398,1556,74.4216
第15任總統副總統,在臺北市各投開票所,臺北市,　北投區,中心里,0112,49,416,541,1006,11,1017,0,1017,402,1419,71.6702
第15任總統副總統,在臺北市各投開票所,臺北市,　北投區,中庸里,0113,34,319,566,919,9,928,0,928,353,1281,72.4434
第15任總統副總統,在臺北市各投開票所,臺北市,　北投區,中庸里,0114,36,350,578,964,14,978,0,978,278,1256,77.8662
第15任總統副總統,在臺北市各投開票所,臺北市,　北投區,中庸里,0115,37,285,524,846,13,859,0,859,282,1141,75.2848
第15任總統副總統,在臺北市各投開票所,臺北市,　北投區,開明里,0116,40,425,674,1139,16,1155,0,1155,315,1470,78.5714
第15任總統副總統,在臺北市各投開票所,臺北市,　北投區,開明里,0117,40,381,593,1014,14,1028,0,1028,312,1340,76.7164
第15任總統副總統,在臺北市各投開票所,臺北市,　北投區,開明里,0118,33,552,461,1046,16,1062,0,1062,372,1434,74.0586
第15任總統副總統,在臺北市各投開票所,臺北市,　北投區,開明里,0119,40,504,614,1158,16,1174,1,1175,309,1484,79.1105
第15任總統副總統,在臺北市各投開票所,臺北市,　北投區,中和里,0120,37,390,416,843,10,853,0,853,281,1134,75.2205
第15任總統副總統,在臺北市各投開票所,臺北市,　北投區,中和里,0121,48,436,658,1142,8,1150,0,1150,353,1503,76.5136
第15任總統副總統,在臺北市各投開票所,臺北市,　北投區,中和里,0122,52,543,677,1272,13,1285,0,1285,356,1641,78.3059
第15任總統副總統,在臺北市各投開票所,臺北市,　北投區,智仁里,0123,36,395,512,943,11,954,1,955,288,1243,76.7498
第15任總統副總統,在臺北市各投開票所,臺北市,　北投區,智仁里,0124,39,377,544,960,12,972,0,972,287,1259,77.2041
第15任總統副總統,在臺北市各投開票所,臺北市,　北投區,智仁里,0125,44,380,549,973,15,988,0,988,323,1311,75.3623
第15任總統副總統,在臺北市各投開票所,臺北市,　北投區,智仁里,0126,37,399,570,1006,11,1017,0,1017,358,1375,73.9636
第15任總統副總統,在臺北市各投開票所,臺北市,　北投區,秀山里,0127,45,432,543,1020,15,1035,0,1035,370,1405,73.6655
第15任總統副總統,在臺北市各投開票所,臺北市,　北投區,秀山里,0128,45,453,592,1090,8,1098,0,1098,335,1433,76.6225
第15任總統副總統,在臺北市各投開票所,臺北市,　北投區,文化里,0129,34,452,359,845,6,851,0,851,227,1078,78.9425
第15任總統副總統,在臺北市各投開票所,臺北市,　北投區,文化里,0130,33,520,278,831,10,841,0,841,224,1065,78.9671
第15任總統副總統,在臺北市各投開票所,臺北市,　北投區,文化里,0131,45,505,487,1037,12,1049,0,1049,304,1353,77.5314
第15任總統副總統,在臺北市各投開票所,臺北市,　北投區,豐年里,0132,34,417,538,989,11,1000,0,1000,323,1323,75.5858
第15任總統副總統,在臺北市各投開票所,臺北市,　北投區,豐年里,0133,36,364,563,963,5,968,0,968,303,1271,76.1605
第15任總統副總統,在臺北市各投開票所,臺北市,　北投區,豐年里,0134,44,360,529,933,6,939,0,939,253,1192,78.7752
第15任總統副總統,在臺北市各投開票所,臺北市,　北投區,稻香里,0135,35,481,372,888,7,895,0,895,307,1202,74.4592
第15任總統副總統,在臺北市各投開票所,臺北市,　北投區,稻香里,0136,33,362,477,872,14,886,0,886,253,1139,77.7875
第15任總統副總統,在臺北市各投開票所,臺北市,　北投區,稻香里,0137,33,347,466,846,3,849,0,849,296,1145,74.1485
第15任總統副總統,在臺北市各投開票所,臺北市,　北投區,稻香里,0138,35,369,513,917,10,927,0,927,329,1256,73.8057
第15任總統副總統,在臺北市各投開票所,臺北市,　北投區,桃源里,0139,44,330,627,1001,11,1012,0,1012,292,1304,77.6074
第15任總統副總統,在臺北市各投開票所,臺北市,　北投區,桃源里,0140,54,386,572,1012,13,1025,0,1025,281,1306,78.4839
第15任總統副總統,在臺北市各投開票所,臺北市,　北投區,桃源里,0141,28,268,630,926,11,937,0,937,319,1256,74.6019
第15任總統副總統,在臺北市各投開票所,臺北市,　北投區,桃源里,0142,45,332,621,998,8,1006,0,1006,306,1312,76.6768
第15任總統副總統,在臺北市各投開票所,臺北市,　北投區,一德里,0143,29,227,603,859,12,871,0,871,307,1178,73.9389
第15任總統副總統,在臺北市各投開票所,臺北市,　北投區,一德里,0144,38,279,639,956,7,963,0,963,292,1255,76.7331
第15任總統副總統,在臺北市各投開票所,臺北市,　北投區,一德里,0145,41,400,554,995,11,1006,0,1006,328,1334,75.4123
第15任總統副總統,在臺北市各投開票所,臺北市,　北投區,一德里,0146,38,360,575,973,12,985,0,985,262,1247,78.9896
第15任總統副總統,在臺北市各投開票所,臺北市,　北投區,一德里,0147,40,368,626,1034,7,1041,0,1041,304,1345,77.3978
第15任總統副總統,在臺北市各投開票所,臺北市,　北投區,關渡里,0148,57,444,695,1196,7,1203,0,1203,369,1572,76.5267
第15任總統副總統,在臺北市各投開票所,臺北市,　北投區,關渡里,0149,42,384,603,1029,9,1038,0,1038,334,1372,75.6560
第15任總統副總統,在臺北市各投開票所,臺北市,　北投區,關渡里,0150,51,398,585,1034,10,1044,0,1044,382,1426,73.2118
第15任總統副總統,在臺北市各投開票所,臺北市,　北投區,關渡里,0151,51,335,623,1009,7,1016,4,1020,360,1380,73.6232
第15任總統副總統,在臺北市各投開票所,臺北市,　北投區,關渡里,0152,30,426,624,1080,21,1101,0,1101,310,1411,78.0298
第15任總統副總統,在臺北市各投開票所,臺北市,　北投區,關渡里,0153,33,327,604,964,25,989,0,989,298,1287,76.8454
第15任總統副總統,在臺北市各投開票所,臺北市,　北投區,關渡里,0154,42,364,499,905,15,920,0,920,416,1336,68.8623
第15任總統副總統,在臺北市各投開票所,臺北市,　北投區,泉源里,0155,11,127,260,398,2,400,0,400,125,525,76.1905
第15任總統副總統,在臺北市各投開票所,臺北市,　北投區,泉源里,0156,48,372,721,1141,8,1149,0,1149,448,1597,71.9474
第15任總統副總統,在臺北市各投開票所,臺北市,　北投區,湖山里,0157,25,219,344,588,5,593,0,593,212,805,73.6646
第15任總統副總統,在臺北市各投開票所,臺北市,　北投區,湖山里,0158,23,191,282,496,7,503,0,503,188,691,72.7931
第15任總統副總統,在臺北市各投開票所,臺北市,　北投區,大屯里,0159,34,195,542,771,10,781,0,781,300,1081,72.2479
第15任總統副總統,在臺北市各投開票所,臺北市,　北投區,湖田里,0160,27,225,350,602,4,606,0,606,229,835,72.5749
第15任總統副總統,在臺中市各投開票所,臺中市,　中區,綠川里,1268,47,405,719,1171,5,1176,0,1176,427,1603,73.3624
第15任總統副總統,在臺中市各投開票所,臺中市,　中區,繼光里,1269,44,362,646,1052,8,1060,0,1060,400,1460,72.6027
第15任總統副總統,在臺中市各投開票所,臺中市,　中區,公園里,1270,36,348,567,951,5,956,0,956,405,1361,70.2425
第15任總統副總統,在臺中市各投開票所,臺中市,　中區,光復里,1271,30,306,434,770,8,778,0,778,267,1045,74.4498
第15任總統副總統,在臺中市各投開票所,臺中市,　中區,光復里,1272,34,262,346,642,8,650,0,650,279,929,69.9677
第15任總統副總統,在臺中市各投開票所,臺中市,　中區,大墩里,1273,39,284,462,785,12,797,0,797,305,1102,72.3230
第15任總統副總統,在臺中市各投開票所,臺中市,　中區,大墩里,1274,35,209,338,582,5,587,0,587,247,834,70.3837
第15任總統副總統,在臺中市各投開票所,臺中市,　中區,柳川里,1275,33,293,385,711,6,717,0,717,402,1119,64.0751
第15任總統副總統,在臺中市各投開票所,臺中市,　中區,柳川里,1276,16,237,274,527,4,531,0,531,154,685,77.5182
第15任總統副總統,在臺中市各投開票所,臺中市,　中區,大誠里,1277,31,300,401,732,11,743,0,743,247,990,75.0505
第15任總統副總統,在臺中市各投開票所,臺中市,　中區,大誠里,1278,43,332,509,884,16,900,0,900,395,1295,69.4981
第15任總統副總統,在臺中市各投開票所,臺中市,　中區,中華里,1279,31,249,400,680,8,688,0,688,253,941,73.1137
第15任總統副總統,在臺中市各投開票所,臺中市,　中區,中華里,1280,23,236,312,571,10,581,0,581,285,866,67.0901
第15任總統副總統,在臺中市各投開票所,臺中市,　東區,新庄里,1281,26,209,359,594,11,605,0,605,504,1109,54.5537
第15任總統副總統,在臺中市各投開票所,臺中市,　東區,新庄里,1282,31,256,422,709,7,716,0,716,252,968,73.9669
第15任總統副總統,在臺中市各投開票所,臺中市,　東區,新庄里,1283,30,210,360,600,5,605,0,605,225,830,72.8916
第15任總統副總統,在臺中市各投開票所,臺中市,　東區,振興里,1284,42,264,528,834,9,843,0,843,224,1067,79.0066
第15任總統副總統,在臺中市各投開票所,臺中市,　東區,振興里,1285,34,281,498,813,10,823,0,823,282,1105,74.4796
第15任總統副總統,在臺中市各投開票所,臺中市,　東區,振興里,1286,27,187,459,673,9,682,0,682,207,889,76.7154
第15任總統副總統,在臺中市各投開票所,臺中市,　東區,東橋里,1287,69,290,652,1011,11,1022,0,1022,278,1300,78.6154
第15任總統副總統,在臺中市各投開票所,臺中市,　東區,東橋里,1288,35,279,618,932,14,946,0,946,265,1211,78.1173
第15任總統副總統,在臺中市各投開票所,臺中市,　東區,東橋里,1289,49,245,621,915,10,925,0,925,238,1163,79.5357
第15任總統副總統,在臺中市各投開票所,臺中市,　東區,東興里,1290,43,333,613,989,16,1005,0,1005,328,1333,75.3938
第15任總統副總統,在臺中市各投開票所,臺中市,　東區,東興里,1291,56,348,716,1120,14,1134,0,1134,276,1410,80.4255
第15任總統副總統,在臺中市各投開票所,臺中市,　東區,泉源里,1292,20,166,366,552,7,559,0,559,170,729,76.6804
第15任總統副總統,在臺中市各投開票所,臺中市,　東區,泉源里,1293,46,288,524,858,17,875,0,875,259,1134,77.1605
第15任總統副總統,在臺中市各投開票所,臺中市,　東區,干城里,1294,25,256,583,864,11,875,0,875,268,1143,76.5529
第15任總統副總統,在臺中市各投開票所,臺中市,　東區,干城里,1295,30,262,246,538,14,552,0,552,148,700,78.8571
第15任總統副總統,在臺中市各投開票所,臺中市,　東區,旱溪里,1296,57,392,689,1138,16,1154,0,1154,283,1437,80.3062
第15任總統副總統,在臺中市各投開票所,臺中市,　東區,旱溪里,1297,36,262,443,741,6,747,0,747,209,956,78.1381
第15任總統副總統,在臺中市各投開票所,臺中市,　東區,樂成里,1298,29,264,548,841,11,852,1,853,248,1101,77.3842
第15任總統副總統,在臺中市各投開票所,臺中市,　東區,樂成里,1299,28,249,492,769,7,776,0,776,285,1061,73.1385
第15任總統副總統,在臺中市各投開票所,臺中市,　東區,東門里,1300,39,261,632,932,11,943,0,943,217,1160,81.2931
第15任總統副總統,在臺中市各投開票所,臺中市,　東區,東門里,1301,44,219,553,816,4,820,0,820,216,1036,79.1506
第15任總統副總統,在臺中市各投開票所,臺中市,　東區,東門里,1302,31,300,575,906,6,912,0,912,210,1122,81.2834
第15任總統副總統,在臺中市各投開票所,臺中市,　東區,東門里,1303,38,255,751,1044,11,1055,0,1055,267,1322,79.8033
第15任總統副總統,在臺中市各投開票所,臺中市,　東區,東門里,1304,27,257,539,823,8,831,0,831,219,1050,79.1429
第15任總統副總統,在臺中市各投開票所,臺中市,　東區,東門里,1305,44,199,382,625,9,634,0,634,140,774,81.9121
第15任總統副總統,在臺中市各投開票所,臺中市,　東區,十甲里,1306,38,296,547,881,8,889,0,889,278,1167,76.1782
第15任總統副總統,在臺中市各投開票所,臺中市,　東區,十甲里,1307,48,278,527,853,6,859,0,859,263,1122,76.5597
第15任總統副總統,在臺中市各投開票所,臺中市,　東區,十甲里,1308,63,291,576,930,11,941,0,941,268,1209,77.8329
第15任總統副總統,在臺中市各投開票所,臺中市,　東區,十甲里,1309,32,292,519,843,15,858,0,858,223,1081,79.3710
第15任總統副總統,在臺中市各投開票所,臺中市,　東區,東英里,1310,61,402,697,1160,16,1176,0,1176,259,1435,81.9512
第15任總統副總統,在臺中市各投開票所,臺中市,　東區,東英里,1311,38,374,636,1048,9,1057,1,1058,329,1387,76.2076
第15任總統副總統,在臺中市各投開票所,臺中市,　東區,東英里,1312,38,316,569,923,15,938,0,938,270,1208,77.6490
第15任總統副總統,在臺中市各投開票所,臺中市,　東區,東英里,1313,53,369,706,1128,12,1140,0,1140,290,1430,79.7203
第15任總統副總統,在臺中市各投開票所,臺中市,　東區,東英里,1314,49,406,633,1088,12,1100,1,1101,316,1417,77.6288
第15任總統副總統,在臺中市各投開票所,臺中市,　東區,東南里,1315,55,358,507,920,8,928,0,928,300,1228,75.5700
第15任總統副總統,在臺中市各投開票所,臺中市,　東區,東南里,1316,38,316,529,883,12,895,0,895,248,1143,78.3027
第15任總統副總統,在臺中市各投開票所,臺中市,　東區,東南里,1317,41,374,501,916,12,928,0,928,296,1224,75.8170
第15任總統副總統,在臺中市各投開票所,臺中市,　東區,東勢里,1318,42,338,573,953,14,967,0,967,339,1306,74.0429
第15任總統副總統,在臺中市各投開票所,臺中市,　東區,東勢里,1319,49,436,444,929,11,940,1,941,306,1247,75.3809
第15任總統副總統,在臺中市各投開票所,臺中市,　東區,合作里,1320,57,448,581,1086,9,1095,0,1095,298,1393,78.6073
第15任總統副總統,在臺中市各投開票所,臺中市,　東區,合作里,1321,55,378,405,838,8,846,0,846,276,1122,75.4011
第15任總統副總統,在臺中市各投開票所,臺中市,　東區,合作里,1322,66,685,302,1053,10,1063,0,1063,353,1416,75.0706
第15任總統副總統,在臺中市各投開票所,臺中市,　東區,富仁里,1323,28,389,371,788,10,798,0,798,315,1113,71.6981
第15任總統副總統,在臺中市各投開票所,臺中市,　東區,富仁里,1324,30,495,155,680,7,687,0,687,241,928,74.0302
第15任總統副總統,在臺中市各投開票所,臺中市,　東區,富仁里,1325,32,370,350,752,16,768,0,768,229,997,77.0311
第15任總統副總統,在臺中市各投開票所,臺中市,　東區,富仁里,1326,35,493,189,717,11,728,0,728,237,965,75.4404
第15任總統副總統,在臺中市各投開票所,臺中市,　東區,富台里,1327,25,304,206,535,9,544,0,544,217,761,71.4849
第15任總統副總統,在臺中市各投開票所,臺中市,　東區,富台里,1328,32,390,255,677,10,687,0,687,222,909,75.5776
第15任總統副總統,在臺中市各投開票所,臺中市,　東區,東信里,1329,54,323,613,990,9,999,0,999,235,1234,80.9562
第15任總統副總統,在臺中市各投開票所,臺中市,　東區,東信里,1330,46,247,649,942,14,956,0,956,256,1212,78.8779
第15任總統副總統,在臺中市各投開票所,臺中市,　東區,東信里,1331,39,377,497,913,13,926,0,926,337,1263,73.3175
第15任總統副總統,在臺中市各投開票所,臺中市,　東區,東信里,1332,39,279,617,935,5,940,0,940,290,1230,76.4228
第15任總統副總統,在臺中市各投開票所,臺中市,　東區,東信里,1333,44,251,664,959,14,973,0,973,254,1227,79.2991
第15任總統副總統,在臺中市各投開票所,臺中市,　東區,東信里,1334,39,299,550,888,8,896,0,896,265,1161,77.1748
第15任總統副總統,在臺中市各投開票所,臺中市,　東區,東信里,1335,49,329,577,955,14,969,0,969,216,1185,81.7722
第15任總統副總統,在臺中市各投開票所,臺中市,　南區,長春里,1336,35,232,409,676,11,687,0,687,219,906,75.8278
第15任總統副總統,在臺中市各投開票所,臺中市,　南區,長春里,1337,35,281,422,738,8,746,0,746,207,953,78.2791
第15任總統副總統,在臺中市各投開票所,臺中市,　南區,長榮里,1338,54,343,524,921,8,929,0,929,294,1223,75.9608
第15任總統副總統,在臺中市各投開票所,臺中市,　南區,長榮里,1339,39,345,542,926,8,934,0,934,222,1156,80.7958
第15任總統副總統,在臺中市各投開票所,臺中市,　南區,城隍里,1340,45,295,505,845,8,853,0,853,233,1086,78.5451
第15任總統副總統,在臺中市各投開票所,臺中市,　南區,城隍里,1341,33,353,538,924,9,933,0,933,287,1220,76.4754
第15任總統副總統,在臺中市各投開票所,臺中市,　南區,城隍里,1342,39,337,501,877,20,897,0,897,299,1196,75.0000
第15任總統副總統,在臺中市各投開票所,臺中市,　南區,國光里,1343,45,358,537,940,12,952,0,952,277,1229,77.4614
第15任總統副總統,在臺中市各投開票所,臺中市,　南區,國光里,1344,34,335,591,960,12,972,0,972,274,1246,78.0096
第15任總統副總統,在臺中市各投開票所,臺中市,　南區,國光里,1345,38,358,552,948,17,965,0,965,308,1273,75.8052
第15任總統副總統,在臺中市各投開票所,臺中市,　南區,南門里,1346,42,340,507,889,5,894,0,894,238,1132,78.9753
第15任總統副總統,在臺中市各投開票所,臺中市,　南區,南門里,1347,43,379,529,951,5,956,0,956,210,1166,81.9897
第15任總統副總統,在臺中市各投開票所,臺中市,　南區,南門里,1348,45,303,499,847,8,855,0,855,225,1080,79.1667
第15任總統副總統,在臺中市各投開票所,臺中市,　南區,德義里,1349,62,427,578,1067,10,1077,0,1077,271,1348,79.8961
第15任總統副總統,在臺中市各投開票所,臺中市,　南區,德義里,1350,38,391,618,1047,13,1060,0,1060,368,1428,74.2297
第15任總統副總統,在臺中市各投開票所,臺中市,　南區,積善里,1351,50,286,511,847,16,863,0,863,248,1111,77.6778
第15任總統副總統,在臺中市各投開票所,臺中市,　南區,積善里,1352,45,380,647,1072,7,1079,0,1079,286,1365,79.0476
第15任總統副總統,在臺中市各投開票所,臺中市,　南區,江川里,1353,33,391,626,1050,9,1059,0,1059,285,1344,78.7946
第15任總統副總統,在臺中市各投開票所,臺中市,　南區,江川里,1354,43,410,577,1030,11,1041,0,1041,303,1344,77.4554
第15任總統副總統,在臺中市各投開票所,臺中市,　南區,新榮里,1355,75,462,558,1095,13,1108,0,1108,339,1447,76.5722
第15任總統副總統,在臺中市各投開票所,臺中市,　南區,新榮里,1356,53,463,518,1034,11,1045,0,1045,351,1396,74.8567
第15任總統副總統,在臺中市各投開票所,臺中市,　南區,新榮里,1357,60,370,568,998,16,1014,0,1014,360,1374,73.7991
第15任總統副總統,在臺中市各投開票所,臺中市,　南區,福興里,1358,32,393,600,1025,13,1038,0,1038,266,1304,79.6012
第15任總統副總統,在臺中市各投開票所,臺中市,　南區,福興里,1359,49,339,607,995,8,1003,0,1003,261,1264,79.3513
第15任總統副總統,在臺中市各投開票所,臺中市,　南區,福興里,1360,46,383,463,892,12,904,0,904,258,1162,77.7969
第15任總統副總統,在臺中市各投開票所,臺中市,　南區,福平里,1361,56,360,513,929,12,941,0,941,309,1250,75.2800
第15任總統副總統,在臺中市各投開票所,臺中市,　南區,福平里,1362,60,379,595,1034,10,1044,0,1044,307,1351,77.2761
第15任總統副總統,在臺中市各投開票所,臺中市,　南區,福平里,1363,49,350,590,989,12,1001,0,1001,290,1291,77.5368
第15任總統副總統,在臺中市各投開票所,臺中市,　南區,福平里,1364,45,389,563,997,16,1013,0,1013,251,1264,80.1424
第15任總統副總統,在臺中市各投開票所,臺中市,　南區,福順里,1365,55,386,546,987,12,999,0,999,234,1233,81.0219
第15任總統副總統,在臺中市各投開票所,臺中市,　南區,福順里,1366,48,383,615,1046,5,1051,0,1051,296,1347,78.0252
第15任總統副總統,在臺中市各投開票所,臺中市,　南區,福順里,1367,59,344,605,1008,18,1026,0,1026,295,1321,77.6684
第15任總統副總統,在臺中市各投開票所,臺中市,　南區,福順里,1368,59,419,553,1031,15,1046,0,1046,343,1389,75.3060
第15任總統副總統,在臺中市各投開票所,臺中市,　南區,和平里,1369,47,317,558,922,11,933,0,933,331,1264,73.8133
第15任總統副總統,在臺中市各投開票所,臺中市,　南區,和平里,1370,51,365,499,915,7,922,0,922,272,1194,77.2194
第15任總統副總統,在臺中市各投開票所,臺中市,　南區,和平里,1371,41,312,540,893,12,905,0,905,370,1275,70.9804
第15任總統副總統,在臺中市各投開票所,臺中市,　南區,平和里,1372,44,331,520,895,11,906,0,906,243,1149,78.8512
第15任總統副總統,在臺中市各投開票所,臺中市,　南區,平和里,1373,48,279,531,858,8,866,0,866,272,1138,76.0984
第15任總統副總統,在臺中市各投開票所,臺中市,　南區,平和里,1374,32,317,508,857,10,867,0,867,229,1096,79.1058
第15任總統副總統,在臺中市各投開票所,臺中市,　南區,南和里,1375,58,435,634,1127,7,1134,0,1134,285,1419,79.9154
第15任總統副總統,在臺中市各投開票所,臺中市,　南區,南和里,1376,52,401,550,1003,9,1012,0,1012,871,1883,53.7440
第15任總統副總統,在臺中市各投開票所,臺中市,　南區,南和里,1377,38,376,513,927,6,933,0,933,326,1259,74.1064
第15任總統副總統,在臺中市各投開票所,臺中市,　南區,南和里,1378,48,396,539,983,14,997,0,997,334,1331,74.9061
第15任總統副總統,在臺中市各投開票所,臺中市,　南區,南和里,1379,47,393,506,946,14,960,0,960,247,1207,79.5360
第15任總統副總統,在臺中市各投開票所,臺中市,　南區,永興里,1380,39,319,463,821,8,829,0,829,228,1057,78.4295
第15任總統副總統,在臺中市各投開票所,臺中市,　南區,永興里,1381,55,367,546,968,9,977,0,977,217,1194,81.8258
第15任總統副總統,在臺中市各投開票所,臺中市,　南區,永興里,1382,47,420,488,955,12,967,0,967,288,1255,77.0518
第15任總統副總統,在臺中市各投開票所,臺中市,　南區,永興里,1383,46,369,500,915,8,923,0,923,321,1244,74.1961
第15任總統副總統,在臺中市各投開票所,臺中市,　南區,永興里,1384,61,360,609,1030,13,1043,0,1043,336,1379,75.6345
第15任總統副總統,在臺中市各投開票所,臺中市,　南區,永興里,1385,58,394,623,1075,11,1086,0,1086,252,1338,81.1659
第15任總統副總統,在臺中市各投開票所,臺中市,　南區,永和里,1386,38,355,494,887,6,893,0,893,250,1143,78.1277
第15任總統副總統,在臺中市各投開票所,臺中市,　南區,永和里,1387,49,238,472,759,5,764,0,764,229,993,76.9386
第15任總統副總統,在臺中市各投開票所,臺中市,　南區,永和里,1388,31,323,453,807,9,816,0,816,228,1044,78.1609
第15任總統副總統,在臺中市各投開票所,臺中市,　南區,永和里,1389,31,337,414,782,14,796,0,796,300,1096,72.6277
第15任總統副總統,在臺中市各投開票所,臺中市,　南區,樹義里,1390,49,403,549,1001,6,1007,0,1007,346,1353,74.4272
第15任總統副總統,在臺中市各投開票所,臺中市,　南區,樹義里,1391,65,420,524,1009,7,1016,0,1016,343,1359,74.7609
第15任總統副總統,在臺中市各投開票所,臺中市,　南區,樹義里,1392,56,362,663,1081,9,1090,0,1090,293,1383,78.8142
第15任總統副總統,在臺中市各投開票所,臺中市,　南區,樹義里,1393,69,347,621,1037,16,1053,0,1053,263,1316,80.0152
第15任總統副總統,在臺中市各投開票所,臺中市,　南區,樹義里,1394,61,451,617,1129,14,1143,0,1143,288,1431,79.8742
第15任總統副總統,在臺中市各投開票所,臺中市,　南區,樹義里,1395,64,339,603,1006,15,1021,0,1021,305,1326,76.9985
第15任總統副總統,在臺中市各投開票所,臺中市,　南區,樹義里,1396,59,401,630,1090,11,1101,0,1101,318,1419,77.5899
第15任總統副總統,在臺中市各投開票所,臺中市,　南區,樹義里,1397,57,396,612,1065,14,1079,0,1079,301,1380,78.1884
第15任總統副總統,在臺中市各投開票所,臺中市,　南區,工學里,1398,54,373,506,933,17,950,0,950,337,1287,73.8151
第15任總統副總統,在臺中市各投開票所,臺中市,　南區,工學里,1399,54,378,566,998,12,1010,0,1010,312,1322,76.3994
第15任總統副總統,在臺中市各投開票所,臺中市,　南區,工學里,1400,53,357,599,1009,10,1019,0,1019,275,1294,78.7481
第15任總統副總統,在臺中市各投開票所,臺中市,　南區,工學里,1401,50,439,555,1044,16,1060,0,1060,280,1340,79.1045
第15任總統副總統,在臺中市各投開票所,臺中市,　南區,工學里,1402,51,355,444,850,9,859,0,859,230,1089,78.8797
第15任總統副總統,在臺中市各投開票所,臺中市,　南區,樹德里,1403,77,368,542,987,21,1008,0,1008,232,1240,81.2903
第15任總統副總統,在臺中市各投開票所,臺中市,　南區,樹德里,1404,74,435,528,1037,15,1052,0,1052,314,1366,77.0132
第15任總統副總統,在臺中市各投開票所,臺中市,　南區,樹德里,1405,67,415,566,1048,15,1063,0,1063,209,1272,83.5692
第15任總統副總統,在臺中市各投開票所,臺中市,　南區,樹德里,1406,44,343,606,993,8,1001,0,1001,280,1281,78.1421
第15任總統副總統,在臺中市各投開票所,臺中市,　南區,樹德里,1407,60,438,607,1105,10,1115,0,1115,305,1420,78.5211
第15任總統副總統,在臺中市各投開票所,臺中市,　南區,樹德里,1408,55,366,622,1043,16,1059,0,1059,283,1342,78.9121
第15任總統副總統,在臺中市各投開票所,臺中市,　南區,西川里,1409,46,382,605,1033,9,1042,0,1042,321,1363,76.4490
第15任總統副總統,在臺中市各投開票所,臺中市,　南區,西川里,1410,56,375,582,1013,10,1023,0,1023,330,1353,75.6098
第15任總統副總統,在臺中市各投開票所,臺中市,　南區,西川里,1411,72,472,557,1101,10,1111,0,1111,265,1376,80.7413
第15任總統副總統,在臺中市各投開票所,臺中市,　南區,崇倫里,1412,52,356,576,984,13,997,0,997,269,1266,78.7520
第15任總統副總統,在臺中市各投開票所,臺中市,　南區,崇倫里,1413,51,348,632,1031,12,1043,0,1043,269,1312,79.4970
第15任總統副總統,在臺中市各投開票所,臺中市,　南區,崇倫里,1414,52,391,532,975,7,982,0,982,290,1272,77.2013
第15任總統副總統,在臺中市各投開票所,臺中市,　南區,崇倫里,1415,72,407,587,1066,11,1077,0,1077,283,1360,79.1912
第15任總統副總統,在臺中市各投開票所,臺中市,　西區,三民里,1191,29,255,333,617,9,626,0,626,758,1384,45.2312
第15任總統副總統,在臺中市各投開票所,臺中市,　西區,三民里,1192,25,270,322,617,6,623,0,623,150,773,80.5951
第15任總統副總統,在臺中市各投開票所,臺中市,　西區,利民里,1193,52,445,513,1010,10,1020,0,1020,334,1354,75.3323
第15任總統副總統,在臺中市各投開票所,臺中市,　西區,民生里,1194,34,261,319,614,6,620,0,620,170,790,78.4810
第15任總統副總統,在臺中市各投開票所,臺中市,　西區,民生里,1195,33,276,390,699,6,705,0,705,221,926,76.1339
第15任總統副總統,在臺中市各投開票所,臺中市,　西區,廣民里,1196,43,394,590,1027,14,1041,0,1041,362,1403,74.1981
第15任總統副總統,在臺中市各投開票所,臺中市,　西區,平和里,1197,34,316,340,690,12,702,0,702,231,933,75.2412
第15任總統副總統,在臺中市各投開票所,臺中市,　西區,平和里,1198,33,266,387,686,8,694,0,694,226,920,75.4348
第15任總統副總統,在臺中市各投開票所,臺中市,　西區,東昇里,1199,48,357,507,912,15,927,0,927,245,1172,79.0956
第15任總統副總統,在臺中市各投開票所,臺中市,　西區,東昇里,1200,22,337,451,810,13,823,0,823,247,1070,76.9159
第15任總統副總統,在臺中市各投開票所,臺中市,　西區,公民里,1201,44,328,430,802,11,813,0,813,275,1088,74.7243
第15任總統副總統,在臺中市各投開票所,臺中市,　西區,公民里,1202,37,330,524,891,11,902,0,902,246,1148,78.5714
第15任總統副總統,在臺中市各投開票所,臺中市,　西區,公民里,1203,46,377,525,948,5,953,0,953,272,1225,77.7959
第15任總統副總統,在臺中市各投開票所,臺中市,　西區,公民里,1204,40,324,556,920,7,927,0,927,281,1208,76.7384
第15任總統副總統,在臺中市各投開票所,臺中市,　西區,藍興里,1205,59,382,559,1000,10,1010,0,1010,250,1260,80.1587
第15任總統副總統,在臺中市各投開票所,臺中市,　西區,藍興里,1206,52,387,552,991,16,1007,0,1007,272,1279,78.7334
第15任總統副總統,在臺中市各投開票所,臺中市,　西區,藍興里,1207,41,324,590,955,11,966,0,966,301,1267,76.2431
第15任總統副總統,在臺中市各投開票所,臺中市,　西區,公舘里,1208,41,415,635,1091,12,1103,0,1103,297,1400,78.7857
第15任總統副總統,在臺中市各投開票所,臺中市,　西區,公舘里,1209,40,412,592,1044,11,1055,0,1055,315,1370,77.0073
第15任總統副總統,在臺中市各投開票所,臺中市,　西區,公舘里,1210,53,385,496,934,11,945,0,945,439,1384,68.2803
第15任總統副總統,在臺中市各投開票所,臺中市,　西區,公舘里,1211,59,383,689,1131,13,1144,0,1144,256,1400,81.7143
第15任總統副總統,在臺中市各投開票所,臺中市,　西區,安龍里,1212,43,408,615,1066,13,1079,0,1079,317,1396,77.2923
第15任總統副總統,在臺中市各投開票所,臺中市,　西區,安龍里,1213,48,398,602,1048,12,1060,0,1060,323,1383,76.6450
第15任總統副總統,在臺中市各投開票所,臺中市,　西區,吉龍里,1214,47,316,601,964,10,974,0,974,314,1288,75.6211
第15任總統副總統,在臺中市各投開票所,臺中市,　西區,吉龍里,1215,47,435,488,970,13,983,0,983,326,1309,75.0955
第15任總統副總統,在臺中市各投開票所,臺中市,　西區,吉龍里,1216,53,356,535,944,9,953,0,953,292,1245,76.5462
第15任總統副總統,在臺中市各投開票所,臺中市,　西區,吉龍里,1217,57,395,516,968,12,980,0,980,303,1283,76.3835
第15任總統副總統,在臺中市各投開票所,臺中市,　西區,吉龍里,1218,46,371,427,844,17,861,0,861,321,1182,72.8426
第15任總統副總統,在臺中市各投開票所,臺中市,　西區,土庫里,1219,35,273,362,670,9,679,0,679,216,895,75.8659
第15任總統副總統,在臺中市各投開票所,臺中市,　西區,土庫里,1220,25,292,459,776,10,786,0,786,217,1003,78.3649
第15任總統副總統,在臺中市各投開票所,臺中市,　西區,土庫里,1221,41,356,548,945,11,956,0,956,283,1239,77.1590
第15任總統副總統,在臺中市各投開票所,臺中市,　西區,土庫里,1222,25,337,562,924,10,934,0,934,267,1201,77.7685
第15任總統副總統,在臺中市各投開票所,臺中市,　西區,土庫里,1223,45,312,502,859,10,869,0,869,268,1137,76.4292
第15任總統副總統,在臺中市各投開票所,臺中市,　西區,大忠里,1224,57,396,419,872,8,880,0,880,217,1097,80.2188
第15任總統副總統,在臺中市各投開票所,臺中市,　西區,大忠里,1225,42,334,443,819,5,824,0,824,237,1061,77.6626
第15任總統副總統,在臺中市各投開票所,臺中市,　西區,大忠里,1226,41,290,492,823,7,830,0,830,180,1010,82.1782
第15任總統副總統,在臺中市各投開票所,臺中市,　西區,大忠里,1227,38,285,525,848,13,861,0,861,216,1077,79.9443
第15任總統副總統,在臺中市各投開票所,臺中市,　西區,民龍里,1228,28,317,367,712,8,720,0,720,244,964,74.6888
第15任總統副總統,在臺中市各投開票所,臺中市,　西區,民龍里,1229,45,430,539,1014,10,1024,0,1024,336,1360,75.2941
第15任總統副總統,在臺中市各投開票所,臺中市,　西區,民龍里,1230,42,263,321,626,5,631,0,631,234,865,72.9480
第15任總統副總統,在臺中市各投開票所,臺中市,　西區,和龍里,1231,30,313,473,816,10,826,0,826,282,1108,74.5487
第15任總統副總統,在臺中市各投開票所,臺中市,　西區,和龍里,1232,31,268,530,829,12,841,0,841,329,1170,71.8803
第15任總統副總統,在臺中市各投開票所,臺中市,　西區,後龍里,1233,28,301,482,811,8,819,0,819,255,1074,76.2570
第15任總統副總統,在臺中市各投開票所,臺中市,　西區,後龍里,1234,36,355,493,884,4,888,0,888,304,1192,74.4966
第15任總統副總統,在臺中市各投開票所,臺中市,　西區,後龍里,1235,31,316,511,858,11,869,0,869,302,1171,74.2101
第15任總統副總統,在臺中市各投開票所,臺中市,　西區,双龍里,1236,47,419,520,986,13,999,0,999,305,1304,76.6104
第15任總統副總統,在臺中市各投開票所,臺中市,　西區,双龍里,1237,50,424,547,1021,13,1034,0,1034,310,1344,76.9345
第15任總統副總統,在臺中市各投開票所,臺中市,　西區,昇平里,1238,62,392,583,1037,14,1051,0,1051,313,1364,77.0528
第15任總統副總統,在臺中市各投開票所,臺中市,　西區,昇平里,1239,48,388,583,1019,14,1033,0,1033,319,1352,76.4053
第15任總統副總統,在臺中市各投開票所,臺中市,　西區,昇平里,1240,46,376,591,1013,14,1027,0,1027,339,1366,75.1830
第15任總統副總統,在臺中市各投開票所,臺中市,　西區,昇平里,1241,58,415,611,1084,13,1097,0,1097,297,1394,78.6944
第15任總統副總統,在臺中市各投開票所,臺中市,　西區,中興里,1242,46,304,510,860,10,870,0,870,272,1142,76.1821
第15任總統副總統,在臺中市各投開票所,臺中市,　西區,中興里,1243,37,316,601,954,14,968,0,968,265,1233,78.5077
第15任總統副總統,在臺中市各投開票所,臺中市,　西區,中興里,1244,37,299,528,864,4,868,0,868,240,1108,78.3394
第15任總統副總統,在臺中市各投開票所,臺中市,　西區,公益里,1245,43,384,694,1121,15,1136,0,1136,277,1413,80.3963
第15任總統副總統,在臺中市各投開票所,臺中市,　西區,公益里,1246,59,330,634,1023,7,1030,0,1030,270,1300,79.2308
第15任總統副總統,在臺中市各投開票所,臺中市,　西區,公德里,1247,56,402,599,1057,11,1068,0,1068,297,1365,78.2418
第15任總統副總統,在臺中市各投開票所,臺中市,　西區,公德里,1248,57,364,583,1004,9,1013,0,1013,327,1340,75.5970
第15任總統副總統,在臺中市各投開票所,臺中市,　西區,公德里,1249,53,433,588,1074,9,1083,0,1083,316,1399,77.4124
第15任總統副總統,在臺中市各投開票所,臺中市,　西區,公正里,1250,42,312,525,879,9,888,0,888,248,1136,78.1690
第15任總統副總統,在臺中市各投開票所,臺中市,　西區,公正里,1251,39,382,513,934,5,939,0,939,226,1165,80.6009
第15任總統副總統,在臺中市各投開票所,臺中市,　西區,公正里,1252,56,307,546,909,8,917,0,917,226,1143,80.2275
第15任總統副總統,在臺中市各投開票所,臺中市,　西區,公正里,1253,48,385,545,978,14,992,0,992,244,1236,80.2589
第15任總統副總統,在臺中市各投開票所,臺中市,　西區,公正里,1254,47,383,613,1043,9,1052,0,1052,246,1298,81.0478
第15任總統副總統,在臺中市各投開票所,臺中市,　西區,公平里,1255,27,352,492,871,4,875,0,875,291,1166,75.0429
第15任總統副總統,在臺中市各投開票所,臺中市,　西區,公平里,1256,56,315,501,872,21,893,0,893,284,1177,75.8709
第15任總統副總統,在臺中市各投開票所,臺中市,　西區,公平里,1257,48,371,487,906,8,914,0,914,274,1188,76.9360
第15任總統副總統,在臺中市各投開票所,臺中市,　西區,公平里,1258,42,424,445,911,16,927,0,927,282,1209,76.6749
第15任總統副總統,在臺中市各投開票所,臺中市,　西區,忠明里,1259,39,314,465,818,8,826,0,826,274,1100,75.0909
第15任總統副總統,在臺中市各投開票所,臺中市,　西區,忠明里,1260,41,379,387,807,14,821,0,821,278,1099,74.7043
第15任總統副總統,在臺中市各投開票所,臺中市,　西區,忠明里,1261,53,320,495,868,9,877,0,877,290,1167,75.1500
第15任總統副總統,在臺中市各投開票所,臺中市,　西區,忠明里,1262,33,269,507,809,6,815,0,815,263,1078,75.6030
第15任總統副總統,在臺中市各投開票所,臺中市,　西區,忠明里,1263,44,289,494,827,10,837,0,837,289,1126,74.3339
第15任總統副總統,在臺中市各投開票所,臺中市,　西區,忠誠里,1264,56,358,564,978,12,990,0,990,339,1329,74.4921
第15任總統副總統,在臺中市各投開票所,臺中市,　西區,忠誠里,1265,64,425,611,1100,8,1108,0,1108,318,1426,77.6999
第15任總統副總統,在臺中市各投開票所,臺中市,　西區,忠誠里,1266,62,390,651,1103,17,1120,0,1120,304,1424,78.6517
第15任總統副總統,在臺中市各投開票所,臺中市,　西區,忠誠里,1267,44,436,583,1063,15,1078,0,1078,295,1373,78.5142
第15任總統副總統,在臺中市各投開票所,臺中市,　北區,中正里,1093,41,342,624,1007,15,1022,0,1022,376,1398,73.1044
第15任總統副總統,在臺中市各投開票所,臺中市,　北區,六合里,1094,67,359,723,1149,29,1178,0,1178,488,1666,70.7083
第15任總統副總統,在臺中市各投開票所,臺中市,　北區,光大里,1095,33,279,408,720,10,730,0,730,313,1043,69.9904
第15任總統副總統,在臺中市各投開票所,臺中市,　北區,光大里,1096,34,255,415,704,17,721,0,721,251,972,74.1770
第15任總統副總統,在臺中市各投開票所,臺中市,　北區,文莊里,1097,32,283,415,730,11,741,0,741,196,937,79.0822
第15任總統副總統,在臺中市各投開票所,臺中市,　北區,文莊里,1098,30,276,352,658,8,666,0,666,212,878,75.8542
第15任總統副總統,在臺中市各投開票所,臺中市,　北區,文莊里,1099,50,744,340,1134,7,1141,0,1141,335,1476,77.3035
第15任總統副總統,在臺中市各投開票所,臺中市,　北區,大湖里,1100,40,284,515,839,11,850,0,850,389,1239,68.6037
第15任總統副總統,在臺中市各投開票所,臺中市,　北區,大湖里,1101,30,215,422,667,8,675,0,675,228,903,74.7508
第15任總統副總統,在臺中市各投開票所,臺中市,　北區,五常里,1102,54,324,603,981,7,988,0,988,361,1349,73.2394
第15任總統副總統,在臺中市各投開票所,臺中市,　北區,錦平里,1103,18,290,350,658,13,671,0,671,277,948,70.7806
第15任總統副總統,在臺中市各投開票所,臺中市,　北區,錦平里,1104,29,189,377,595,7,602,0,602,225,827,72.7932
第15任總統副總統,在臺中市各投開票所,臺中市,　北區,新北里,1105,24,234,266,524,5,529,0,529,158,687,77.0015
第15任總統副總統,在臺中市各投開票所,臺中市,　北區,新北里,1106,48,254,392,694,13,707,0,707,260,967,73.1127
第15任總統副總統,在臺中市各投開票所,臺中市,　北區,新興里,1107,35,273,246,554,6,560,0,560,187,747,74.9665
第15任總統副總統,在臺中市各投開票所,臺中市,　北區,新興里,1108,21,209,290,520,4,524,0,524,233,757,69.2206
第15任總統副總統,在臺中市各投開票所,臺中市,　北區,樂英里,1109,45,738,283,1066,17,1083,0,1083,320,1403,77.1917
第15任總統副總統,在臺中市各投開票所,臺中市,　北區,樂英里,1110,33,523,268,824,12,836,0,836,312,1148,72.8223
第15任總統副總統,在臺中市各投開票所,臺中市,　北區,錦村里,1111,70,533,690,1293,13,1306,0,1306,376,1682,77.6457
第15任總統副總統,在臺中市各投開票所,臺中市,　北區,錦村里,1112,63,499,513,1075,12,1087,0,1087,301,1388,78.3141
第15任總統副總統,在臺中市各投開票所,臺中市,　北區,建成里,1113,53,313,583,949,6,955,0,955,291,1246,76.6453
第15任總統副總統,在臺中市各投開票所,臺中市,　北區,建成里,1114,39,269,468,776,9,785,0,785,215,1000,78.5000
第15任總統副總統,在臺中市各投開票所,臺中市,　北區,建成里,1115,62,516,614,1192,12,1204,0,1204,449,1653,72.8373
第15任總統副總統,在臺中市各投開票所,臺中市,　北區,建成里,1116,40,491,569,1100,18,1118,0,1118,421,1539,72.6446
第15任總統副總統,在臺中市各投開票所,臺中市,　北區,建德里,1117,47,296,424,767,6,773,0,773,256,1029,75.1215
第15任總統副總統,在臺中市各投開票所,臺中市,　北區,建德里,1118,32,396,435,863,12,875,0,875,224,1099,79.6178
第15任總統副總統,在臺中市各投開票所,臺中市,　北區,建德里,1119,33,355,486,874,10,884,0,884,232,1116,79.2115
第15任總統副總統,在臺中市各投開票所,臺中市,　北區,錦洲里,1120,45,312,420,777,8,785,0,785,271,1056,74.3371
第15任總統副總統,在臺中市各投開票所,臺中市,　北區,錦洲里,1121,36,369,440,845,12,857,0,857,252,1109,77.2768
第15任總統副總統,在臺中市各投開票所,臺中市,　北區,錦洲里,1122,41,400,362,803,13,816,0,816,241,1057,77.1996
第15任總統副總統,在臺中市各投開票所,臺中市,　北區,錦祥里,1123,55,443,500,998,17,1015,0,1015,389,1404,72.2934
第15任總統副總統,在臺中市各投開票所,臺中市,　北區,錦祥里,1124,40,348,412,800,11,811,0,811,248,1059,76.5817
第15任總統副總統,在臺中市各投開票所,臺中市,　北區,錦祥里,1125,48,533,600,1181,16,1197,0,1197,365,1562,76.6325
第15任總統副總統,在臺中市各投開票所,臺中市,　北區,金華里,1126,42,395,475,912,8,920,0,920,268,1188,77.4411
第15任總統副總統,在臺中市各投開票所,臺中市,　北區,金華里,1127,41,391,493,925,9,934,0,934,290,1224,76.3072
第15任總統副總統,在臺中市各投開票所,臺中市,　北區,金龍里,1128,51,442,530,1023,12,1035,0,1035,366,1401,73.8758
第15任總統副總統,在臺中市各投開票所,臺中市,　北區,金龍里,1129,52,427,521,1000,11,1011,0,1011,386,1397,72.3694
第15任總統副總統,在臺中市各投開票所,臺中市,　北區,金龍里,1130,51,409,551,1011,5,1016,0,1016,417,1433,70.9002
第15任總統副總統,在臺中市各投開票所,臺中市,　北區,邱厝里,1131,28,361,498,887,9,896,0,896,310,1206,74.2952
第15任總統副總統,在臺中市各投開票所,臺中市,　北區,邱厝里,1132,40,303,433,776,7,783,0,783,232,1015,77.1429
第15任總統副總統,在臺中市各投開票所,臺中市,　北區,建興里,1133,60,359,488,907,7,914,0,914,291,1205,75.8506
第15任總統副總統,在臺中市各投開票所,臺中市,　北區,建興里,1134,45,339,524,908,11,919,0,919,249,1168,78.6815
第15任總統副總統,在臺中市各投開票所,臺中市,　北區,建興里,1135,40,336,477,853,9,862,0,862,235,1097,78.5779
第15任總統副總統,在臺中市各投開票所,臺中市,　北區,建興里,1136,33,305,407,745,5,750,0,750,281,1031,72.7449
第15任總統副總統,在臺中市各投開票所,臺中市,　北區,建興里,1137,41,275,443,759,10,769,0,769,221,990,77.6768
第15任總統副總統,在臺中市各投開票所,臺中市,　北區,頂厝里,1138,44,386,501,931,12,943,0,943,257,1200,78.5833
第15任總統副總統,在臺中市各投開票所,臺中市,　北區,頂厝里,1139,50,438,623,1111,10,1121,0,1121,308,1429,78.4465
第15任總統副總統,在臺中市各投開票所,臺中市,　北區,頂厝里,1140,61,457,525,1043,6,1049,0,1049,319,1368,76.6813
第15任總統副總統,在臺中市各投開票所,臺中市,　北區,崇德里,1141,33,332,456,821,9,830,0,830,293,1123,73.9092
第15任總統副總統,在臺中市各投開票所,臺中市,　北區,崇德里,1142,37,331,491,859,11,870,0,870,279,1149,75.7180
第15任總統副總統,在臺中市各投開票所,臺中市,　北區,崇德里,1143,33,346,474,853,9,862,0,862,281,1143,75.4156
第15任總統副總統,在臺中市各投開票所,臺中市,　北區,賴厝里,1144,41,363,422,826,9,835,0,835,1207,2042,40.8913
第15任總統副總統,在臺中市各投開票所,臺中市,　北區,賴厝里,1145,43,530,571,1144,18,1162,0,1162,351,1513,76.8011
第15任總統副總統,在臺中市各投開票所,臺中市,　北區,賴厝里,1146,50,447,508,1005,4,1009,0,1009,399,1408,71.6619
第15任總統副總統,在臺中市各投開票所,臺中市,　北區,賴福里,1147,44,444,552,1040,12,1052,0,1052,272,1324,79.4562
第15任總統副總統,在臺中市各投開票所,臺中市,　北區,賴福里,1148,30,422,566,1018,11,1029,0,1029,295,1324,77.7190
第15任總統副總統,在臺中市各投開票所,臺中市,　北區,賴福里,1149,40,337,460,837,16,853,0,853,200,1053,81.0066
第15任總統副總統,在臺中市各投開票所,臺中市,　北區,賴興里,1150,56,432,525,1013,8,1021,0,1021,361,1382,73.8784
第15任總統副總統,在臺中市各投開票所,臺中市,　北區,賴興里,1151,43,350,483,876,8,884,0,884,243,1127,78.4383
第15任總統副總統,在臺中市各投開票所,臺中市,　北區,賴興里,1152,45,400,435,880,6,886,0,886,255,1141,77.6512
第15任總統副總統,在臺中市各投開票所,臺中市,　北區,賴旺里,1153,35,361,443,839,9,848,0,848,338,1186,71.5008
第15任總統副總統,在臺中市各投開票所,臺中市,　北區,賴旺里,1154,68,465,609,1142,12,1154,0,1154,417,1571,73.4564
第15任總統副總統,在臺中市各投開票所,臺中市,　北區,賴旺里,1155,60,419,514,993,6,999,0,999,409,1408,70.9517
第15任總統副總統,在臺中市各投開票所,臺中市,　北區,賴明里,1156,34,395,471,900,14,914,0,914,297,1211,75.4748
第15任總統副總統,在臺中市各投開票所,臺中市,　北區,賴明里,1157,49,432,405,886,4,890,0,890,329,1219,73.0107
第15任總統副總統,在臺中市各投開票所,臺中市,　北區,賴明里,1158,46,355,545,946,12,958,0,958,312,1270,75.4331
第15任總統副總統,在臺中市各投開票所,臺中市,　北區,梅川里,1159,36,413,535,984,8,992,0,992,264,1256,78.9809
第15任總統副總統,在臺中市各投開票所,臺中市,　北區,梅川里,1160,80,510,811,1401,12,1413,0,1413,409,1822,77.5521
第15任總統副總統,在臺中市各投開票所,臺中市,　北區,賴村里,1161,38,361,648,1047,10,1057,0,1057,319,1376,76.8169
第15任總統副總統,在臺中市各投開票所,臺中市,　北區,賴村里,1162,55,389,611,1055,14,1069,0,1069,348,1417,75.4411
第15任總統副總統,在臺中市各投開票所,臺中市,　北區,賴村里,1163,44,442,648,1134,11,1145,0,1145,389,1534,74.6415
第15任總統副總統,在臺中市各投開票所,臺中市,　北區,育德里,1164,53,479,596,1128,17,1145,0,1145,356,1501,76.2825
第15任總統副總統,在臺中市各投開票所,臺中市,　北區,育德里,1165,35,249,398,682,4,686,0,686,199,885,77.5141
第15任總統副總統,在臺中市各投開票所,臺中市,　北區,育德里,1166,47,358,478,883,9,892,0,892,250,1142,78.1086
第15任總統副總統,在臺中市各投開票所,臺中市,　北區,淡溝里,1167,58,396,626,1080,12,1092,0,1092,331,1423,76.7393
第15任總統副總統,在臺中市各投開票所,臺中市,　北區,淡溝里,1168,61,282,447,790,17,807,0,807,273,1080,74.7222
第15任總統副總統,在臺中市各投開票所,臺中市,　北區,淡溝里,1169,25,358,536,919,7,926,0,926,307,1233,75.1014
第15任總統副總統,在臺中市各投開票所,臺中市,　北區,淡溝里,1170,27,383,488,898,8,906,0,906,250,1156,78.3737
第15任總統副總統,在臺中市各投開票所,臺中市,　北區,健行里,1171,47,344,585,976,6,982,0,982,286,1268,77.4448
第15任總統副總統,在臺中市各投開票所,臺中市,　北區,健行里,1172,47,335,508,890,3,893,1,894,236,1130,79.0265
第15任總統副總統,在臺中市各投開票所,臺中市,　北區,健行里,1173,49,378,555,982,11,993,0,993,284,1277,77.7604
第15任總統副總統,在臺中市各投開票所,臺中市,　北區,健行里,1174,34,301,543,878,8,886,0,886,249,1135,78.0617
第15任總統副總統,在臺中市各投開票所,臺中市,　北區,健行里,1175,41,378,613,1032,10,1042,0,1042,369,1411,73.8483
第15任總統副總統,在臺中市各投開票所,臺中市,　北區,明德里,1176,49,354,578,981,10,991,0,991,290,1281,77.3614
第15任總統副總統,在臺中市各投開票所,臺中市,　北區,明德里,1177,46,390,572,1008,13,1021,0,1021,297,1318,77.4659
第15任總統副總統,在臺中市各投開票所,臺中市,　北區,明德里,1178,57,421,507,985,8,993,0,993,278,1271,78.1275
第15任總統副總統,在臺中市各投開票所,臺中市,　北區,明德里,1179,50,377,487,914,10,924,0,924,312,1236,74.7573
第15任總統副總統,在臺中市各投開票所,臺中市,　北區,明新里,1180,43,449,538,1030,17,1047,0,1047,304,1351,77.4981
第15任總統副總統,在臺中市各投開票所,臺中市,　北區,明新里,1181,35,381,530,946,10,956,0,956,336,1292,73.9938
第15任總統副總統,在臺中市各投開票所,臺中市,　北區,長青里,1182,48,385,651,1084,9,1093,0,1093,335,1428,76.5406
第15任總統副總統,在臺中市各投開票所,臺中市,　北區,長青里,1183,57,475,618,1150,12,1162,0,1162,344,1506,77.1580
第15任總統副總統,在臺中市各投開票所,臺中市,　北區,長青里,1184,46,418,604,1068,11,1079,0,1079,343,1422,75.8790
第15任總統副總統,在臺中市各投開票所,臺中市,　北區,長青里,1185,57,427,612,1096,12,1108,0,1108,393,1501,73.8175
第15任總統副總統,在臺中市各投開票所,臺中市,　北區,立人里,1186,37,400,444,881,17,898,0,898,288,1186,75.7167
第15任總統副總統,在臺中市各投開票所,臺中市,　北區,立人里,1187,47,408,506,961,11,972,0,972,272,1244,78.1350
第15任總統副總統,在臺中市各投開票所,臺中市,　北區,立人里,1188,52,377,427,856,11,867,0,867,348,1215,71.3580
第15任總統副總統,在臺中市各投開票所,臺中市,　北區,中達里,1189,61,351,574,986,20,1006,0,1006,299,1305,77.0881
第15任總統副總統,在臺中市各投開票所,臺中市,　北區,中達里,1190,45,351,513,909,11,920,0,920,291,1211,75.9703
第15任總統副總統,在臺中市各投開票所,臺中市,　西屯區,西安里,0662,43,265,540,848,14,862,0,862,237,1099,78.4349
第15任總統副總統,在臺中市各投開票所,臺中市,　西屯區,西安里,0663,42,304,486,832,8,840,0,840,235,1075,78.1395
第15任總統副總統,在臺中市各投開票所,臺中市,　西屯區,西安里,0664,39,284,516,839,15,854,0,854,209,1063,80.3387
第15任總統副總統,在臺中市各投開票所,臺中市,　西屯區,西安里,0665,50,470,577,1097,15,1112,0,1112,306,1418,78.4203
第15任總統副總統,在臺中市各投開票所,臺中市,　西屯區,至善里,0666,65,489,611,1165,16,1181,0,1181,345,1526,77.3919
第15任總統副總統,在臺中市各投開票所,臺中市,　西屯區,至善里,0667,41,399,530,970,11,981,0,981,286,1267,77.4270
第15任總統副總統,在臺中市各投開票所,臺中市,　西屯區,至善里,0668,59,429,601,1089,10,1099,0,1099,307,1406,78.1650
第15任總統副總統,在臺中市各投開票所,臺中市,　西屯區,西平里,0669,31,396,420,847,6,853,0,853,286,1139,74.8903
第15任總統副總統,在臺中市各投開票所,臺中市,　西屯區,西平里,0670,36,403,493,932,22,954,0,954,316,1270,75.1181
第15任總統副總統,在臺中市各投開票所,臺中市,　西屯區,西平里,0671,38,567,338,943,13,956,0,956,271,1227,77.9136
第15任總統副總統,在臺中市各投開票所,臺中市,　西屯區,西平里,0672,42,299,484,825,10,835,0,835,338,1173,71.1850
第15任總統副總統,在臺中市各投開票所,臺中市,　西屯區,西墩里,0673,54,354,575,983,12,995,0,995,329,1324,75.1511
第15任總統副總統,在臺中市各投開票所,臺中市,　西屯區,西墩里,0674,46,363,652,1061,16,1077,0,1077,335,1412,76.2748
第15任總統副總統,在臺中市各投開票所,臺中市,　西屯區,西墩里,0675,58,379,644,1081,9,1090,0,1090,301,1391,78.3609
第15任總統副總統,在臺中市各投開票所,臺中市,　西屯區,西墩里,0676,60,358,536,954,8,962,0,962,351,1313,73.2673
第15任總統副總統,在臺中市各投開票所,臺中市,　西屯區,潮洋里,0677,82,513,651,1246,19,1265,0,1265,406,1671,75.7032
第15任總統副總統,在臺中市各投開票所,臺中市,　西屯區,潮洋里,0678,63,461,720,1244,22,1266,0,1266,298,1564,80.9463
第15任總統副總統,在臺中市各投開票所,臺中市,　西屯區,潮洋里,0679,62,489,670,1221,18,1239,0,1239,1242,2481,49.9395
第15任總統副總統,在臺中市各投開票所,臺中市,　西屯區,龍潭里,0680,20,182,421,623,9,632,0,632,160,792,79.7980
第15任總統副總統,在臺中市各投開票所,臺中市,　西屯區,惠來里,0681,63,423,550,1036,9,1045,0,1045,282,1327,78.7491
第15任總統副總統,在臺中市各投開票所,臺中市,　西屯區,惠來里,0682,49,471,545,1065,8,1073,0,1073,359,1432,74.9302
第15任總統副總統,在臺中市各投開票所,臺中市,　西屯區,惠來里,0683,66,486,561,1113,12,1125,0,1125,381,1506,74.7012
第15任總統副總統,在臺中市各投開票所,臺中市,　西屯區,惠來里,0684,57,491,498,1046,15,1061,0,1061,390,1451,73.1220
第15任總統副總統,在臺中市各投開票所,臺中市,　西屯區,惠來里,0685,51,473,496,1020,9,1029,0,1029,438,1467,70.1431
第15任總統副總統,在臺中市各投開票所,臺中市,　西屯區,惠來里,0686,50,436,516,1002,9,1011,0,1011,396,1407,71.8550
第15任總統副總統,在臺中市各投開票所,臺中市,　西屯區,惠來里,0687,61,439,609,1109,15,1124,0,1124,302,1426,78.8219
第15任總統副總統,在臺中市各投開票所,臺中市,　西屯區,惠來里,0688,32,347,479,858,7,865,0,865,286,1151,75.1520
第15任總統副總統,在臺中市各投開票所,臺中市,　西屯區,惠來里,0689,25,336,483,844,10,854,0,854,202,1056,80.8712
第15任總統副總統,在臺中市各投開票所,臺中市,　西屯區,惠來里,0690,40,368,407,815,11,826,0,826,233,1059,77.9981
第15任總統副總統,在臺中市各投開票所,臺中市,　西屯區,上石里,0691,65,356,497,918,17,935,0,935,275,1210,77.2727
第15任總統副總統,在臺中市各投開票所,臺中市,　西屯區,上石里,0692,50,328,477,855,16,871,0,871,259,1130,77.0796
第15任總統副總統,在臺中市各投開票所,臺中市,　西屯區,上石里,0693,54,374,457,885,13,898,0,898,301,1199,74.8957
第15任總統副總統,在臺中市各投開票所,臺中市,　西屯區,上石里,0694,50,366,491,907,8,915,0,915,308,1223,74.8160
第15任總統副總統,在臺中市各投開票所,臺中市,　西屯區,上安里,0695,43,431,555,1029,9,1038,0,1038,254,1292,80.3406
第15任總統副總統,在臺中市各投開票所,臺中市,　西屯區,上安里,0696,48,330,582,960,25,985,0,985,261,1246,79.0530
第15任總統副總統,在臺中市各投開票所,臺中市,　西屯區,上安里,0697,48,332,481,861,11,872,0,872,327,1199,72.7273
第15任總統副總統,在臺中市各投開票所,臺中市,　西屯區,上安里,0698,69,339,453,861,13,874,1,875,308,1183,73.8800
第15任總統副總統,在臺中市各投開票所,臺中市,　西屯區,上德里,0699,54,391,456,901,17,918,0,918,279,1197,76.6917
第15任總統副總統,在臺中市各投開票所,臺中市,　西屯區,上德里,0700,60,434,592,1086,14,1100,0,1100,329,1429,76.9769
第15任總統副總統,在臺中市各投開票所,臺中市,　西屯區,上德里,0701,58,462,583,1103,10,1113,0,1113,290,1403,79.3300
第15任總統副總統,在臺中市各投開票所,臺中市,　西屯區,逢甲里,0702,65,426,573,1064,10,1074,0,1074,358,1432,75.0000
第15任總統副總統,在臺中市各投開票所,臺中市,　西屯區,逢甲里,0703,52,383,563,998,14,1012,1,1013,327,1340,75.5224
第15任總統副總統,在臺中市各投開票所,臺中市,　西屯區,逢甲里,0704,48,439,544,1031,12,1043,0,1043,331,1374,75.9098
第15任總統副總統,在臺中市各投開票所,臺中市,　西屯區,逢福里,0705,59,453,609,1121,21,1142,0,1142,294,1436,79.5265
第15任總統副總統,在臺中市各投開票所,臺中市,　西屯區,逢福里,0706,45,391,485,921,8,929,0,929,257,1186,78.3305
第15任總統副總統,在臺中市各投開票所,臺中市,　西屯區,逢福里,0707,68,413,511,992,20,1012,0,1012,257,1269,79.7478
第15任總統副總統,在臺中市各投開票所,臺中市,　西屯區,逢福里,0708,50,413,528,991,10,1001,0,1001,314,1315,76.1217
第15任總統副總統,在臺中市各投開票所,臺中市,　西屯區,鵬程里,0709,48,753,193,994,18,1012,0,1012,339,1351,74.9075
第15任總統副總統,在臺中市各投開票所,臺中市,　西屯區,鵬程里,0710,36,699,258,993,10,1003,0,1003,321,1324,75.7553
第15任總統副總統,在臺中市各投開票所,臺中市,　西屯區,何厝里,0711,54,428,666,1148,19,1167,0,1167,402,1569,74.3786
第15任總統副總統,在臺中市各投開票所,臺中市,　西屯區,何厝里,0712,46,394,720,1160,19,1179,0,1179,354,1533,76.9080
第15任總統副總統,在臺中市各投開票所,臺中市,　西屯區,何明里,0713,50,372,554,976,4,980,0,980,228,1208,81.1258
第15任總統副總統,在臺中市各投開票所,臺中市,　西屯區,何明里,0714,40,340,534,914,14,928,0,928,256,1184,78.3784
第15任總統副總統,在臺中市各投開票所,臺中市,　西屯區,何明里,0715,33,334,476,843,8,851,0,851,267,1118,76.1181
第15任總統副總統,在臺中市各投開票所,臺中市,　西屯區,何南里,0716,36,430,577,1043,15,1058,0,1058,301,1359,77.8514
第15任總統副總統,在臺中市各投開票所,臺中市,　西屯區,何南里,0717,51,447,569,1067,17,1084,0,1084,298,1382,78.4370
第15任總統副總統,在臺中市各投開票所,臺中市,　西屯區,何南里,0718,47,407,579,1033,4,1037,0,1037,308,1345,77.1004
第15任總統副總統,在臺中市各投開票所,臺中市,　西屯區,何成里,0719,50,431,576,1057,17,1074,0,1074,344,1418,75.7405
第15任總統副總統,在臺中市各投開票所,臺中市,　西屯區,何成里,0720,50,408,606,1064,6,1070,0,1070,339,1409,75.9404
第15任總統副總統,在臺中市各投開票所,臺中市,　西屯區,何成里,0721,65,438,558,1061,12,1073,0,1073,291,1364,78.6657
第15任總統副總統,在臺中市各投開票所,臺中市,　西屯區,何成里,0722,52,408,634,1094,14,1108,0,1108,280,1388,79.8271
第15任總統副總統,在臺中市各投開票所,臺中市,　西屯區,何成里,0723,64,420,557,1041,7,1048,0,1048,341,1389,75.4500
第15任總統副總統,在臺中市各投開票所,臺中市,　西屯區,何安里,0724,50,327,535,912,12,924,0,924,307,1231,75.0609
第15任總統副總統,在臺中市各投開票所,臺中市,　西屯區,何安里,0725,45,349,520,914,12,926,0,926,336,1262,73.3756
第15任總統副總統,在臺中市各投開票所,臺中市,　西屯區,何安里,0726,56,403,538,997,13,1010,0,1010,292,1302,77.5730
第15任總統副總統,在臺中市各投開票所,臺中市,　西屯區,何安里,0727,34,333,536,903,9,912,0,912,272,1184,77.0270
第15任總統副總統,在臺中市各投開票所,臺中市,　西屯區,何仁里,0728,59,452,662,1173,18,1191,0,1191,383,1574,75.6671
第15任總統副總統,在臺中市各投開票所,臺中市,　西屯區,何仁里,0729,54,401,671,1126,10,1136,0,1136,338,1474,77.0692
第15任總統副總統,在臺中市各投開票所,臺中市,　西屯區,何仁里,0730,51,386,702,1139,10,1149,0,1149,347,1496,76.8048
第15任總統副總統,在臺中市各投開票所,臺中市,　西屯區,何仁里,0731,53,422,647,1122,13,1135,0,1135,347,1482,76.5857
第15任總統副總統,在臺中市各投開票所,臺中市,　西屯區,何德里,0732,53,348,521,922,15,937,0,937,249,1186,79.0051
第15任總統副總統,在臺中市各投開票所,臺中市,　西屯區,何德里,0733,41,355,509,905,14,919,0,919,238,1157,79.4296
第15任總統副總統,在臺中市各投開票所,臺中市,　西屯區,何德里,0734,45,337,489,871,14,885,0,885,286,1171,75.5764
第15任總統副總統,在臺中市各投開票所,臺中市,　西屯區,何福里,0735,54,421,554,1029,13,1042,0,1042,291,1333,78.1695
第15任總統副總統,在臺中市各投開票所,臺中市,　西屯區,何福里,0736,59,442,682,1183,11,1194,0,1194,304,1498,79.7063
第15任總統副總統,在臺中市各投開票所,臺中市,　西屯區,何福里,0737,62,408,630,1100,19,1119,0,1119,302,1421,78.7474
第15任總統副總統,在臺中市各投開票所,臺中市,　西屯區,何源里,0738,51,392,524,967,9,976,0,976,246,1222,79.8691
第15任總統副總統,在臺中市各投開票所,臺中市,　西屯區,何源里,0739,46,384,533,963,12,975,0,975,259,1234,79.0113
第15任總統副總統,在臺中市各投開票所,臺中市,　西屯區,何源里,0740,54,382,547,983,9,992,0,992,317,1309,75.7830
第15任總統副總統,在臺中市各投開票所,臺中市,　西屯區,何源里,0741,63,445,565,1073,14,1087,0,1087,304,1391,78.1452
第15任總統副總統,在臺中市各投開票所,臺中市,　西屯區,何源里,0742,51,431,515,997,10,1007,0,1007,332,1339,75.2054
第15任總統副總統,在臺中市各投開票所,臺中市,　西屯區,大河里,0743,48,301,571,920,17,937,0,937,256,1193,78.5415
第15任總統副總統,在臺中市各投開票所,臺中市,　西屯區,大河里,0744,45,303,623,971,13,984,0,984,231,1215,80.9877
第15任總統副總統,在臺中市各投開票所,臺中市,　西屯區,大河里,0745,46,365,572,983,4,987,1,988,273,1261,78.2712
第15任總統副總統,在臺中市各投開票所,臺中市,　西屯區,大石里,0746,40,575,190,805,16,821,0,821,220,1041,78.8665
第15任總統副總統,在臺中市各投開票所,臺中市,　西屯區,大石里,0747,33,632,169,834,14,848,0,848,249,1097,77.3017
第15任總統副總統,在臺中市各投開票所,臺中市,　西屯區,大福里,0748,43,302,385,730,16,746,0,746,243,989,75.4297
第15任總統副總統,在臺中市各投開票所,臺中市,　西屯區,大福里,0749,36,309,394,739,11,750,1,751,259,1010,74.2574
第15任總統副總統,在臺中市各投開票所,臺中市,　西屯區,大福里,0750,46,433,356,835,15,850,0,850,266,1116,76.1649
第15任總統副總統,在臺中市各投開票所,臺中市,　西屯區,大鵬里,0751,38,375,557,970,9,979,0,979,242,1221,80.1802
第15任總統副總統,在臺中市各投開票所,臺中市,　西屯區,大鵬里,0752,32,390,377,799,10,809,0,809,291,1100,73.5455
第15任總統副總統,在臺中市各投開票所,臺中市,　西屯區,大鵬里,0753,39,373,466,878,7,885,0,885,302,1187,74.5577
第15任總統副總統,在臺中市各投開票所,臺中市,　西屯區,大鵬里,0754,58,379,431,868,5,873,0,873,340,1213,71.9703
第15任總統副總統,在臺中市各投開票所,臺中市,　西屯區,港尾里,0755,32,237,579,848,9,857,0,857,283,1140,75.1754
第15任總統副總統,在臺中市各投開票所,臺中市,　西屯區,港尾里,0756,50,398,526,974,9,983,0,983,239,1222,80.4419
第15任總統副總統,在臺中市各投開票所,臺中市,　西屯區,港尾里,0757,49,376,496,921,13,934,0,934,268,1202,77.7038
第15任總統副總統,在臺中市各投開票所,臺中市,　西屯區,港尾里,0758,36,369,545,950,7,957,0,957,280,1237,77.3646
第15任總統副總統,在臺中市各投開票所,臺中市,　西屯區,廣福里,0759,39,276,637,952,27,979,0,979,266,1245,78.6345
第15任總統副總統,在臺中市各投開票所,臺中市,　西屯區,廣福里,0760,39,233,531,803,7,810,0,810,206,1016,79.7244
第15任總統副總統,在臺中市各投開票所,臺中市,　西屯區,林厝里,0761,47,379,358,784,9,793,0,793,248,1041,76.1768
第15任總統副總統,在臺中市各投開票所,臺中市,　西屯區,林厝里,0762,39,312,583,934,10,944,0,944,260,1204,78.4053
第15任總統副總統,在臺中市各投開票所,臺中市,　西屯區,林厝里,0763,29,289,463,781,13,794,0,794,241,1035,76.7150
第15任總統副總統,在臺中市各投開票所,臺中市,　西屯區,永安里,0764,46,343,786,1175,22,1197,0,1197,359,1556,76.9280
第15任總統副總統,在臺中市各投開票所,臺中市,　西屯區,永安里,0765,45,371,600,1016,12,1028,0,1028,272,1300,79.0769
第15任總統副總統,在臺中市各投開票所,臺中市,　西屯區,永安里,0766,55,473,536,1064,10,1074,0,1074,282,1356,79.2035
第15任總統副總統,在臺中市各投開票所,臺中市,　西屯區,永安里,0767,53,406,447,906,8,914,0,914,388,1302,70.1997
第15任總統副總統,在臺中市各投開票所,臺中市,　西屯區,永安里,0768,49,413,449,911,10,921,0,921,311,1232,74.7565
第15任總統副總統,在臺中市各投開票所,臺中市,　西屯區,永安里,0769,31,499,394,924,12,936,0,936,346,1282,73.0109
第15任總統副總統,在臺中市各投開票所,臺中市,　西屯區,永安里,0770,59,308,550,917,5,922,0,922,350,1272,72.4843
第15任總統副總統,在臺中市各投開票所,臺中市,　西屯區,永安里,0771,58,310,612,980,12,992,0,992,351,1343,73.8645
第15任總統副總統,在臺中市各投開票所,臺中市,　西屯區,永安里,0772,61,470,521,1052,13,1065,0,1065,346,1411,75.4784
第15任總統副總統,在臺中市各投開票所,臺中市,　西屯區,福安里,0773,69,423,537,1029,7,1036,0,1036,276,1312,78.9634
第15任總統副總統,在臺中市各投開票所,臺中市,　西屯區,福安里,0774,55,431,571,1057,13,1070,0,1070,293,1363,78.5033
第15任總統副總統,在臺中市各投開票所,臺中市,　西屯區,福雅里,0775,71,383,628,1082,11,1093,0,1093,296,1389,78.6897
第15任總統副總統,在臺中市各投開票所,臺中市,　西屯區,福雅里,0776,69,393,571,1033,13,1046,0,1046,280,1326,78.8839
第15任總統副總統,在臺中市各投開票所,臺中市,　西屯區,福雅里,0777,45,428,505,978,13,991,0,991,344,1335,74.2322
第15任總統副總統,在臺中市各投開票所,臺中市,　西屯區,福雅里,0778,72,446,578,1096,14,1110,0,1110,296,1406,78.9474
第15任總統副總統,在臺中市各投開票所,臺中市,　西屯區,福林里,0779,43,472,548,1063,16,1079,0,1079,337,1416,76.2006
第15任總統副總統,在臺中市各投開票所,臺中市,　西屯區,福林里,0780,50,479,556,1085,10,1095,0,1095,320,1415,77.3852
第15任總統副總統,在臺中市各投開票所,臺中市,　西屯區,福林里,0781,56,453,607,1116,13,1129,0,1129,309,1438,78.5118
第15任總統副總統,在臺中市各投開票所,臺中市,　西屯區,福林里,0782,83,449,564,1096,17,1113,0,1113,307,1420,78.3803
第15任總統副總統,在臺中市各投開票所,臺中市,　西屯區,福林里,0783,66,441,555,1062,22,1084,0,1084,300,1384,78.3237
第15任總統副總統,在臺中市各投開票所,臺中市,　西屯區,福瑞里,0784,48,480,533,1061,17,1078,0,1078,359,1437,75.0174
第15任總統副總統,在臺中市各投開票所,臺中市,　西屯區,福瑞里,0785,55,452,499,1006,5,1011,0,1011,398,1409,71.7530
第15任總統副總統,在臺中市各投開票所,臺中市,　西屯區,福聯里,0786,57,465,537,1059,18,1077,0,1077,452,1529,70.4382
第15任總統副總統,在臺中市各投開票所,臺中市,　西屯區,福聯里,0787,52,401,593,1046,11,1057,0,1057,427,1484,71.2264
第15任總統副總統,在臺中市各投開票所,臺中市,　西屯區,福和里,0788,48,313,725,1086,10,1096,0,1096,337,1433,76.4829
第15任總統副總統,在臺中市各投開票所,臺中市,　西屯區,福和里,0789,51,343,700,1094,13,1107,0,1107,318,1425,77.6842
第15任總統副總統,在臺中市各投開票所,臺中市,　西屯區,福和里,0790,52,340,634,1026,16,1042,0,1042,314,1356,76.8437
第15任總統副總統,在臺中市各投開票所,臺中市,　西屯區,福中里,0791,42,322,470,834,13,847,0,847,240,1087,77.9209
第15任總統副總統,在臺中市各投開票所,臺中市,　西屯區,福中里,0792,41,272,459,772,11,783,0,783,223,1006,77.8330
第15任總統副總統,在臺中市各投開票所,臺中市,　西屯區,福中里,0793,35,265,483,783,9,792,0,792,249,1041,76.0807
第15任總統副總統,在臺中市各投開票所,臺中市,　西屯區,福恩里,0794,80,485,655,1220,18,1238,0,1238,344,1582,78.2554
第15任總統副總統,在臺中市各投開票所,臺中市,　西屯區,福恩里,0795,61,482,669,1212,14,1226,0,1226,354,1580,77.5949
第15任總統副總統,在臺中市各投開票所,臺中市,　西屯區,福恩里,0796,62,418,600,1080,10,1090,0,1090,345,1435,75.9582
第15任總統副總統,在臺中市各投開票所,臺中市,　西屯區,協和里,0797,42,277,527,846,11,857,0,857,321,1178,72.7504
第15任總統副總統,在臺中市各投開票所,臺中市,　西屯區,協和里,0798,35,248,511,794,13,807,0,807,263,1070,75.4206
第15任總統副總統,在臺中市各投開票所,臺中市,　西屯區,協和里,0799,34,292,474,800,9,809,0,809,271,1080,74.9074
第15任總統副總統,在臺中市各投開票所,臺中市,　西屯區,協和里,0800,41,268,499,808,10,818,0,818,252,1070,76.4486
第15任總統副總統,在臺中市各投開票所,臺中市,　南屯區,南屯里,0801,45,361,630,1036,12,1048,0,1048,291,1339,78.2674
第15任總統副總統,在臺中市各投開票所,臺中市,　南屯區,南屯里,0802,45,367,637,1049,14,1063,0,1063,284,1347,78.9161
第15任總統副總統,在臺中市各投開票所,臺中市,　南屯區,南屯里,0803,47,360,673,1080,16,1096,0,1096,265,1361,80.5290
第15任總統副總統,在臺中市各投開票所,臺中市,　南屯區,南屯里,0804,49,408,625,1082,15,1097,0,1097,313,1410,77.8014
第15任總統副總統,在臺中市各投開票所,臺中市,　南屯區,南屯里,0805,55,446,551,1052,10,1062,0,1062,313,1375,77.2364
第15任總統副總統,在臺中市各投開票所,臺中市,　南屯區,南屯里,0806,65,437,559,1061,11,1072,0,1072,294,1366,78.4773
第15任總統副總統,在臺中市各投開票所,臺中市,　南屯區,豐樂里,0807,46,346,697,1089,14,1103,0,1103,311,1414,78.0057
第15任總統副總統,在臺中市各投開票所,臺中市,　南屯區,豐樂里,0808,55,367,658,1080,15,1095,0,1095,272,1367,80.1024
第15任總統副總統,在臺中市各投開票所,臺中市,　南屯區,豐樂里,0809,68,452,565,1085,16,1101,0,1101,354,1455,75.6701
第15任總統副總統,在臺中市各投開票所,臺中市,　南屯區,豐樂里,0810,58,414,629,1101,23,1124,0,1124,270,1394,80.6313
第15任總統副總統,在臺中市各投開票所,臺中市,　南屯區,豐樂里,0811,50,399,532,981,10,991,0,991,264,1255,78.9641
第15任總統副總統,在臺中市各投開票所,臺中市,　南屯區,豐樂里,0812,45,380,588,1013,8,1021,0,1021,249,1270,80.3937
第15任總統副總統,在臺中市各投開票所,臺中市,　南屯區,豐樂里,0813,42,412,607,1061,12,1073,0,1073,282,1355,79.1882
第15任總統副總統,在臺中市各投開票所,臺中市,　南屯區,豐樂里,0814,38,413,551,1002,14,1016,0,1016,228,1244,81.6720
第15任總統副總統,在臺中市各投開票所,臺中市,　南屯區,楓樹里,0815,39,429,668,1136,24,1160,0,1160,313,1473,78.7508
第15任總統副總統,在臺中市各投開票所,臺中市,　南屯區,楓樹里,0816,50,380,746,1176,17,1193,0,1193,270,1463,81.5448
第15任總統副總統,在臺中市各投開票所,臺中市,　南屯區,楓樹里,0817,50,406,645,1101,16,1117,0,1117,269,1386,80.5916
第15任總統副總統,在臺中市各投開票所,臺中市,　南屯區,楓樹里,0818,49,436,620,1105,13,1118,0,1118,310,1428,78.2913
第15任總統副總統,在臺中市各投開票所,臺中市,　南屯區,中和里,0819,72,341,655,1068,15,1083,0,1083,352,1435,75.4704
第15任總統副總統,在臺中市各投開票所,臺中市,　南屯區,中和里,0820,53,405,619,1077,14,1091,0,1091,267,1358,80.3387
第15任總統副總統,在臺中市各投開票所,臺中市,　南屯區,中和里,0821,65,368,719,1152,17,1169,0,1169,309,1478,79.0934
第15任總統副總統,在臺中市各投開票所,臺中市,　南屯區,鎮平里,0822,18,142,304,464,8,472,0,472,109,581,81.2392
第15任總統副總統,在臺中市各投開票所,臺中市,　南屯區,鎮平里,0823,30,176,403,609,6,615,0,615,179,794,77.4559
第15任總統副總統,在臺中市各投開票所,臺中市,　南屯區,春社里,0824,55,305,533,893,11,904,0,904,256,1160,77.9310
第15任總統副總統,在臺中市各投開票所,臺中市,　南屯區,春社里,0825,48,392,461,901,9,910,0,910,305,1215,74.8971
第15任總統副總統,在臺中市各投開票所,臺中市,　南屯區,春社里,0826,39,372,499,910,8,918,0,918,293,1211,75.8051
第15任總統副總統,在臺中市各投開票所,臺中市,　南屯區,春社里,0827,53,428,471,952,20,972,0,972,327,1299,74.8268
第15任總統副總統,在臺中市各投開票所,臺中市,　南屯區,春社里,0828,41,336,362,739,4,743,0,743,646,1389,53.4917
第15任總統副總統,在臺中市各投開票所,臺中市,　南屯區,春安里,0829,25,255,263,543,9,552,0,552,227,779,70.8601
第15任總統副總統,在臺中市各投開票所,臺中市,　南屯區,文山里,0830,53,371,600,1024,10,1034,0,1034,382,1416,73.0226
第15任總統副總統,在臺中市各投開票所,臺中市,　南屯區,文山里,0831,60,402,681,1143,16,1159,0,1159,332,1491,77.7331
第15任總統副總統,在臺中市各投開票所,臺中市,　南屯區,文山里,0832,65,401,723,1189,16,1205,0,1205,436,1641,73.4308
第15任總統副總統,在臺中市各投開票所,臺中市,　南屯區,文山里,0833,62,399,595,1056,7,1063,0,1063,319,1382,76.9175
第15任總統副總統,在臺中市各投開票所,臺中市,　南屯區,文山里,0834,61,397,668,1126,16,1142,0,1142,306,1448,78.8674
第15任總統副總統,在臺中市各投開票所,臺中市,　南屯區,文山里,0835,52,311,611,974,13,987,0,987,366,1353,72.9490
第15任總統副總統,在臺中市各投開票所,臺中市,　南屯區,文山里,0836,55,367,559,981,17,998,0,998,265,1263,79.0182
第15任總統副總統,在臺中市各投開票所,臺中市,　南屯區,寶山里,0837,61,308,594,963,12,975,0,975,289,1264,77.1361
第15任總統副總統,在臺中市各投開票所,臺中市,　南屯區,寶山里,0838,60,297,548,905,11,916,0,916,288,1204,76.0797
第15任總統副總統,在臺中市各投開票所,臺中市,　南屯區,寶山里,0839,55,345,534,934,10,944,0,944,289,1233,76.5612
第15任總統副總統,在臺中市各投開票所,臺中市,　南屯區,寶山里,0840,52,368,536,956,11,967,0,967,384,1351,71.5766
第15任總統副總統,在臺中市各投開票所,臺中市,　南屯區,新生里,0841,64,470,820,1354,17,1371,0,1371,432,1803,76.0399
第15任總統副總統,在臺中市各投開票所,臺中市,　南屯區,永定里,0842,50,316,600,966,2,968,0,968,281,1249,77.5020
第15任總統副總統,在臺中市各投開票所,臺中市,　南屯區,永定里,0843,50,293,533,876,13,889,0,889,248,1137,78.1882
第15任總統副總統,在臺中市各投開票所,臺中市,　南屯區,永定里,0844,47,275,604,926,9,935,0,935,252,1187,78.7700
第15任總統副總統,在臺中市各投開票所,臺中市,　南屯區,永定里,0845,58,327,547,932,11,943,0,943,263,1206,78.1924
第15任總統副總統,在臺中市各投開票所,臺中市,　南屯區,三厝里,0846,48,329,605,982,15,997,0,997,258,1255,79.4422
第15任總統副總統,在臺中市各投開票所,臺中市,　南屯區,三厝里,0847,56,397,558,1011,15,1026,0,1026,270,1296,79.1667
第15任總統副總統,在臺中市各投開票所,臺中市,　南屯區,三厝里,0848,54,358,597,1009,10,1019,0,1019,292,1311,77.7269
第15任總統副總統,在臺中市各投開票所,臺中市,　南屯區,三厝里,0849,70,417,526,1013,12,1025,0,1025,293,1318,77.7693
第15任總統副總統,在臺中市各投開票所,臺中市,　南屯區,三厝里,0850,47,398,472,917,11,928,0,928,250,1178,78.7776
第15任總統副總統,在臺中市各投開票所,臺中市,　南屯區,三義里,0851,49,402,483,934,7,941,0,941,266,1207,77.9619
第15任總統副總統,在臺中市各投開票所,臺中市,　南屯區,三義里,0852,55,430,476,961,19,980,0,980,262,1242,78.9050
第15任總統副總統,在臺中市各投開票所,臺中市,　南屯區,三義里,0853,51,429,489,969,13,982,0,982,224,1206,81.4262
第15任總統副總統,在臺中市各投開票所,臺中市,　南屯區,三義里,0854,59,398,568,1025,9,1034,0,1034,256,1290,80.1550
第15任總統副總統,在臺中市各投開票所,臺中市,　南屯區,三義里,0855,51,374,486,911,5,916,0,916,268,1184,77.3649
第15任總統副總統,在臺中市各投開票所,臺中市,　南屯區,三和里,0856,70,453,531,1054,10,1064,0,1064,275,1339,79.4623
第15任總統副總統,在臺中市各投開票所,臺中市,　南屯區,三和里,0857,60,516,487,1063,11,1074,0,1074,266,1340,80.1493
第15任總統副總統,在臺中市各投開票所,臺中市,　南屯區,三和里,0858,57,470,549,1076,15,1091,0,1091,315,1406,77.5960
第15任總統副總統,在臺中市各投開票所,臺中市,　南屯區,三和里,0859,49,414,513,976,14,990,0,990,267,1257,78.7589
第15任總統副總統,在臺中市各投開票所,臺中市,　南屯區,三和里,0860,50,395,516,961,12,973,0,973,251,1224,79.4935
第15任總統副總統,在臺中市各投開票所,臺中市,　南屯區,三和里,0861,53,388,549,990,9,999,0,999,313,1312,76.1433
第15任總統副總統,在臺中市各投開票所,臺中市,　南屯區,黎明里,0862,29,412,317,758,10,768,0,768,171,939,81.7891
第15任總統副總統,在臺中市各投開票所,臺中市,　南屯區,黎明里,0863,36,399,357,792,10,802,0,802,269,1071,74.8833
第15任總統副總統,在臺中市各投開票所,臺中市,　南屯區,黎明里,0864,29,388,326,743,3,746,0,746,226,972,76.7490
第15任總統副總統,在臺中市各投開票所,臺中市,　南屯區,黎明里,0865,35,400,483,918,6,924,0,924,223,1147,80.5580
第15任總統副總統,在臺中市各投開票所,臺中市,　南屯區,溝墘里,0866,43,364,501,908,8,916,0,916,227,1143,80.1400
第15任總統副總統,在臺中市各投開票所,臺中市,　南屯區,溝墘里,0867,47,380,613,1040,13,1053,0,1053,275,1328,79.2922
第15任總統副總統,在臺中市各投開票所,臺中市,　南屯區,溝墘里,0868,55,411,619,1085,12,1097,0,1097,265,1362,80.5433
第15任總統副總統,在臺中市各投開票所,臺中市,　南屯區,溝墘里,0869,43,429,518,990,14,1004,0,1004,264,1268,79.1798
第15任總統副總統,在臺中市各投開票所,臺中市,　南屯區,大業里,0870,42,390,456,888,11,899,0,899,237,1136,79.1373
第15任總統副總統,在臺中市各投開票所,臺中市,　南屯區,大業里,0871,57,368,542,967,5,972,0,972,307,1279,75.9969
第15任總統副總統,在臺中市各投開票所,臺中市,　南屯區,大業里,0872,44,340,545,929,13,942,0,942,277,1219,77.2765
第15任總統副總統,在臺中市各投開票所,臺中市,　南屯區,大業里,0873,36,407,601,1044,5,1049,0,1049,298,1347,77.8768
第15任總統副總統,在臺中市各投開票所,臺中市,　南屯區,大業里,0874,49,435,545,1029,7,1036,0,1036,257,1293,80.1237
第15任總統副總統,在臺中市各投開票所,臺中市,　南屯區,惠中里,0875,55,443,638,1136,24,1160,0,1160,302,1462,79.3434
第15任總統副總統,在臺中市各投開票所,臺中市,　南屯區,惠中里,0876,52,427,588,1067,9,1076,0,1076,307,1383,77.8019
第15任總統副總統,在臺中市各投開票所,臺中市,　南屯區,惠中里,0877,63,437,513,1013,12,1025,0,1025,321,1346,76.1516
第15任總統副總統,在臺中市各投開票所,臺中市,　南屯區,惠中里,0878,60,425,607,1092,11,1103,0,1103,268,1371,80.4522
第15任總統副總統,在臺中市各投開票所,臺中市,　南屯區,惠中里,0879,66,430,598,1094,8,1102,0,1102,317,1419,77.6603
第15任總統副總統,在臺中市各投開票所,臺中市,　南屯區,田心里,0880,59,477,653,1189,10,1199,0,1199,278,1477,81.1781
第15任總統副總統,在臺中市各投開票所,臺中市,　南屯區,田心里,0881,54,384,709,1147,8,1155,0,1155,317,1472,78.4647
第15任總統副總統,在臺中市各投開票所,臺中市,　南屯區,田心里,0882,54,426,704,1184,13,1197,0,1197,339,1536,77.9297
第15任總統副總統,在臺中市各投開票所,臺中市,　南屯區,田心里,0883,81,376,668,1125,21,1146,0,1146,341,1487,77.0679
第15任總統副總統,在臺中市各投開票所,臺中市,　南屯區,向心里,0884,53,415,718,1186,16,1202,0,1202,331,1533,78.4083
第15任總統副總統,在臺中市各投開票所,臺中市,　南屯區,向心里,0885,60,490,623,1173,20,1193,0,1193,933,2126,56.1148
第15任總統副總統,在臺中市各投開票所,臺中市,　南屯區,向心里,0886,61,449,575,1085,13,1098,0,1098,366,1464,75.0000
第15任總統副總統,在臺中市各投開票所,臺中市,　南屯區,文心里,0887,60,375,489,924,14,938,0,938,251,1189,78.8898
第15任總統副總統,在臺中市各投開票所,臺中市,　南屯區,文心里,0888,47,379,570,996,22,1018,0,1018,337,1355,75.1292
第15任總統副總統,在臺中市各投開票所,臺中市,　南屯區,文心里,0889,40,327,478,845,9,854,0,854,229,1083,78.8550
第15任總統副總統,在臺中市各投開票所,臺中市,　南屯區,同心里,0890,52,489,546,1087,9,1096,0,1096,350,1446,75.7953
第15任總統副總統,在臺中市各投開票所,臺中市,　南屯區,同心里,0891,59,474,586,1119,18,1137,0,1137,319,1456,78.0907
第15任總統副總統,在臺中市各投開票所,臺中市,　南屯區,同心里,0892,39,256,459,754,3,757,0,757,238,995,76.0804
第15任總統副總統,在臺中市各投開票所,臺中市,　南屯區,同心里,0893,49,333,443,825,14,839,0,839,285,1124,74.6441
第15任總統副總統,在臺中市各投開票所,臺中市,　南屯區,大同里,0894,51,366,561,978,5,983,1,984,287,1271,77.3407
第15任總統副總統,在臺中市各投開票所,臺中市,　南屯區,大同里,0895,34,298,535,867,11,878,0,878,231,1109,79.1704
第15任總統副總統,在臺中市各投開票所,臺中市,　南屯區,大同里,0896,41,298,530,869,6,875,0,875,251,1126,77.7087
第15任總統副總統,在臺中市各投開票所,臺中市,　南屯區,大同里,0897,44,346,523,913,8,921,0,921,236,1157,79.6024
第15任總統副總統,在臺中市各投開票所,臺中市,　南屯區,大興里,0898,47,372,567,986,12,998,0,998,262,1260,79.2063
第15任總統副總統,在臺中市各投開票所,臺中市,　南屯區,大興里,0899,70,404,661,1135,16,1151,0,1151,355,1506,76.4276
第15任總統副總統,在臺中市各投開票所,臺中市,　南屯區,大興里,0900,55,416,673,1144,22,1166,1,1167,307,1474,79.1045
第15任總統副總統,在臺中市各投開票所,臺中市,　南屯區,大誠里,0901,54,339,472,865,5,870,0,870,231,1101,79.0191
第15任總統副總統,在臺中市各投開票所,臺中市,　南屯區,大誠里,0902,40,382,523,945,9,954,0,954,257,1211,78.7779
第15任總統副總統,在臺中市各投開票所,臺中市,　南屯區,大誠里,0903,37,329,491,857,7,864,0,864,259,1123,76.9368
第15任總統副總統,在臺中市各投開票所,臺中市,　北屯區,三光里,0904,42,402,471,915,12,927,0,927,210,1137,81.5303
第15任總統副總統,在臺中市各投開票所,臺中市,　北屯區,三光里,0905,51,346,473,870,8,878,0,878,298,1176,74.6599
第15任總統副總統,在臺中市各投開票所,臺中市,　北屯區,三光里,0906,41,347,420,808,12,820,0,820,348,1168,70.2055
第15任總統副總統,在臺中市各投開票所,臺中市,　北屯區,三光里,0907,50,362,459,871,8,879,0,879,248,1127,77.9947
第15任總統副總統,在臺中市各投開票所,臺中市,　北屯區,三光里,0908,49,319,493,861,10,871,0,871,267,1138,76.5378
第15任總統副總統,在臺中市各投開票所,臺中市,　北屯區,三光里,0909,33,375,438,846,12,858,0,858,225,1083,79.2244
第15任總統副總統,在臺中市各投開票所,臺中市,　北屯區,三和里,0910,44,432,551,1027,8,1035,0,1035,324,1359,76.1589
第15任總統副總統,在臺中市各投開票所,臺中市,　北屯區,三和里,0911,36,399,540,975,8,983,0,983,332,1315,74.7529
第15任總統副總統,在臺中市各投開票所,臺中市,　北屯區,三和里,0912,42,391,467,900,21,921,0,921,205,1126,81.7940
第15任總統副總統,在臺中市各投開票所,臺中市,　北屯區,三和里,0913,39,330,327,696,9,705,0,705,228,933,75.5627
第15任總統副總統,在臺中市各投開票所,臺中市,　北屯區,三和里,0914,26,244,378,648,5,653,0,653,179,832,78.4856
第15任總統副總統,在臺中市各投開票所,臺中市,　北屯區,大坑里,0915,26,243,493,762,13,775,0,775,242,1017,76.2045
第15任總統副總統,在臺中市各投開票所,臺中市,　北屯區,大坑里,0916,43,326,413,782,12,794,0,794,253,1047,75.8357
第15任總統副總統,在臺中市各投開票所,臺中市,　北屯區,大德里,0917,55,411,523,989,13,1002,0,1002,320,1322,75.7943
第15任總統副總統,在臺中市各投開票所,臺中市,　北屯區,大德里,0918,41,333,409,783,9,792,0,792,222,1014,78.1065
第15任總統副總統,在臺中市各投開票所,臺中市,　北屯區,大德里,0919,49,488,461,998,13,1011,0,1011,269,1280,78.9844
第15任總統副總統,在臺中市各投開票所,臺中市,　北屯區,大德里,0920,35,464,423,922,7,929,0,929,247,1176,78.9966
第15任總統副總統,在臺中市各投開票所,臺中市,　北屯區,仁和里,0921,40,332,467,839,8,847,0,847,206,1053,80.4368
第15任總統副總統,在臺中市各投開票所,臺中市,　北屯區,仁和里,0922,50,371,467,888,6,894,0,894,290,1184,75.5068
第15任總統副總統,在臺中市各投開票所,臺中市,　北屯區,仁和里,0923,17,199,191,407,2,409,0,409,1371,1780,22.9775
第15任總統副總統,在臺中市各投開票所,臺中市,　北屯區,仁和里,0924,39,307,542,888,11,899,0,899,246,1145,78.5153
第15任總統副總統,在臺中市各投開票所,臺中市,　北屯區,仁和里,0925,33,418,480,931,9,940,0,940,259,1199,78.3987
第15任總統副總統,在臺中市各投開票所,臺中市,　北屯區,仁和里,0926,64,360,524,948,16,964,0,964,264,1228,78.5016
第15任總統副總統,在臺中市各投開票所,臺中市,　北屯區,仁和里,0927,51,421,527,999,7,1006,0,1006,222,1228,81.9218
第15任總統副總統,在臺中市各投開票所,臺中市,　北屯區,仁美里,0928,35,301,414,750,9,759,0,759,237,996,76.2048
第15任總統副總統,在臺中市各投開票所,臺中市,　北屯區,仁美里,0929,44,337,406,787,9,796,0,796,263,1059,75.1653
第15任總統副總統,在臺中市各投開票所,臺中市,　北屯區,仁美里,0930,44,406,505,955,10,965,0,965,241,1206,80.0166
第15任總統副總統,在臺中市各投開票所,臺中市,　北屯區,仁美里,0931,58,323,525,906,9,915,0,915,299,1214,75.3707
第15任總統副總統,在臺中市各投開票所,臺中市,　北屯區,仁美里,0932,50,337,546,933,11,944,0,944,264,1208,78.1457
第15任總統副總統,在臺中市各投開票所,臺中市,　北屯區,仁美里,0933,68,404,616,1088,13,1101,0,1101,289,1390,79.2086
第15任總統副總統,在臺中市各投開票所,臺中市,　北屯區,仁美里,0934,42,310,443,795,5,800,0,800,226,1026,77.9727
第15任總統副總統,在臺中市各投開票所,臺中市,　北屯區,仁愛里,0935,58,335,390,783,11,794,0,794,255,1049,75.6911
第15任總統副總統,在臺中市各投開票所,臺中市,　北屯區,水景里,0936,50,370,539,959,8,967,0,967,251,1218,79.3924
第15任總統副總統,在臺中市各投開票所,臺中市,　北屯區,水景里,0937,37,332,515,884,10,894,0,894,226,1120,79.8214
第15任總統副總統,在臺中市各投開票所,臺中市,　北屯區,水景里,0938,44,370,521,935,9,944,0,944,287,1231,76.6856
第15任總統副總統,在臺中市各投開票所,臺中市,　北屯區,水景里,0939,41,374,544,959,14,973,0,973,241,1214,80.1483
第15任總統副總統,在臺中市各投開票所,臺中市,　北屯區,水景里,0940,41,318,552,911,8,919,0,919,248,1167,78.7489
第15任總統副總統,在臺中市各投開票所,臺中市,　北屯區,水景里,0941,46,331,552,929,10,939,0,939,265,1204,77.9900
第15任總統副總統,在臺中市各投開票所,臺中市,　北屯區,水景里,0942,53,367,567,987,11,998,0,998,280,1278,78.0908
第15任總統副總統,在臺中市各投開票所,臺中市,　北屯區,水景里,0943,47,349,495,891,11,902,0,902,295,1197,75.3551
第15任總統副總統,在臺中市各投開票所,臺中市,　北屯區,水景里,0944,42,329,541,912,6,918,0,918,284,1202,76.3727
第15任總統副總統,在臺中市各投開票所,臺中市,　北屯區,水景里,0945,34,347,488,869,12,881,0,881,262,1143,77.0779
第15任總統副總統,在臺中市各投開票所,臺中市,　北屯區,水景里,0946,34,274,435,743,14,757,0,757,239,996,76.0040
第15任總統副總統,在臺中市各投開票所,臺中市,　北屯區,水湳里,0947,40,450,474,964,10,974,0,974,330,1304,74.6933
第15任總統副總統,在臺中市各投開票所,臺中市,　北屯區,水湳里,0948,64,396,498,958,6,964,0,964,299,1263,76.3262
第15任總統副總統,在臺中市各投開票所,臺中市,　北屯區,水湳里,0949,47,394,524,965,6,971,0,971,267,1238,78.4330
第15任總統副總統,在臺中市各投開票所,臺中市,　北屯區,水湳里,0950,45,431,559,1035,13,1048,0,1048,346,1394,75.1793
第15任總統副總統,在臺中市各投開票所,臺中市,　北屯區,水湳里,0951,41,376,534,951,12,963,0,963,306,1269,75.8865
第15任總統副總統,在臺中市各投開票所,臺中市,　北屯區,北屯里,0952,29,354,490,873,7,880,0,880,293,1173,75.0213
第15任總統副總統,在臺中市各投開票所,臺中市,　北屯區,北屯里,0953,25,362,422,809,8,817,0,817,235,1052,77.6616
第15任總統副總統,在臺中市各投開票所,臺中市,　北屯區,北屯里,0954,35,364,434,833,3,836,0,836,265,1101,75.9310
第15任總統副總統,在臺中市各投開票所,臺中市,　北屯區,北京里,0955,29,289,483,801,6,807,0,807,245,1052,76.7110
第15任總統副總統,在臺中市各投開票所,臺中市,　北屯區,北京里,0956,27,242,370,639,6,645,0,645,221,866,74.4804
第15任總統副總統,在臺中市各投開票所,臺中市,　北屯區,北京里,0957,42,361,488,891,9,900,0,900,257,1157,77.7874
第15任總統副總統,在臺中市各投開票所,臺中市,　北屯區,北興里,0958,52,264,377,693,8,701,0,701,240,941,74.4952
第15任總統副總統,在臺中市各投開票所,臺中市,　北屯區,北興里,0959,41,384,467,892,13,905,0,905,257,1162,77.8830
第15任總統副總統,在臺中市各投開票所,臺中市,　北屯區,北興里,0960,49,347,434,830,9,839,0,839,238,1077,77.9016
第15任總統副總統,在臺中市各投開票所,臺中市,　北屯區,四民里,0961,58,456,695,1209,18,1227,0,1227,294,1521,80.6706
第15任總統副總統,在臺中市各投開票所,臺中市,　北屯區,平心里,0962,46,330,479,855,5,860,0,860,278,1138,75.5712
第15任總統副總統,在臺中市各投開票所,臺中市,　北屯區,平心里,0963,45,385,435,865,2,867,0,867,253,1120,77.4107
第15任總統副總統,在臺中市各投開票所,臺中市,　北屯區,平心里,0964,50,363,451,864,7,871,0,871,291,1162,74.9570
第15任總統副總統,在臺中市各投開票所,臺中市,　北屯區,平心里,0965,37,363,478,878,5,883,0,883,303,1186,74.4519
第15任總統副總統,在臺中市各投開票所,臺中市,　北屯區,平田里,0966,47,330,359,736,12,748,0,748,275,1023,73.1183
第15任總統副總統,在臺中市各投開票所,臺中市,　北屯區,平田里,0967,45,358,551,954,7,961,0,961,241,1202,79.9501
第15任總統副總統,在臺中市各投開票所,臺中市,　北屯區,平田里,0968,27,289,440,756,12,768,0,768,219,987,77.8116
第15任總統副總統,在臺中市各投開票所,臺中市,　北屯區,平田里,0969,35,341,454,830,12,842,0,842,305,1147,73.4089
第15任總統副總統,在臺中市各投開票所,臺中市,　北屯區,平田里,0970,50,388,428,866,6,872,0,872,274,1146,76.0908
第15任總統副總統,在臺中市各投開票所,臺中市,　北屯區,平安里,0971,40,362,443,845,8,853,0,853,279,1132,75.3534
第15任總統副總統,在臺中市各投開票所,臺中市,　北屯區,平安里,0972,41,353,551,945,14,959,0,959,286,1245,77.0281
第15任總統副總統,在臺中市各投開票所,臺中市,　北屯區,平安里,0973,38,409,484,931,12,943,0,943,366,1309,72.0397
第15任總統副總統,在臺中市各投開票所,臺中市,　北屯區,平安里,0974,56,403,612,1071,11,1082,0,1082,266,1348,80.2671
第15任總統副總統,在臺中市各投開票所,臺中市,　北屯區,平和里,0975,43,364,508,915,4,919,0,919,286,1205,76.2656
第15任總統副總統,在臺中市各投開票所,臺中市,　北屯區,平和里,0976,44,398,453,895,8,903,0,903,265,1168,77.3116
第15任總統副總統,在臺中市各投開票所,臺中市,　北屯區,平和里,0977,50,401,532,983,12,995,0,995,301,1296,76.7747
第15任總統副總統,在臺中市各投開票所,臺中市,　北屯區,平和里,0978,43,384,457,884,10,894,0,894,329,1223,73.0989
第15任總統副總統,在臺中市各投開票所,臺中市,　北屯區,平昌里,0979,34,328,422,784,16,800,0,800,282,1082,73.9372
第15任總統副總統,在臺中市各投開票所,臺中市,　北屯區,平昌里,0980,20,349,397,766,12,778,0,778,246,1024,75.9766
第15任總統副總統,在臺中市各投開票所,臺中市,　北屯區,平昌里,0981,37,406,482,925,9,934,0,934,259,1193,78.2900
第15任總統副總統,在臺中市各投開票所,臺中市,　北屯區,平昌里,0982,33,315,432,780,10,790,0,790,257,1047,75.4537
第15任總統副總統,在臺中市各投開票所,臺中市,　北屯區,平陽里,0983,43,351,458,852,3,855,0,855,251,1106,77.3056
第15任總統副總統,在臺中市各投開票所,臺中市,　北屯區,平陽里,0984,47,413,506,966,10,976,0,976,316,1292,75.5418
第15任總統副總統,在臺中市各投開票所,臺中市,　北屯區,平陽里,0985,51,329,465,845,4,849,0,849,287,1136,74.7359
第15任總統副總統,在臺中市各投開票所,臺中市,　北屯區,平陽里,0986,45,390,495,930,8,938,0,938,254,1192,78.6913
第15任總統副總統,在臺中市各投開票所,臺中市,　北屯區,平順里,0987,43,324,475,842,8,850,0,850,205,1055,80.5687
第15任總統副總統,在臺中市各投開票所,臺中市,　北屯區,平順里,0988,38,259,393,690,8,698,0,698,251,949,73.5511
第15任總統副總統,在臺中市各投開票所,臺中市,　北屯區,平順里,0989,38,305,478,821,8,829,1,830,275,1105,75.0226
第15任總統副總統,在臺中市各投開票所,臺中市,　北屯區,平福里,0990,48,407,477,932,7,939,0,939,250,1189,78.9739
第15任總統副總統,在臺中市各投開票所,臺中市,　北屯區,平福里,0991,45,419,407,871,11,882,0,882,287,1169,75.4491
第15任總統副總統,在臺中市各投開票所,臺中市,　北屯區,平福里,0992,52,392,494,938,6,944,0,944,250,1194,79.0620
第15任總統副總統,在臺中市各投開票所,臺中市,　北屯區,平德里,0993,55,348,549,952,17,969,0,969,316,1285,75.4086
第15任總統副總統,在臺中市各投開票所,臺中市,　北屯區,平德里,0994,44,413,527,984,9,993,0,993,290,1283,77.3967
第15任總統副總統,在臺中市各投開票所,臺中市,　北屯區,平德里,0995,50,399,496,945,5,950,0,950,354,1304,72.8528
第15任總統副總統,在臺中市各投開票所,臺中市,　北屯區,平德里,0996,48,367,492,907,13,920,0,920,265,1185,77.6371
第15任總統副總統,在臺中市各投開票所,臺中市,　北屯區,平德里,0997,41,308,386,735,6,741,0,741,227,968,76.5496
第15任總統副總統,在臺中市各投開票所,臺中市,　北屯區,平興里,0998,54,415,558,1027,8,1035,0,1035,367,1402,73.8231
第15任總統副總統,在臺中市各投開票所,臺中市,　北屯區,平興里,0999,68,407,567,1042,17,1059,0,1059,330,1389,76.2419
第15任總統副總統,在臺中市各投開票所,臺中市,　北屯區,平興里,1000,40,314,594,948,13,961,0,961,289,1250,76.8800
第15任總統副總統,在臺中市各投開票所,臺中市,　北屯區,平興里,1001,48,378,508,934,11,945,0,945,308,1253,75.4190
第15任總統副總統,在臺中市各投開票所,臺中市,　北屯區,平興里,1002,52,451,400,903,11,914,0,914,290,1204,75.9136
第15任總統副總統,在臺中市各投開票所,臺中市,　北屯區,民政里,1003,24,274,412,710,9,719,0,719,256,975,73.7436
第15任總統副總統,在臺中市各投開票所,臺中市,　北屯區,民德里,1004,33,239,383,655,9,664,0,664,220,884,75.1131
第15任總統副總統,在臺中市各投開票所,臺中市,　北屯區,同榮里,1005,64,448,683,1195,8,1203,0,1203,302,1505,79.9336
第15任總統副總統,在臺中市各投開票所,臺中市,　北屯區,同榮里,1006,65,391,466,922,9,931,0,931,220,1151,80.8862
第15任總統副總統,在臺中市各投開票所,臺中市,　北屯區,同榮里,1007,52,417,454,923,13,936,1,937,296,1233,75.9124
第15任總統副總統,在臺中市各投開票所,臺中市,　北屯區,同榮里,1008,42,392,507,941,10,951,0,951,265,1216,78.2072
第15任總統副總統,在臺中市各投開票所,臺中市,　北屯區,后庄里,1009,57,426,459,942,9,951,0,951,284,1235,77.0040
第15任總統副總統,在臺中市各投開票所,臺中市,　北屯區,后庄里,1010,54,329,376,759,12,771,0,771,235,1006,76.6402
第15任總統副總統,在臺中市各投開票所,臺中市,　北屯區,后庄里,1011,39,460,492,991,13,1004,0,1004,209,1213,82.7700
第15任總統副總統,在臺中市各投開票所,臺中市,　北屯區,后庄里,1012,36,385,470,891,10,901,0,901,292,1193,75.5239
第15任總統副總統,在臺中市各投開票所,臺中市,　北屯區,后庄里,1013,45,436,436,917,19,936,0,936,266,1202,77.8702
第15任總統副總統,在臺中市各投開票所,臺中市,　北屯區,后庄里,1014,40,392,453,885,5,890,0,890,265,1155,77.0563
第15任總統副總統,在臺中市各投開票所,臺中市,　北屯區,后庄里,1015,46,446,492,984,9,993,0,993,288,1281,77.5176
第15任總統副總統,在臺中市各投開票所,臺中市,　北屯區,后庄里,1016,45,493,433,971,7,978,0,978,291,1269,77.0686
第15任總統副總統,在臺中市各投開票所,臺中市,　北屯區,和平里,1017,62,442,664,1168,21,1189,3,1192,331,1523,78.0696
第15任總統副總統,在臺中市各投開票所,臺中市,　北屯區,和平里,1018,36,286,559,881,10,891,0,891,285,1176,75.7653
第15任總統副總統,在臺中市各投開票所,臺中市,　北屯區,和平里,1019,44,401,542,987,11,998,0,998,286,1284,77.7259
第15任總統副總統,在臺中市各投開票所,臺中市,　北屯區,和平里,1020,54,413,616,1083,9,1092,0,1092,367,1459,74.8458
第15任總統副總統,在臺中市各投開票所,臺中市,　北屯區,和平里,1021,53,364,535,952,9,961,0,961,278,1239,77.5626
第15任總統副總統,在臺中市各投開票所,臺中市,　北屯區,和平里,1022,56,343,477,876,8,884,0,884,311,1195,73.9749
第15任總統副總統,在臺中市各投開票所,臺中市,　北屯區,和平里,1023,48,348,536,932,4,936,0,936,290,1226,76.3458
第15任總統副總統,在臺中市各投開票所,臺中市,　北屯區,和平里,1024,44,353,606,1003,16,1019,0,1019,330,1349,75.5374
第15任總統副總統,在臺中市各投開票所,臺中市,　北屯區,忠平里,1025,40,502,445,987,17,1004,0,1004,291,1295,77.5290
第15任總統副總統,在臺中市各投開票所,臺中市,　北屯區,忠平里,1026,55,513,546,1114,8,1122,0,1122,296,1418,79.1255
第15任總統副總統,在臺中市各投開票所,臺中市,　北屯區,忠平里,1027,41,393,408,842,5,847,0,847,231,1078,78.5714
第15任總統副總統,在臺中市各投開票所,臺中市,　北屯區,東山里,1028,42,279,567,888,13,901,0,901,244,1145,78.6900
第15任總統副總統,在臺中市各投開票所,臺中市,　北屯區,東山里,1029,35,225,401,661,6,667,0,667,186,853,78.1946
第15任總統副總統,在臺中市各投開票所,臺中市,　北屯區,東光里,1030,35,291,469,795,6,801,0,801,264,1065,75.2113
第15任總統副總統,在臺中市各投開票所,臺中市,　北屯區,東光里,1031,37,206,429,672,6,678,0,678,250,928,73.0603
第15任總統副總統,在臺中市各投開票所,臺中市,　北屯區,東光里,1032,45,363,520,928,9,937,0,937,248,1185,79.0717
第15任總統副總統,在臺中市各投開票所,臺中市,　北屯區,東光里,1033,41,399,477,917,8,925,0,925,338,1263,73.2383
第15任總統副總統,在臺中市各投開票所,臺中市,　北屯區,松安里,1034,44,302,498,844,7,851,0,851,262,1113,76.4600
第15任總統副總統,在臺中市各投開票所,臺中市,　北屯區,松安里,1035,35,309,456,800,10,810,0,810,307,1117,72.5157
第15任總統副總統,在臺中市各投開票所,臺中市,　北屯區,松安里,1036,50,386,560,996,7,1003,0,1003,283,1286,77.9938
第15任總統副總統,在臺中市各投開票所,臺中市,　北屯區,松安里,1037,34,383,514,931,10,941,0,941,249,1190,79.0756
第15任總統副總統,在臺中市各投開票所,臺中市,　北屯區,松竹里,1038,37,371,464,872,5,877,0,877,243,1120,78.3036
第15任總統副總統,在臺中市各投開票所,臺中市,　北屯區,松竹里,1039,37,398,377,812,12,824,0,824,244,1068,77.1536
第15任總統副總統,在臺中市各投開票所,臺中市,　北屯區,松竹里,1040,35,329,502,866,8,874,0,874,264,1138,76.8014
第15任總統副總統,在臺中市各投開票所,臺中市,　北屯區,松竹里,1041,23,324,458,805,15,820,0,820,220,1040,78.8462
第15任總統副總統,在臺中市各投開票所,臺中市,　北屯區,松竹里,1042,47,456,542,1045,12,1057,0,1057,310,1367,77.3226
第15任總統副總統,在臺中市各投開票所,臺中市,　北屯區,松竹里,1043,45,441,479,965,11,976,0,976,296,1272,76.7296
第15任總統副總統,在臺中市各投開票所,臺中市,　北屯區,松竹里,1044,58,336,455,849,5,854,0,854,228,1082,78.9279
第15任總統副總統,在臺中市各投開票所,臺中市,　北屯區,松和里,1045,29,343,530,902,12,914,0,914,340,1254,72.8868
第15任總統副總統,在臺中市各投開票所,臺中市,　北屯區,松和里,1046,60,342,463,865,11,876,0,876,312,1188,73.7374
第15任總統副總統,在臺中市各投開票所,臺中市,　北屯區,松和里,1047,52,357,476,885,12,897,0,897,351,1248,71.8750
第15任總統副總統,在臺中市各投開票所,臺中市,　北屯區,松和里,1048,36,408,512,956,11,967,0,967,308,1275,75.8431
第15任總統副總統,在臺中市各投開票所,臺中市,　北屯區,松和里,1049,49,394,462,905,2,907,0,907,342,1249,72.6181
第15任總統副總統,在臺中市各投開票所,臺中市,　北屯區,松勇里,1050,44,349,510,903,12,915,0,915,323,1238,73.9095
第15任總統副總統,在臺中市各投開票所,臺中市,　北屯區,松勇里,1051,43,388,550,981,12,993,0,993,248,1241,80.0161
第15任總統副總統,在臺中市各投開票所,臺中市,　北屯區,松勇里,1052,47,386,505,938,20,958,0,958,272,1230,77.8862
第15任總統副總統,在臺中市各投開票所,臺中市,　北屯區,松勇里,1053,50,464,547,1061,10,1071,0,1071,269,1340,79.9254
第15任總統副總統,在臺中市各投開票所,臺中市,　北屯區,松茂里,1054,52,439,446,937,10,947,0,947,308,1255,75.4582
第15任總統副總統,在臺中市各投開票所,臺中市,　北屯區,松茂里,1055,49,420,484,953,7,960,0,960,359,1319,72.7824
第15任總統副總統,在臺中市各投開票所,臺中市,　北屯區,松茂里,1056,54,437,463,954,8,962,0,962,290,1252,76.8371
第15任總統副總統,在臺中市各投開票所,臺中市,　北屯區,松茂里,1057,36,419,509,964,15,979,0,979,332,1311,74.6758
第15任總統副總統,在臺中市各投開票所,臺中市,　北屯區,松強里,1058,35,370,501,906,8,914,0,914,305,1219,74.9795
第15任總統副總統,在臺中市各投開票所,臺中市,　北屯區,松強里,1059,51,387,531,969,13,982,0,982,302,1284,76.4798
第15任總統副總統,在臺中市各投開票所,臺中市,　北屯區,松強里,1060,46,378,551,975,12,987,0,987,335,1322,74.6596
第15任總統副總統,在臺中市各投開票所,臺中市,　北屯區,松強里,1061,45,392,475,912,12,924,0,924,270,1194,77.3869
第15任總統副總統,在臺中市各投開票所,臺中市,　北屯區,松強里,1062,54,399,584,1037,10,1047,0,1047,274,1321,79.2581
第15任總統副總統,在臺中市各投開票所,臺中市,　北屯區,軍功里,1063,39,294,530,863,8,871,0,871,253,1124,77.4911
第15任總統副總統,在臺中市各投開票所,臺中市,　北屯區,軍功里,1064,47,373,510,930,8,938,0,938,211,1149,81.6362
第15任總統副總統,在臺中市各投開票所,臺中市,　北屯區,軍功里,1065,44,365,546,955,9,964,0,964,265,1229,78.4378
第15任總統副總統,在臺中市各投開票所,臺中市,　北屯區,軍功里,1066,54,327,488,869,13,882,0,882,275,1157,76.2316
第15任總統副總統,在臺中市各投開票所,臺中市,　北屯區,軍功里,1067,39,392,488,919,6,925,0,925,278,1203,76.8911
第15任總統副總統,在臺中市各投開票所,臺中市,　北屯區,軍功里,1068,40,333,540,913,10,923,0,923,246,1169,78.9564
第15任總統副總統,在臺中市各投開票所,臺中市,　北屯區,軍功里,1069,61,355,595,1011,13,1024,0,1024,256,1280,80.0000
第15任總統副總統,在臺中市各投開票所,臺中市,　北屯區,軍功里,1070,53,374,514,941,15,956,0,956,216,1172,81.5700
第15任總統副總統,在臺中市各投開票所,臺中市,　北屯區,軍功里,1071,40,284,499,823,9,832,0,832,234,1066,78.0488
第15任總統副總統,在臺中市各投開票所,臺中市,　北屯區,軍功里,1072,42,251,605,898,15,913,0,913,301,1214,75.2059
第15任總統副總統,在臺中市各投開票所,臺中市,　北屯區,陳平里,1073,45,348,450,843,8,851,0,851,277,1128,75.4433
第15任總統副總統,在臺中市各投開票所,臺中市,　北屯區,陳平里,1074,42,296,490,828,10,838,0,838,294,1132,74.0283
第15任總統副總統,在臺中市各投開票所,臺中市,　北屯區,陳平里,1075,42,338,446,826,5,831,0,831,212,1043,79.6740
第15任總統副總統,在臺中市各投開票所,臺中市,　北屯區,陳平里,1076,54,427,403,884,10,894,0,894,261,1155,77.4026
第15任總統副總統,在臺中市各投開票所,臺中市,　北屯區,新平里,1077,59,475,482,1016,13,1029,0,1029,403,1432,71.8575
第15任總統副總統,在臺中市各投開票所,臺中市,　北屯區,新平里,1078,42,442,413,897,7,904,0,904,304,1208,74.8344
第15任總統副總統,在臺中市各投開票所,臺中市,　北屯區,新平里,1079,54,467,527,1048,10,1058,0,1058,397,1455,72.7148
第15任總統副總統,在臺中市各投開票所,臺中市,　北屯區,廍子里,1080,91,500,745,1336,14,1350,0,1350,399,1749,77.1870
第15任總統副總統,在臺中市各投開票所,臺中市,　北屯區,廍子里,1081,74,446,707,1227,7,1234,0,1234,311,1545,79.8706
第15任總統副總統,在臺中市各投開票所,臺中市,　北屯區,廍子里,1082,48,316,503,867,6,873,0,873,253,1126,77.5311
第15任總統副總統,在臺中市各投開票所,臺中市,　北屯區,廍子里,1083,39,362,500,901,2,903,0,903,282,1185,76.2025
第15任總統副總統,在臺中市各投開票所,臺中市,　北屯區,廍子里,1084,66,371,532,969,14,983,0,983,298,1281,76.7369
第15任總統副總統,在臺中市各投開票所,臺中市,　北屯區,廍子里,1085,67,443,661,1171,19,1190,0,1190,334,1524,78.0840
第15任總統副總統,在臺中市各投開票所,臺中市,　北屯區,廍子里,1086,42,429,637,1108,12,1120,1,1121,353,1474,75.9837
第15任總統副總統,在臺中市各投開票所,臺中市,　北屯區,廍子里,1087,39,460,603,1102,11,1113,1,1114,324,1438,77.3992
第15任總統副總統,在臺中市各投開票所,臺中市,　北屯區,舊社里,1088,50,427,608,1085,12,1097,0,1097,335,1432,76.6061
第15任總統副總統,在臺中市各投開票所,臺中市,　北屯區,舊社里,1089,30,225,307,562,4,566,0,566,185,751,75.3662
第15任總統副總統,在臺中市各投開票所,臺中市,　北屯區,舊社里,1090,61,420,540,1021,8,1029,0,1029,339,1368,75.2193
第15任總統副總統,在臺中市各投開票所,臺中市,　北屯區,舊社里,1091,44,353,493,890,3,893,0,893,260,1153,77.4501
第15任總統副總統,在臺中市各投開票所,臺中市,　北屯區,舊社里,1092,34,328,430,792,7,799,0,799,254,1053,75.8784
第15任總統副總統,在臺中市各投開票所,臺中市,　豐原區,豐原里,1654,28,282,387,697,6,703,0,703,251,954,73.6897
第15任總統副總統,在臺中市各投開票所,臺中市,　豐原區,豐原里,1655,43,475,497,1015,13,1028,0,1028,287,1315,78.1749
第15任總統副總統,在臺中市各投開票所,臺中市,　豐原區,豐榮里,1656,40,280,506,826,11,837,0,837,257,1094,76.5082
第15任總統副總統,在臺中市各投開票所,臺中市,　豐原區,頂街里,1657,30,231,457,718,5,723,0,723,207,930,77.7419
第15任總統副總統,在臺中市各投開票所,臺中市,　豐原區,中山里,1658,28,222,402,652,7,659,0,659,149,808,81.5594
第15任總統副總統,在臺中市各投開票所,臺中市,　豐原區,下街里,1659,38,205,313,556,2,558,0,558,167,725,76.9655
第15任總統副總統,在臺中市各投開票所,臺中市,　豐原區,中陽里,1660,52,350,622,1024,9,1033,0,1033,262,1295,79.7683
第15任總統副總統,在臺中市各投開票所,臺中市,　豐原區,中陽里,1661,42,365,575,982,12,994,0,994,237,1231,80.7474
第15任總統副總統,在臺中市各投開票所,臺中市,　豐原區,中陽里,1662,41,413,628,1082,13,1095,0,1095,260,1355,80.8118
第15任總統副總統,在臺中市各投開票所,臺中市,　豐原區,中陽里,1663,43,284,432,759,9,768,0,768,200,968,79.3388
第15任總統副總統,在臺中市各投開票所,臺中市,　豐原區,大湳里,1664,43,283,482,808,14,822,0,822,283,1105,74.3891
第15任總統副總統,在臺中市各投開票所,臺中市,　豐原區,大湳里,1665,56,362,609,1027,9,1036,0,1036,294,1330,77.8947
第15任總統副總統,在臺中市各投開票所,臺中市,　豐原區,北湳里,1666,51,417,606,1074,17,1091,0,1091,307,1398,78.0401
第15任總統副總統,在臺中市各投開票所,臺中市,　豐原區,北湳里,1667,54,436,623,1113,10,1123,0,1123,337,1460,76.9178
第15任總統副總統,在臺中市各投開票所,臺中市,　豐原區,東湳里,1668,44,307,749,1100,10,1110,0,1110,317,1427,77.7856
第15任總統副總統,在臺中市各投開票所,臺中市,　豐原區,東湳里,1669,59,322,672,1053,10,1063,0,1063,274,1337,79.5064
第15任總統副總統,在臺中市各投開票所,臺中市,　豐原區,東湳里,1670,46,303,545,894,11,905,0,905,212,1117,81.0206
第15任總統副總統,在臺中市各投開票所,臺中市,　豐原區,西湳里,1671,64,325,728,1117,9,1126,0,1126,285,1411,79.8016
第15任總統副總統,在臺中市各投開票所,臺中市,　豐原區,西湳里,1672,62,340,699,1101,12,1113,0,1113,270,1383,80.4772
第15任總統副總統,在臺中市各投開票所,臺中市,　豐原區,西湳里,1673,36,345,738,1119,16,1135,0,1135,326,1461,77.6865
第15任總統副總統,在臺中市各投開票所,臺中市,　豐原區,西湳里,1674,53,390,630,1073,17,1090,0,1090,280,1370,79.5620
第15任總統副總統,在臺中市各投開票所,臺中市,　豐原區,西湳里,1675,61,429,754,1244,10,1254,0,1254,298,1552,80.7990
第15任總統副總統,在臺中市各投開票所,臺中市,　豐原區,西湳里,1676,49,360,694,1103,13,1116,0,1116,336,1452,76.8595
第15任總統副總統,在臺中市各投開票所,臺中市,　豐原區,豐西里,1677,82,446,690,1218,6,1224,0,1224,370,1594,76.7880
第15任總統副總統,在臺中市各投開票所,臺中市,　豐原區,圳寮里,1678,48,325,628,1001,8,1009,0,1009,211,1220,82.7049
第15任總統副總統,在臺中市各投開票所,臺中市,　豐原區,豐圳里,1679,60,371,520,951,14,965,0,965,219,1184,81.5034
第15任總統副總統,在臺中市各投開票所,臺中市,　豐原區,豐圳里,1680,42,304,473,819,11,830,0,830,196,1026,80.8967
第15任總統副總統,在臺中市各投開票所,臺中市,　豐原區,豐圳里,1681,41,311,472,824,12,836,0,836,219,1055,79.2417
第15任總統副總統,在臺中市各投開票所,臺中市,　豐原區,富春里,1682,23,199,361,583,4,587,0,587,126,713,82.3282
第15任總統副總統,在臺中市各投開票所,臺中市,　豐原區,葫蘆里,1683,26,147,302,475,6,481,0,481,128,609,78.9819
第15任總統副總統,在臺中市各投開票所,臺中市,　豐原區,西安里,1684,40,323,541,904,13,917,0,917,182,1099,83.4395
第15任總統副總統,在臺中市各投開票所,臺中市,　豐原區,西安里,1685,51,318,577,946,7,953,0,953,296,1249,76.3010
第15任總統副總統,在臺中市各投開票所,臺中市,　豐原區,西安里,1686,44,343,561,948,11,959,0,959,273,1232,77.8409
第15任總統副總統,在臺中市各投開票所,臺中市,　豐原區,西安里,1687,37,342,576,955,7,962,0,962,239,1201,80.0999
第15任總統副總統,在臺中市各投開票所,臺中市,　豐原區,西勢里,1688,40,395,580,1015,16,1031,0,1031,217,1248,82.6122
第15任總統副總統,在臺中市各投開票所,臺中市,　豐原區,西勢里,1689,22,266,386,674,6,680,0,680,190,870,78.1609
第15任總統副總統,在臺中市各投開票所,臺中市,　豐原區,中興里,1690,50,418,592,1060,17,1077,0,1077,313,1390,77.4820
第15任總統副總統,在臺中市各投開票所,臺中市,　豐原區,中興里,1691,55,498,604,1157,17,1174,0,1174,290,1464,80.1913
第15任總統副總統,在臺中市各投開票所,臺中市,　豐原區,社皮里,1692,47,307,580,934,10,944,0,944,281,1225,77.0612
第15任總統副總統,在臺中市各投開票所,臺中市,　豐原區,社皮里,1693,48,413,571,1032,10,1042,0,1042,319,1361,76.5614
第15任總統副總統,在臺中市各投開票所,臺中市,　豐原區,社皮里,1694,48,373,601,1022,12,1034,0,1034,349,1383,74.7650
第15任總統副總統,在臺中市各投開票所,臺中市,　豐原區,社皮里,1695,44,346,558,948,17,965,0,965,433,1398,69.0272
第15任總統副總統,在臺中市各投開票所,臺中市,　豐原區,社皮里,1696,59,422,595,1076,11,1087,0,1087,342,1429,76.0672
第15任總統副總統,在臺中市各投開票所,臺中市,　豐原區,社皮里,1697,51,350,672,1073,13,1086,0,1086,278,1364,79.6188
第15任總統副總統,在臺中市各投開票所,臺中市,　豐原區,社皮里,1698,44,386,727,1157,11,1168,0,1168,286,1454,80.3301
第15任總統副總統,在臺中市各投開票所,臺中市,　豐原區,三村里,1699,43,327,516,886,10,896,1,897,213,1110,80.7207
第15任總統副總統,在臺中市各投開票所,臺中市,　豐原區,三村里,1700,44,321,502,867,9,876,0,876,248,1124,77.9359
第15任總統副總統,在臺中市各投開票所,臺中市,　豐原區,三村里,1701,39,316,584,939,12,951,0,951,248,1199,79.3161
第15任總統副總統,在臺中市各投開票所,臺中市,　豐原區,三村里,1702,44,373,620,1037,15,1052,0,1052,308,1360,77.3529
第15任總統副總統,在臺中市各投開票所,臺中市,　豐原區,三村里,1703,63,347,556,966,12,978,0,978,280,1258,77.7424
第15任總統副總統,在臺中市各投開票所,臺中市,　豐原區,東勢里,1704,34,398,678,1110,18,1128,0,1128,306,1434,78.6611
第15任總統副總統,在臺中市各投開票所,臺中市,　豐原區,民生里,1705,39,309,545,893,11,904,0,904,229,1133,79.7882
第15任總統副總統,在臺中市各投開票所,臺中市,　豐原區,田心里,1706,63,370,658,1091,13,1104,0,1104,859,1963,56.2404
第15任總統副總統,在臺中市各投開票所,臺中市,　豐原區,田心里,1707,61,396,635,1092,9,1101,0,1101,316,1417,77.6994
第15任總統副總統,在臺中市各投開票所,臺中市,　豐原區,田心里,1708,40,328,675,1043,12,1055,0,1055,310,1365,77.2894
第15任總統副總統,在臺中市各投開票所,臺中市,　豐原區,田心里,1709,57,441,661,1159,7,1166,0,1166,293,1459,79.9178
第15任總統副總統,在臺中市各投開票所,臺中市,　豐原區,豐田里,1710,57,361,720,1138,12,1150,0,1150,272,1422,80.8720
第15任總統副總統,在臺中市各投開票所,臺中市,　豐原區,豐田里,1711,54,356,700,1110,9,1119,0,1119,294,1413,79.1932
第15任總統副總統,在臺中市各投開票所,臺中市,　豐原區,豐田里,1712,56,326,691,1073,14,1087,0,1087,312,1399,77.6984
第15任總統副總統,在臺中市各投開票所,臺中市,　豐原區,豐田里,1713,34,386,647,1067,13,1080,0,1080,328,1408,76.7045
第15任總統副總統,在臺中市各投開票所,臺中市,　豐原區,豐田里,1714,44,402,691,1137,16,1153,0,1153,337,1490,77.3826
第15任總統副總統,在臺中市各投開票所,臺中市,　豐原區,豐田里,1715,38,388,662,1088,9,1097,0,1097,331,1428,76.8207
第15任總統副總統,在臺中市各投開票所,臺中市,　豐原區,豐田里,1716,69,414,560,1043,11,1054,0,1054,284,1338,78.7743
第15任總統副總統,在臺中市各投開票所,臺中市,　豐原區,鎌村里,1717,53,405,735,1193,14,1207,0,1207,296,1503,80.3061
第15任總統副總統,在臺中市各投開票所,臺中市,　豐原區,鎌村里,1718,47,401,631,1079,21,1100,0,1100,310,1410,78.0142
第15任總統副總統,在臺中市各投開票所,臺中市,　豐原區,鎌村里,1719,63,452,729,1244,7,1251,0,1251,304,1555,80.4502
第15任總統副總統,在臺中市各投開票所,臺中市,　豐原區,陽明里,1720,51,333,507,891,7,898,0,898,241,1139,78.8411
第15任總統副總統,在臺中市各投開票所,臺中市,　豐原區,陽明里,1721,48,425,622,1095,18,1113,0,1113,305,1418,78.4908
第15任總統副總統,在臺中市各投開票所,臺中市,　豐原區,南陽里,1722,42,457,684,1183,10,1193,0,1193,371,1564,76.2788
第15任總統副總統,在臺中市各投開票所,臺中市,　豐原區,南陽里,1723,60,472,682,1214,16,1230,0,1230,350,1580,77.8481
第15任總統副總統,在臺中市各投開票所,臺中市,　豐原區,南陽里,1724,56,410,608,1074,13,1087,0,1087,245,1332,81.6066
第15任總統副總統,在臺中市各投開票所,臺中市,　豐原區,南陽里,1725,55,421,668,1144,13,1157,0,1157,318,1475,78.4407
第15任總統副總統,在臺中市各投開票所,臺中市,　豐原區,南陽里,1726,61,398,633,1092,13,1105,0,1105,281,1386,79.7258
第15任總統副總統,在臺中市各投開票所,臺中市,　豐原區,南陽里,1727,75,387,606,1068,14,1082,0,1082,414,1496,72.3262
第15任總統副總統,在臺中市各投開票所,臺中市,　豐原區,南陽里,1728,60,375,672,1107,1,1108,0,1108,303,1411,78.5259
第15任總統副總統,在臺中市各投開票所,臺中市,　豐原區,北陽里,1729,61,433,645,1139,17,1156,0,1156,326,1482,78.0027
第15任總統副總統,在臺中市各投開票所,臺中市,　豐原區,北陽里,1730,55,373,640,1068,13,1081,0,1081,325,1406,76.8848
第15任總統副總統,在臺中市各投開票所,臺中市,　豐原區,北陽里,1731,40,441,594,1075,14,1089,0,1089,333,1422,76.5823
第15任總統副總統,在臺中市各投開票所,臺中市,　豐原區,北陽里,1732,57,398,722,1177,16,1193,0,1193,308,1501,79.4803
第15任總統副總統,在臺中市各投開票所,臺中市,　豐原區,北陽里,1733,51,388,653,1092,19,1111,0,1111,324,1435,77.4216
第15任總統副總統,在臺中市各投開票所,臺中市,　豐原區,北陽里,1734,46,418,645,1109,19,1128,0,1128,336,1464,77.0492
第15任總統副總統,在臺中市各投開票所,臺中市,　豐原區,北陽里,1735,47,427,644,1118,15,1133,0,1133,324,1457,77.7625
第15任總統副總統,在臺中市各投開票所,臺中市,　豐原區,北陽里,1736,43,346,548,937,16,953,0,953,248,1201,79.3505
第15任總統副總統,在臺中市各投開票所,臺中市,　豐原區,北陽里,1737,45,334,602,981,10,991,0,991,279,1270,78.0315
第15任總統副總統,在臺中市各投開票所,臺中市,　豐原區,東陽里,1738,55,383,776,1214,9,1223,0,1223,297,1520,80.4605
第15任總統副總統,在臺中市各投開票所,臺中市,　豐原區,南村里,1739,60,267,727,1054,15,1069,0,1069,295,1364,78.3724
第15任總統副總統,在臺中市各投開票所,臺中市,　豐原區,南村里,1740,40,297,581,918,12,930,0,930,255,1185,78.4810
第15任總統副總統,在臺中市各投開票所,臺中市,　豐原區,南村里,1741,53,407,603,1063,12,1075,0,1075,342,1417,75.8645
第15任總統副總統,在臺中市各投開票所,臺中市,　豐原區,南村里,1742,34,336,556,926,13,939,0,939,260,1199,78.3153
第15任總統副總統,在臺中市各投開票所,臺中市,　豐原區,南田里,1743,39,277,453,769,5,774,0,774,258,1032,75.0000
第15任總統副總統,在臺中市各投開票所,臺中市,　豐原區,南田里,1744,32,240,603,875,6,881,0,881,199,1080,81.5741
第15任總統副總統,在臺中市各投開票所,臺中市,　豐原區,南田里,1745,46,238,485,769,13,782,0,782,250,1032,75.7752
第15任總統副總統,在臺中市各投開票所,臺中市,　豐原區,南嵩里,1746,25,232,556,813,4,817,0,817,199,1016,80.4134
第15任總統副總統,在臺中市各投開票所,臺中市,　豐原區,南嵩里,1747,57,304,523,884,19,903,0,903,270,1173,76.9821
第15任總統副總統,在臺中市各投開票所,臺中市,　豐原區,南嵩里,1748,40,261,537,838,15,853,0,853,220,1073,79.4967
第15任總統副總統,在臺中市各投開票所,臺中市,　豐原區,翁明里,1749,40,244,425,709,16,725,0,725,246,971,74.6653
第15任總統副總統,在臺中市各投開票所,臺中市,　豐原區,翁明里,1750,49,309,515,873,11,884,0,884,252,1136,77.8169
第15任總統副總統,在臺中市各投開票所,臺中市,　豐原區,翁子里,1751,44,403,731,1178,13,1191,0,1191,352,1543,77.1873
第15任總統副總統,在臺中市各投開票所,臺中市,　豐原區,翁子里,1752,65,382,627,1074,18,1092,1,1093,303,1396,78.2235
第15任總統副總統,在臺中市各投開票所,臺中市,　豐原區,翁社里,1753,37,245,439,721,11,732,0,732,187,919,79.6518
第15任總統副總統,在臺中市各投開票所,臺中市,　豐原區,翁社里,1754,34,291,561,886,10,896,0,896,208,1104,81.1594
第15任總統副總統,在臺中市各投開票所,臺中市,　豐原區,朴子里,1755,41,259,535,835,15,850,0,850,223,1073,79.2171
第15任總統副總統,在臺中市各投開票所,臺中市,　豐原區,朴子里,1756,39,225,530,794,4,798,0,798,217,1015,78.6207
第15任總統副總統,在臺中市各投開票所,臺中市,　豐原區,朴子里,1757,50,239,593,882,13,895,0,895,248,1143,78.3027
第15任總統副總統,在臺中市各投開票所,臺中市,　東勢區,慶福里,1792,39,345,475,859,16,875,0,875,388,1263,69.2795
第15任總統副總統,在臺中市各投開票所,臺中市,　東勢區,慶東里,1793,25,275,435,735,11,746,0,746,231,977,76.3562
第15任總統副總統,在臺中市各投開票所,臺中市,　東勢區,慶東里,1794,17,251,308,576,17,593,0,593,220,813,72.9397
第15任總統副總統,在臺中市各投開票所,臺中市,　東勢區,上城里,1795,33,311,390,734,11,745,0,745,210,955,78.0105
第15任總統副總統,在臺中市各投開票所,臺中市,　東勢區,下城里,1796,21,234,381,636,11,647,0,647,188,835,77.4850
第15任總統副總統,在臺中市各投開票所,臺中市,　東勢區,詒福里,1797,26,263,378,667,9,676,0,676,214,890,75.9551
第15任總統副總統,在臺中市各投開票所,臺中市,　東勢區,詒福里,1798,20,251,242,513,6,519,0,519,160,679,76.4359
第15任總統副總統,在臺中市各投開票所,臺中市,　東勢區,新盛里,1799,57,376,512,945,15,960,0,960,317,1277,75.1762
第15任總統副總統,在臺中市各投開票所,臺中市,　東勢區,新盛里,1800,44,371,393,808,8,816,0,816,281,1097,74.3847
第15任總統副總統,在臺中市各投開票所,臺中市,　東勢區,新盛里,1801,36,407,489,932,10,942,0,942,277,1219,77.2765
第15任總統副總統,在臺中市各投開票所,臺中市,　東勢區,新盛里,1802,39,361,435,835,20,855,0,855,288,1143,74.8031
第15任總統副總統,在臺中市各投開票所,臺中市,　東勢區,福隆里,1803,31,431,385,847,8,855,0,855,281,1136,75.2641
第15任總統副總統,在臺中市各投開票所,臺中市,　東勢區,福隆里,1804,31,481,513,1025,14,1039,0,1039,311,1350,76.9630
第15任總統副總統,在臺中市各投開票所,臺中市,　東勢區,福隆里,1805,57,381,390,828,10,838,0,838,296,1134,73.8977
第15任總統副總統,在臺中市各投開票所,臺中市,　東勢區,隆興里,1806,42,503,482,1027,11,1038,0,1038,389,1427,72.7400
第15任總統副總統,在臺中市各投開票所,臺中市,　東勢區,中嵙里,1807,24,304,277,605,6,611,0,611,221,832,73.4375
第15任總統副總統,在臺中市各投開票所,臺中市,　東勢區,中嵙里,1808,32,312,362,706,7,713,0,713,251,964,73.9627
第15任總統副總統,在臺中市各投開票所,臺中市,　東勢區,泰昌里,1809,35,387,357,779,12,791,0,791,309,1100,71.9091
第15任總統副總統,在臺中市各投開票所,臺中市,　東勢區,泰昌里,1810,43,510,375,928,16,944,0,944,282,1226,76.9984
第15任總統副總統,在臺中市各投開票所,臺中市,　東勢區,泰昌里,1811,23,422,343,788,17,805,0,805,225,1030,78.1553
第15任總統副總統,在臺中市各投開票所,臺中市,　東勢區,上新里,1812,38,383,316,737,11,748,0,748,201,949,78.8198
第15任總統副總統,在臺中市各投開票所,臺中市,　東勢區,廣興里,1813,40,555,461,1056,14,1070,0,1070,295,1365,78.3883
第15任總統副總統,在臺中市各投開票所,臺中市,　東勢區,延平里,1814,36,427,379,842,11,853,0,853,274,1127,75.6877
第15任總統副總統,在臺中市各投開票所,臺中市,　東勢區,延平里,1815,34,324,408,766,10,776,0,776,232,1008,76.9841
第15任總統副總統,在臺中市各投開票所,臺中市,　東勢區,南平里,1816,42,393,262,697,8,705,0,705,225,930,75.8065
第15任總統副總統,在臺中市各投開票所,臺中市,　東勢區,南平里,1817,23,373,276,672,5,677,0,677,167,844,80.2133
第15任總統副總統,在臺中市各投開票所,臺中市,　東勢區,東安里,1818,32,376,339,747,9,756,0,756,224,980,77.1429
第15任總統副總統,在臺中市各投開票所,臺中市,　東勢區,中寧里,1819,36,307,270,613,13,626,0,626,204,830,75.4217
第15任總統副總統,在臺中市各投開票所,臺中市,　東勢區,北興里,1820,44,509,421,974,12,986,0,986,329,1315,74.9810
第15任總統副總統,在臺中市各投開票所,臺中市,　東勢區,粵寧里,1821,21,286,295,602,7,609,0,609,182,791,76.9912
第15任總統副總統,在臺中市各投開票所,臺中市,　東勢區,粵寧里,1822,42,373,467,882,11,893,0,893,298,1191,74.9790
第15任總統副總統,在臺中市各投開票所,臺中市,　東勢區,下新里,1823,32,279,393,704,11,715,0,715,230,945,75.6614
第15任總統副總統,在臺中市各投開票所,臺中市,　東勢區,下新里,1824,18,209,272,499,11,510,1,511,169,680,75.0000
第15任總統副總統,在臺中市各投開票所,臺中市,　東勢區,東新里,1825,38,353,315,706,7,713,0,713,200,913,78.0942
第15任總統副總統,在臺中市各投開票所,臺中市,　東勢區,東新里,1826,27,369,338,734,7,741,0,741,246,987,75.0760
第15任總統副總統,在臺中市各投開票所,臺中市,　東勢區,興隆里,1827,38,296,523,857,17,874,0,874,290,1164,75.0859
第15任總統副總統,在臺中市各投開票所,臺中市,　東勢區,茂興里,1828,26,247,300,573,12,585,0,585,288,873,67.0103
第15任總統副總統,在臺中市各投開票所,臺中市,　東勢區,茂興里,1829,32,304,324,660,9,669,0,669,221,890,75.1685
第15任總統副總統,在臺中市各投開票所,臺中市,　東勢區,泰興里,1830,23,206,252,481,12,493,0,493,190,683,72.1816
第15任總統副總統,在臺中市各投開票所,臺中市,　東勢區,埤頭里,1831,13,180,312,505,5,510,0,510,133,643,79.3157
第15任總統副總統,在臺中市各投開票所,臺中市,　東勢區,明正里,1832,27,404,500,931,10,941,0,941,374,1315,71.5589
第15任總統副總統,在臺中市各投開票所,臺中市,　大甲區,朝陽里,0001,38,351,597,986,7,993,0,993,318,1311,75.7437
第15任總統副總統,在臺中市各投開票所,臺中市,　大甲區,大甲里,0002,42,255,451,748,18,766,0,766,230,996,76.9076
第15任總統副總統,在臺中市各投開票所,臺中市,　大甲區,順天里,0003,17,187,292,496,6,502,0,502,173,675,74.3704
第15任總統副總統,在臺中市各投開票所,臺中市,　大甲區,順天里,0004,37,219,384,640,6,646,0,646,187,833,77.5510
第15任總統副總統,在臺中市各投開票所,臺中市,　大甲區,孔門里,0005,9,221,277,507,7,514,0,514,238,752,68.3511
第15任總統副總統,在臺中市各投開票所,臺中市,　大甲區,平安里,0006,44,228,367,639,8,647,0,647,175,822,78.7105
第15任總統副總統,在臺中市各投開票所,臺中市,　大甲區,平安里,0007,32,307,545,884,15,899,0,899,276,1175,76.5106
第15任總統副總統,在臺中市各投開票所,臺中市,　大甲區,庄美里,0008,41,214,408,663,9,672,0,672,220,892,75.3363
第15任總統副總統,在臺中市各投開票所,臺中市,　大甲區,庄美里,0009,54,287,502,843,11,854,0,854,270,1124,75.9786
第15任總統副總統,在臺中市各投開票所,臺中市,　大甲區,新美里,0010,35,283,465,783,11,794,0,794,238,1032,76.9380
第15任總統副總統,在臺中市各投開票所,臺中市,　大甲區,新美里,0011,38,360,538,936,9,945,0,945,281,1226,77.0799
第15任總統副總統,在臺中市各投開票所,臺中市,　大甲區,新美里,0012,36,310,444,790,8,798,0,798,250,1048,76.1450
第15任總統副總統,在臺中市各投開票所,臺中市,　大甲區,岷山里,0013,45,265,431,741,10,751,0,751,258,1009,74.4301
第15任總統副總統,在臺中市各投開票所,臺中市,　大甲區,岷山里,0014,42,337,381,760,19,779,0,779,227,1006,77.4354
第15任總統副總統,在臺中市各投開票所,臺中市,　大甲區,中山里,0015,48,310,425,783,9,792,0,792,279,1071,73.9496
第15任總統副總統,在臺中市各投開票所,臺中市,　大甲區,中山里,0016,50,343,432,825,10,835,0,835,233,1068,78.1835
第15任總統副總統,在臺中市各投開票所,臺中市,　大甲區,中山里,0017,40,419,434,893,15,908,0,908,315,1223,74.2437
第15任總統副總統,在臺中市各投開票所,臺中市,　大甲區,中山里,0018,33,273,385,691,14,705,0,705,239,944,74.6822
第15任總統副總統,在臺中市各投開票所,臺中市,　大甲區,南陽里,0019,26,244,324,594,8,602,0,602,189,791,76.1062
第15任總統副總統,在臺中市各投開票所,臺中市,　大甲區,薰風里,0020,30,240,354,624,8,632,0,632,196,828,76.3285
第15任總統副總統,在臺中市各投開票所,臺中市,　大甲區,義和里,0021,58,398,689,1145,10,1155,0,1155,393,1548,74.6124
第15任總統副總統,在臺中市各投開票所,臺中市,　大甲區,義和里,0022,55,431,612,1098,15,1113,0,1113,413,1526,72.9358
第15任總統副總統,在臺中市各投開票所,臺中市,　大甲區,武陵里,0023,35,357,469,861,11,872,0,872,273,1145,76.1572
第15任總統副總統,在臺中市各投開票所,臺中市,　大甲區,文曲里,0024,29,232,502,763,7,770,0,770,290,1060,72.6415
第15任總統副總統,在臺中市各投開票所,臺中市,　大甲區,武曲里,0025,30,267,367,664,15,679,0,679,200,879,77.2469
第15任總統副總統,在臺中市各投開票所,臺中市,　大甲區,武曲里,0026,30,229,372,631,7,638,0,638,193,831,76.7750
第15任總統副總統,在臺中市各投開票所,臺中市,　大甲區,文武里,0027,59,358,545,962,12,974,0,974,316,1290,75.5039
第15任總統副總統,在臺中市各投開票所,臺中市,　大甲區,文武里,0028,46,302,485,833,6,839,0,839,254,1093,76.7612
第15任總統副總統,在臺中市各投開票所,臺中市,　大甲區,文武里,0029,44,330,502,876,15,891,0,891,259,1150,77.4783
第15任總統副總統,在臺中市各投開票所,臺中市,　大甲區,文武里,0030,27,242,413,682,8,690,0,690,210,900,76.6667
第15任總統副總統,在臺中市各投開票所,臺中市,　大甲區,文武里,0031,18,153,283,454,11,465,0,465,168,633,73.4597
第15任總統副總統,在臺中市各投開票所,臺中市,　大甲區,奉化里,0032,33,345,533,911,11,922,0,922,278,1200,76.8333
第15任總統副總統,在臺中市各投開票所,臺中市,　大甲區,奉化里,0033,35,201,298,534,12,546,0,546,180,726,75.2066
第15任總統副總統,在臺中市各投開票所,臺中市,　大甲區,德化里,0034,18,141,422,581,6,587,0,587,174,761,77.1353
第15任總統副總統,在臺中市各投開票所,臺中市,　大甲區,德化里,0035,30,229,406,665,9,674,0,674,259,933,72.2401
第15任總統副總統,在臺中市各投開票所,臺中市,　大甲區,江南里,0036,63,320,582,965,17,982,0,982,330,1312,74.8476
第15任總統副總統,在臺中市各投開票所,臺中市,　大甲區,頂店里,0037,41,329,553,923,3,926,0,926,373,1299,71.2856
第15任總統副總統,在臺中市各投開票所,臺中市,　大甲區,頂店里,0038,44,307,506,857,9,866,0,866,261,1127,76.8412
第15任總統副總統,在臺中市各投開票所,臺中市,　大甲區,頂店里,0039,29,222,408,659,10,669,0,669,200,869,76.9850
第15任總統副總統,在臺中市各投開票所,臺中市,　大甲區,頂店里,0040,43,291,422,756,8,764,0,764,219,983,77.7213
第15任總統副總統,在臺中市各投開票所,臺中市,　大甲區,太白里,0041,40,278,555,873,9,882,0,882,325,1207,73.0737
第15任總統副總統,在臺中市各投開票所,臺中市,　大甲區,孟春里,0042,51,350,600,1001,13,1014,0,1014,336,1350,75.1111
第15任總統副總統,在臺中市各投開票所,臺中市,　大甲區,孟春里,0043,35,235,508,778,10,788,0,788,340,1128,69.8582
第15任總統副總統,在臺中市各投開票所,臺中市,　大甲區,孟春里,0044,50,293,639,982,9,991,0,991,359,1350,73.4074
第15任總統副總統,在臺中市各投開票所,臺中市,　大甲區,幸福里,0045,38,207,550,795,8,803,0,803,317,1120,71.6964
第15任總統副總統,在臺中市各投開票所,臺中市,　大甲區,幸福里,0046,42,331,607,980,13,993,0,993,375,1368,72.5877
第15任總統副總統,在臺中市各投開票所,臺中市,　大甲區,日南里,0047,44,279,534,857,11,868,0,868,322,1190,72.9412
第15任總統副總統,在臺中市各投開票所,臺中市,　大甲區,日南里,0048,59,346,610,1015,22,1037,0,1037,400,1437,72.1642
第15任總統副總統,在臺中市各投開票所,臺中市,　大甲區,日南里,0049,53,314,593,960,14,974,0,974,364,1338,72.7952
第15任總統副總統,在臺中市各投開票所,臺中市,　大甲區,日南里,0050,57,340,543,940,15,955,0,955,362,1317,72.5133
第15任總統副總統,在臺中市各投開票所,臺中市,　大甲區,龍泉里,0051,16,215,247,478,3,481,0,481,159,640,75.1563
第15任總統副總統,在臺中市各投開票所,臺中市,　大甲區,龍泉里,0052,25,186,394,605,8,613,0,613,218,831,73.7665
第15任總統副總統,在臺中市各投開票所,臺中市,　大甲區,西岐里,0053,36,209,393,638,5,643,0,643,224,867,74.1638
第15任總統副總統,在臺中市各投開票所,臺中市,　大甲區,西岐里,0054,35,253,316,604,9,613,0,613,159,772,79.4041
第15任總統副總統,在臺中市各投開票所,臺中市,　大甲區,銅安里,0055,38,339,582,959,11,970,0,970,358,1328,73.0422
第15任總統副總統,在臺中市各投開票所,臺中市,　大甲區,福德里,0056,26,300,455,781,16,797,0,797,282,1079,73.8647
第15任總統副總統,在臺中市各投開票所,臺中市,　大甲區,建興里,0057,30,324,701,1055,15,1070,0,1070,357,1427,74.9825
第15任總統副總統,在臺中市各投開票所,臺中市,　清水區,鰲峰里,0099,32,292,470,794,11,805,0,805,247,1052,76.5209
第15任總統副總統,在臺中市各投開票所,臺中市,　清水區,靈泉里,0100,28,267,435,730,13,743,0,743,183,926,80.2376
第15任總統副總統,在臺中市各投開票所,臺中市,　清水區,清水里,0101,34,208,410,652,11,663,0,663,221,884,75.0000
第15任總統副總統,在臺中市各投開票所,臺中市,　清水區,清水里,0102,44,299,500,843,8,851,0,851,244,1095,77.7169
第15任總統副總統,在臺中市各投開票所,臺中市,　清水區,文昌里,0103,24,187,303,514,10,524,0,524,142,666,78.6787
第15任總統副總統,在臺中市各投開票所,臺中市,　清水區,南寧里,0104,35,214,408,657,8,665,0,665,212,877,75.8267
第15任總統副總統,在臺中市各投開票所,臺中市,　清水區,南寧里,0105,29,241,410,680,4,684,0,684,190,874,78.2609
第15任總統副總統,在臺中市各投開票所,臺中市,　清水區,西寧里,0106,56,371,751,1178,10,1188,0,1188,327,1515,78.4158
第15任總統副總統,在臺中市各投開票所,臺中市,　清水區,北寧里,0107,22,209,317,548,8,556,0,556,122,678,82.0059
第15任總統副總統,在臺中市各投開票所,臺中市,　清水區,中興里,0108,27,92,181,300,5,305,0,305,79,384,79.4271
第15任總統副總統,在臺中市各投開票所,臺中市,　清水區,西社里,0109,46,286,693,1025,13,1038,0,1038,316,1354,76.6617
第15任總統副總統,在臺中市各投開票所,臺中市,　清水區,西社里,0110,19,213,355,587,6,593,0,593,179,772,76.8135
第15任總統副總統,在臺中市各投開票所,臺中市,　清水區,南社里,0111,54,346,587,987,8,995,0,995,295,1290,77.1318
第15任總統副總統,在臺中市各投開票所,臺中市,　清水區,南社里,0112,55,342,688,1085,15,1100,0,1100,350,1450,75.8621
第15任總統副總統,在臺中市各投開票所,臺中市,　清水區,南社里,0113,57,307,496,860,12,872,0,872,336,1208,72.1854
第15任總統副總統,在臺中市各投開票所,臺中市,　清水區,南社里,0114,58,379,526,963,15,978,0,978,283,1261,77.5575
第15任總統副總統,在臺中市各投開票所,臺中市,　清水區,南社里,0115,48,311,641,1000,12,1012,0,1012,275,1287,78.6325
第15任總統副總統,在臺中市各投開票所,臺中市,　清水區,南社里,0116,60,363,648,1071,13,1084,0,1084,303,1387,78.1543
第15任總統副總統,在臺中市各投開票所,臺中市,　清水區,南社里,0117,45,287,592,924,6,930,0,930,282,1212,76.7327
第15任總統副總統,在臺中市各投開票所,臺中市,　清水區,裕嘉里,0118,59,303,714,1076,18,1094,0,1094,371,1465,74.6758
第15任總統副總統,在臺中市各投開票所,臺中市,　清水區,臨江里,0119,48,417,612,1077,17,1094,0,1094,378,1472,74.3207
第15任總統副總統,在臺中市各投開票所,臺中市,　清水區,秀水里,0120,52,366,667,1085,13,1098,0,1098,372,1470,74.6939
第15任總統副總統,在臺中市各投開票所,臺中市,　清水區,秀水里,0121,57,412,645,1114,14,1128,0,1128,370,1498,75.3004
第15任總統副總統,在臺中市各投開票所,臺中市,　清水區,秀水里,0122,46,352,522,920,10,930,0,930,312,1242,74.8792
第15任總統副總統,在臺中市各投開票所,臺中市,　清水區,武鹿里,0123,25,239,555,819,7,826,0,826,331,1157,71.3915
第15任總統副總統,在臺中市各投開票所,臺中市,　清水區,武鹿里,0124,43,327,565,935,12,947,0,947,316,1263,74.9802
第15任總統副總統,在臺中市各投開票所,臺中市,　清水區,武鹿里,0125,25,207,380,612,9,621,0,621,215,836,74.2823
第15任總統副總統,在臺中市各投開票所,臺中市,　清水區,海濱里,0126,41,257,503,801,7,808,0,808,249,1057,76.4428
第15任總統副總統,在臺中市各投開票所,臺中市,　清水區,海濱里,0127,28,242,402,672,8,680,0,680,255,935,72.7273
第15任總統副總統,在臺中市各投開票所,臺中市,　清水區,槺榔里,0128,39,333,658,1030,10,1040,0,1040,365,1405,74.0214
第15任總統副總統,在臺中市各投開票所,臺中市,　清水區,槺榔里,0129,47,235,610,892,17,909,0,909,284,1193,76.1945
第15任總統副總統,在臺中市各投開票所,臺中市,　清水區,槺榔里,0130,53,392,799,1244,15,1259,0,1259,567,1826,68.9485
第15任總統副總統,在臺中市各投開票所,臺中市,　清水區,槺榔里,0131,41,281,575,897,16,913,0,913,282,1195,76.4017
第15任總統副總統,在臺中市各投開票所,臺中市,　清水區,中社里,0132,69,809,320,1198,16,1214,0,1214,403,1617,75.0773
第15任總統副總統,在臺中市各投開票所,臺中市,　清水區,中社里,0133,41,318,495,854,7,861,0,861,240,1101,78.2016
第15任總統副總統,在臺中市各投開票所,臺中市,　清水區,高西里,0134,50,354,450,854,19,873,0,873,397,1270,68.7402
第15任總統副總統,在臺中市各投開票所,臺中市,　清水區,高南里,0135,40,325,574,939,13,952,0,952,369,1321,72.0666
第15任總統副總統,在臺中市各投開票所,臺中市,　清水區,高東里,0136,43,253,560,856,16,872,0,872,350,1222,71.3584
第15任總統副總統,在臺中市各投開票所,臺中市,　清水區,高北里,0137,40,294,434,768,19,787,0,787,350,1137,69.2172
第15任總統副總統,在臺中市各投開票所,臺中市,　清水區,高美里,0138,33,360,496,889,16,905,0,905,364,1269,71.3160
第15任總統副總統,在臺中市各投開票所,臺中市,　清水區,國姓里,0139,35,224,523,782,7,789,0,789,377,1166,67.6672
第15任總統副總統,在臺中市各投開票所,臺中市,　清水區,國姓里,0140,21,182,426,629,13,642,0,642,265,907,70.7828
第15任總統副總統,在臺中市各投開票所,臺中市,　清水區,菁埔里,0141,42,250,516,808,8,816,0,816,241,1057,77.1996
第15任總統副總統,在臺中市各投開票所,臺中市,　清水區,菁埔里,0142,43,263,513,819,5,824,0,824,321,1145,71.9651
第15任總統副總統,在臺中市各投開票所,臺中市,　清水區,頂湳里,0143,33,213,346,592,4,596,0,596,223,819,72.7717
第15任總統副總統,在臺中市各投開票所,臺中市,　清水區,頂湳里,0144,27,174,439,640,11,651,0,651,229,880,73.9773
第15任總統副總統,在臺中市各投開票所,臺中市,　清水區,田寮里,0145,43,294,648,985,12,997,0,997,360,1357,73.4709
第15任總統副總統,在臺中市各投開票所,臺中市,　清水區,田寮里,0146,24,209,535,768,7,775,0,775,306,1081,71.6929
第15任總統副總統,在臺中市各投開票所,臺中市,　清水區,橋頭里,0147,56,299,614,969,5,974,0,974,360,1334,73.0135
第15任總統副總統,在臺中市各投開票所,臺中市,　清水區,橋頭里,0148,46,314,717,1077,18,1095,0,1095,346,1441,75.9889
第15任總統副總統,在臺中市各投開票所,臺中市,　清水區,橋頭里,0149,47,321,657,1025,11,1036,0,1036,308,1344,77.0833
第15任總統副總統,在臺中市各投開票所,臺中市,　清水區,橋頭里,0150,63,362,673,1098,17,1115,0,1115,344,1459,76.4222
第15任總統副總統,在臺中市各投開票所,臺中市,　清水區,橋頭里,0151,52,366,784,1202,16,1218,0,1218,395,1613,75.5115
第15任總統副總統,在臺中市各投開票所,臺中市,　清水區,下湳里,0152,35,312,591,938,18,956,0,956,345,1301,73.4819
第15任總統副總統,在臺中市各投開票所,臺中市,　清水區,下湳里,0153,47,371,674,1092,18,1110,0,1110,284,1394,79.6270
第15任總統副總統,在臺中市各投開票所,臺中市,　清水區,東山里,0154,40,341,500,881,16,897,0,897,269,1166,76.9297
第15任總統副總統,在臺中市各投開票所,臺中市,　清水區,吳厝里,0155,59,355,655,1069,27,1096,0,1096,320,1416,77.4011
第15任總統副總統,在臺中市各投開票所,臺中市,　清水區,楊厝里,0156,41,273,523,837,10,847,0,847,279,1126,75.2220
第15任總統副總統,在臺中市各投開票所,臺中市,　清水區,海風里,0157,50,333,590,973,14,987,0,987,349,1336,73.8772
第15任總統副總統,在臺中市各投開票所,臺中市,　沙鹿區,居仁里,0198,32,184,378,594,4,598,0,598,172,770,77.6623
第15任總統副總統,在臺中市各投開票所,臺中市,　沙鹿區,居仁里,0199,36,183,202,421,5,426,0,426,161,587,72.5724
第15任總統副總統,在臺中市各投開票所,臺中市,　沙鹿區,洛泉里,0200,38,220,385,643,4,647,0,647,182,829,78.0458
第15任總統副總統,在臺中市各投開票所,臺中市,　沙鹿區,洛泉里,0201,43,370,505,918,13,931,0,931,192,1123,82.9029
第15任總統副總統,在臺中市各投開票所,臺中市,　沙鹿區,沙鹿里,0202,30,225,474,729,9,738,0,738,180,918,80.3922
第15任總統副總統,在臺中市各投開票所,臺中市,　沙鹿區,美仁里,0203,21,173,187,381,2,383,0,383,103,486,78.8066
第15任總統副總統,在臺中市各投開票所,臺中市,　沙鹿區,興仁里,0204,37,224,341,602,5,607,0,607,152,759,79.9736
第15任總統副總統,在臺中市各投開票所,臺中市,　沙鹿區,興仁里,0205,33,295,414,742,5,747,0,747,212,959,77.8936
第15任總統副總統,在臺中市各投開票所,臺中市,　沙鹿區,興仁里,0206,31,154,349,534,5,539,0,539,146,685,78.6861
第15任總統副總統,在臺中市各投開票所,臺中市,　沙鹿區,興安里,0207,69,289,604,962,16,978,0,978,283,1261,77.5575
第15任總統副總統,在臺中市各投開票所,臺中市,　沙鹿區,興安里,0208,44,316,481,841,8,849,0,849,223,1072,79.1978
第15任總統副總統,在臺中市各投開票所,臺中市,　沙鹿區,興安里,0209,41,264,434,739,6,745,0,745,188,933,79.8499
第15任總統副總統,在臺中市各投開票所,臺中市,　沙鹿區,斗抵里,0210,42,310,455,807,7,814,0,814,239,1053,77.3029
第15任總統副總統,在臺中市各投開票所,臺中市,　沙鹿區,斗抵里,0211,38,249,423,710,8,718,0,718,189,907,79.1621
第15任總統副總統,在臺中市各投開票所,臺中市,　沙鹿區,斗抵里,0212,58,362,651,1071,9,1080,0,1080,284,1364,79.1789
第15任總統副總統,在臺中市各投開票所,臺中市,　沙鹿區,斗抵里,0213,39,251,410,700,9,709,0,709,194,903,78.5161
第15任總統副總統,在臺中市各投開票所,臺中市,　沙鹿區,鹿峰里,0214,38,310,549,897,6,903,0,903,305,1208,74.7517
第15任總統副總統,在臺中市各投開票所,臺中市,　沙鹿區,鹿峰里,0215,43,306,504,853,17,870,0,870,274,1144,76.0490
第15任總統副總統,在臺中市各投開票所,臺中市,　沙鹿區,鹿峰里,0216,43,287,678,1008,11,1019,0,1019,274,1293,78.8090
第15任總統副總統,在臺中市各投開票所,臺中市,　沙鹿區,鹿峰里,0217,37,341,660,1038,11,1049,0,1049,247,1296,80.9414
第15任總統副總統,在臺中市各投開票所,臺中市,　沙鹿區,鹿寮里,0218,45,267,590,902,6,908,0,908,282,1190,76.3025
第15任總統副總統,在臺中市各投開票所,臺中市,　沙鹿區,鹿寮里,0219,51,261,581,893,7,900,0,900,216,1116,80.6452
第15任總統副總統,在臺中市各投開票所,臺中市,　沙鹿區,鹿寮里,0220,50,269,544,863,13,876,0,876,253,1129,77.5908
第15任總統副總統,在臺中市各投開票所,臺中市,　沙鹿區,鹿寮里,0221,49,234,553,836,13,849,0,849,207,1056,80.3977
第15任總統副總統,在臺中市各投開票所,臺中市,　沙鹿區,鹿寮里,0222,36,223,565,824,15,839,0,839,234,1073,78.1920
第15任總統副總統,在臺中市各投開票所,臺中市,　沙鹿區,鹿寮里,0223,33,315,478,826,5,831,0,831,207,1038,80.0578
第15任總統副總統,在臺中市各投開票所,臺中市,　沙鹿區,竹林里,0224,29,299,368,696,8,704,0,704,226,930,75.6989
第15任總統副總統,在臺中市各投開票所,臺中市,　沙鹿區,竹林里,0225,37,251,410,698,5,703,0,703,188,891,78.9001
第15任總統副總統,在臺中市各投開票所,臺中市,　沙鹿區,竹林里,0226,42,323,424,789,10,799,0,799,242,1041,76.7531
第15任總統副總統,在臺中市各投開票所,臺中市,　沙鹿區,竹林里,0227,65,269,435,769,11,780,0,780,297,1077,72.4234
第15任總統副總統,在臺中市各投開票所,臺中市,　沙鹿區,竹林里,0228,37,256,508,801,16,817,0,817,280,1097,74.4758
第15任總統副總統,在臺中市各投開票所,臺中市,　沙鹿區,竹林里,0229,43,347,453,843,4,847,0,847,222,1069,79.2329
第15任總統副總統,在臺中市各投開票所,臺中市,　沙鹿區,竹林里,0230,38,283,498,819,8,827,0,827,233,1060,78.0189
第15任總統副總統,在臺中市各投開票所,臺中市,　沙鹿區,犁分里,0231,39,264,517,820,14,834,0,834,245,1079,77.2938
第15任總統副總統,在臺中市各投開票所,臺中市,　沙鹿區,福興里,0232,49,364,496,909,19,928,0,928,272,1200,77.3333
第15任總統副總統,在臺中市各投開票所,臺中市,　沙鹿區,福興里,0233,43,358,437,838,12,850,0,850,278,1128,75.3546
第15任總統副總統,在臺中市各投開票所,臺中市,　沙鹿區,福興里,0234,65,351,532,948,8,956,0,956,297,1253,76.2969
第15任總統副總統,在臺中市各投開票所,臺中市,　沙鹿區,北勢里,0235,40,254,407,701,10,711,0,711,264,975,72.9231
第15任總統副總統,在臺中市各投開票所,臺中市,　沙鹿區,北勢里,0236,30,252,388,670,9,679,0,679,192,871,77.9564
第15任總統副總統,在臺中市各投開票所,臺中市,　沙鹿區,北勢里,0237,51,239,450,740,4,744,0,744,245,989,75.2275
第15任總統副總統,在臺中市各投開票所,臺中市,　沙鹿區,北勢里,0238,32,251,370,653,15,668,0,668,315,983,67.9552
第15任總統副總統,在臺中市各投開票所,臺中市,　沙鹿區,北勢里,0239,40,237,376,653,7,660,0,660,192,852,77.4648
第15任總統副總統,在臺中市各投開票所,臺中市,　沙鹿區,晉江里,0240,26,162,348,536,6,542,0,542,137,679,79.8233
第15任總統副總統,在臺中市各投開票所,臺中市,　沙鹿區,晉江里,0241,49,267,454,770,8,778,0,778,200,978,79.5501
第15任總統副總統,在臺中市各投開票所,臺中市,　沙鹿區,六路里,0242,72,359,597,1028,15,1043,0,1043,309,1352,77.1450
第15任總統副總統,在臺中市各投開票所,臺中市,　沙鹿區,六路里,0243,41,249,489,779,15,794,0,794,234,1028,77.2374
第15任總統副總統,在臺中市各投開票所,臺中市,　沙鹿區,六路里,0244,67,315,546,928,17,945,0,945,281,1226,77.0799
第15任總統副總統,在臺中市各投開票所,臺中市,　沙鹿區,六路里,0245,67,418,610,1095,11,1106,0,1106,283,1389,79.6256
第15任總統副總統,在臺中市各投開票所,臺中市,　沙鹿區,南勢里,0246,51,165,327,543,5,548,0,548,163,711,77.0745
第15任總統副總統,在臺中市各投開票所,臺中市,　沙鹿區,南勢里,0247,44,236,348,628,7,635,0,635,188,823,77.1567
第15任總統副總統,在臺中市各投開票所,臺中市,　沙鹿區,南勢里,0248,43,250,424,717,10,727,0,727,232,959,75.8081
第15任總統副總統,在臺中市各投開票所,臺中市,　沙鹿區,南勢里,0249,55,198,308,561,11,572,0,572,158,730,78.3562
第15任總統副總統,在臺中市各投開票所,臺中市,　沙鹿區,埔子里,0250,62,340,535,937,22,959,0,959,292,1251,76.6587
第15任總統副總統,在臺中市各投開票所,臺中市,　沙鹿區,埔子里,0251,42,311,394,747,7,754,0,754,198,952,79.2017
第15任總統副總統,在臺中市各投開票所,臺中市,　沙鹿區,埔子里,0252,38,297,489,824,8,832,0,832,183,1015,81.9704
第15任總統副總統,在臺中市各投開票所,臺中市,　沙鹿區,埔子里,0253,53,300,378,731,11,742,0,742,216,958,77.4530
第15任總統副總統,在臺中市各投開票所,臺中市,　沙鹿區,埔子里,0254,49,400,443,892,12,904,0,904,224,1128,80.1418
第15任總統副總統,在臺中市各投開票所,臺中市,　沙鹿區,三鹿里,0255,65,337,501,903,16,919,0,919,293,1212,75.8251
第15任總統副總統,在臺中市各投開票所,臺中市,　沙鹿區,三鹿里,0256,67,323,523,913,10,923,0,923,289,1212,76.1551
第15任總統副總統,在臺中市各投開票所,臺中市,　沙鹿區,三鹿里,0257,55,328,450,833,22,855,0,855,205,1060,80.6604
第15任總統副總統,在臺中市各投開票所,臺中市,　沙鹿區,三鹿里,0258,43,251,385,679,10,689,0,689,223,912,75.5482
第15任總統副總統,在臺中市各投開票所,臺中市,　沙鹿區,三鹿里,0259,43,248,334,625,9,634,0,634,205,839,75.5662
第15任總統副總統,在臺中市各投開票所,臺中市,　沙鹿區,三鹿里,0260,78,448,618,1144,17,1161,0,1161,328,1489,77.9718
第15任總統副總統,在臺中市各投開票所,臺中市,　沙鹿區,公明里,0261,42,394,546,982,12,994,0,994,372,1366,72.7672
第15任總統副總統,在臺中市各投開票所,臺中市,　沙鹿區,公明里,0262,35,272,347,654,9,663,0,663,204,867,76.4706
第15任總統副總統,在臺中市各投開票所,臺中市,　沙鹿區,公明里,0263,50,406,172,628,3,631,0,631,235,866,72.8637
第15任總統副總統,在臺中市各投開票所,臺中市,　沙鹿區,公明里,0264,47,379,478,904,12,916,0,916,220,1136,80.6338
第15任總統副總統,在臺中市各投開票所,臺中市,　沙鹿區,清泉里,0265,47,387,514,948,12,960,0,960,285,1245,77.1084
第15任總統副總統,在臺中市各投開票所,臺中市,　沙鹿區,清泉里,0266,35,393,346,774,8,782,0,782,234,1016,76.9685
第15任總統副總統,在臺中市各投開票所,臺中市,　沙鹿區,西勢里,0267,38,350,438,826,9,835,0,835,250,1085,76.9585
第15任總統副總統,在臺中市各投開票所,臺中市,　沙鹿區,西勢里,0268,35,324,391,750,5,755,0,755,213,968,77.9959
第15任總統副總統,在臺中市各投開票所,臺中市,　梧棲區,頂寮里,0158,40,276,483,799,11,810,0,810,278,1088,74.4485
第15任總統副總統,在臺中市各投開票所,臺中市,　梧棲區,頂寮里,0159,39,305,465,809,14,823,0,823,301,1124,73.2206
第15任總統副總統,在臺中市各投開票所,臺中市,　梧棲區,頂寮里,0160,45,358,542,945,21,966,0,966,290,1256,76.9108
第15任總統副總統,在臺中市各投開票所,臺中市,　梧棲區,下寮里,0161,40,260,504,804,8,812,0,812,269,1081,75.1156
第15任總統副總統,在臺中市各投開票所,臺中市,　梧棲區,下寮里,0162,27,242,369,638,8,646,0,646,192,838,77.0883
第15任總統副總統,在臺中市各投開票所,臺中市,　梧棲區,中正里,0163,36,275,408,719,12,731,0,731,273,1004,72.8088
第15任總統副總統,在臺中市各投開票所,臺中市,　梧棲區,中正里,0164,50,387,547,984,22,1006,0,1006,400,1406,71.5505
第15任總統副總統,在臺中市各投開票所,臺中市,　梧棲區,中正里,0165,52,385,575,1012,14,1026,0,1026,356,1382,74.2402
第15任總統副總統,在臺中市各投開票所,臺中市,　梧棲區,中和里,0166,11,137,222,370,6,376,0,376,105,481,78.1705
第15任總統副總統,在臺中市各投開票所,臺中市,　梧棲區,文化里,0167,65,301,462,828,7,835,0,835,289,1124,74.2883
第15任總統副總統,在臺中市各投開票所,臺中市,　梧棲區,安仁里,0168,12,221,355,588,8,596,0,596,207,803,74.2217
第15任總統副總統,在臺中市各投開票所,臺中市,　梧棲區,草湳里,0169,31,282,384,697,16,713,0,713,294,1007,70.8044
第15任總統副總統,在臺中市各投開票所,臺中市,　梧棲區,草湳里,0170,59,355,583,997,9,1006,0,1006,285,1291,77.9241
第15任總統副總統,在臺中市各投開票所,臺中市,　梧棲區,草湳里,0171,27,228,463,718,9,727,0,727,285,1012,71.8379
第15任總統副總統,在臺中市各投開票所,臺中市,　梧棲區,草湳里,0172,52,339,600,991,15,1006,0,1006,329,1335,75.3558
第15任總統副總統,在臺中市各投開票所,臺中市,　梧棲區,草湳里,0173,48,335,595,978,20,998,0,998,363,1361,73.3284
第15任總統副總統,在臺中市各投開票所,臺中市,　梧棲區,南簡里,0174,33,251,635,919,13,932,0,932,308,1240,75.1613
第15任總統副總統,在臺中市各投開票所,臺中市,　梧棲區,南簡里,0175,48,263,535,846,11,857,0,857,283,1140,75.1754
第15任總統副總統,在臺中市各投開票所,臺中市,　梧棲區,南簡里,0176,46,272,592,910,9,919,0,919,302,1221,75.2662
第15任總統副總統,在臺中市各投開票所,臺中市,　梧棲區,南簡里,0177,50,310,599,959,10,969,0,969,328,1297,74.7109
第15任總統副總統,在臺中市各投開票所,臺中市,　梧棲區,福德里,0178,32,267,524,823,13,836,0,836,312,1148,72.8223
第15任總統副總統,在臺中市各投開票所,臺中市,　梧棲區,福德里,0179,37,265,483,785,8,793,0,793,341,1134,69.9295
第15任總統副總統,在臺中市各投開票所,臺中市,　梧棲區,福德里,0180,47,278,542,867,6,873,0,873,259,1132,77.1201
第15任總統副總統,在臺中市各投開票所,臺中市,　梧棲區,福德里,0181,22,260,519,801,11,812,0,812,293,1105,73.4842
第15任總統副總統,在臺中市各投開票所,臺中市,　梧棲區,大庄里,0182,41,220,448,709,16,725,0,725,200,925,78.3784
第15任總統副總統,在臺中市各投開票所,臺中市,　梧棲區,大庄里,0183,48,292,561,901,8,909,0,909,288,1197,75.9398
第15任總統副總統,在臺中市各投開票所,臺中市,　梧棲區,大庄里,0184,65,282,564,911,6,917,0,917,310,1227,74.7351
第15任總統副總統,在臺中市各投開票所,臺中市,　梧棲區,大庄里,0185,51,305,474,830,7,837,0,837,317,1154,72.5303
第15任總統副總統,在臺中市各投開票所,臺中市,　梧棲區,大庄里,0186,40,333,466,839,6,845,0,845,330,1175,71.9149
第15任總統副總統,在臺中市各投開票所,臺中市,　梧棲區,大庄里,0187,54,388,618,1060,13,1073,0,1073,327,1400,76.6429
第15任總統副總統,在臺中市各投開票所,臺中市,　梧棲區,大村里,0188,66,329,647,1042,18,1060,0,1060,341,1401,75.6602
第15任總統副總統,在臺中市各投開票所,臺中市,　梧棲區,大村里,0189,55,340,572,967,17,984,0,984,304,1288,76.3975
第15任總統副總統,在臺中市各投開票所,臺中市,　梧棲區,大村里,0190,36,290,556,882,9,891,0,891,338,1229,72.4980
第15任總統副總統,在臺中市各投開票所,臺中市,　梧棲區,大村里,0191,76,391,634,1101,14,1115,0,1115,369,1484,75.1348
第15任總統副總統,在臺中市各投開票所,臺中市,　梧棲區,興農里,0192,40,276,427,743,13,756,0,756,253,1009,74.9257
第15任總統副總統,在臺中市各投開票所,臺中市,　梧棲區,興農里,0193,51,293,599,943,13,956,0,956,290,1246,76.7255
第15任總統副總統,在臺中市各投開票所,臺中市,　梧棲區,永寧里,0194,29,246,477,752,8,760,0,760,249,1009,75.3221
第15任總統副總統,在臺中市各投開票所,臺中市,　梧棲區,永寧里,0195,42,269,537,848,19,867,0,867,281,1148,75.5226
第15任總統副總統,在臺中市各投開票所,臺中市,　梧棲區,永安里,0196,40,342,617,999,11,1010,0,1010,329,1339,75.4294
第15任總統副總統,在臺中市各投開票所,臺中市,　梧棲區,永安里,0197,40,267,519,826,8,834,0,834,243,1077,77.4373
第15任總統副總統,在臺中市各投開票所,臺中市,　后里區,廣福里,0452,35,276,323,634,16,650,0,650,189,839,77.4732
第15任總統副總統,在臺中市各投開票所,臺中市,　后里區,廣福里,0453,36,475,318,829,17,846,0,846,310,1156,73.1834
第15任總統副總統,在臺中市各投開票所,臺中市,　后里區,仁里里,0454,42,298,416,756,11,767,0,767,269,1036,74.0347
第15任總統副總統,在臺中市各投開票所,臺中市,　后里區,義里里,0455,52,341,408,801,7,808,0,808,268,1076,75.0929
第15任總統副總統,在臺中市各投開票所,臺中市,　后里區,義里里,0456,35,370,362,767,10,777,0,777,203,980,79.2857
第15任總統副總統,在臺中市各投開票所,臺中市,　后里區,義里里,0457,28,336,394,758,9,767,0,767,212,979,78.3453
第15任總統副總統,在臺中市各投開票所,臺中市,　后里區,義德里,0458,59,472,450,981,13,994,0,994,350,1344,73.9583
第15任總統副總統,在臺中市各投開票所,臺中市,　后里區,義德里,0459,45,419,508,972,17,989,0,989,232,1221,80.9992
第15任總統副總統,在臺中市各投開票所,臺中市,　后里區,后里里,0460,54,417,625,1096,14,1110,0,1110,306,1416,78.3898
第15任總統副總統,在臺中市各投開票所,臺中市,　后里區,后里里,0461,57,358,522,937,14,951,0,951,198,1149,82.7676
第15任總統副總統,在臺中市各投開票所,臺中市,　后里區,后里里,0462,41,333,421,795,12,807,0,807,216,1023,78.8856
第15任總統副總統,在臺中市各投開票所,臺中市,　后里區,厚里里,0463,40,290,427,757,11,768,0,768,175,943,81.4422
第15任總統副總統,在臺中市各投開票所,臺中市,　后里區,厚里里,0464,44,351,477,872,16,888,0,888,217,1105,80.3620
第15任總統副總統,在臺中市各投開票所,臺中市,　后里區,墩東里,0465,50,358,453,861,11,872,0,872,257,1129,77.2365
第15任總統副總統,在臺中市各投開票所,臺中市,　后里區,墩東里,0466,41,346,500,887,12,899,0,899,224,1123,80.0534
第15任總統副總統,在臺中市各投開票所,臺中市,　后里區,墩東里,0467,50,332,532,914,13,927,0,927,285,1212,76.4851
第15任總統副總統,在臺中市各投開票所,臺中市,　后里區,墩東里,0468,53,343,519,915,7,922,0,922,229,1151,80.1043
第15任總統副總統,在臺中市各投開票所,臺中市,　后里區,墩西里,0469,40,247,379,666,7,673,0,673,279,952,70.6933
第15任總統副總統,在臺中市各投開票所,臺中市,　后里區,墩西里,0470,35,228,470,733,8,741,0,741,205,946,78.3298
第15任總統副總統,在臺中市各投開票所,臺中市,　后里區,墩南里,0471,44,339,511,894,16,910,0,910,218,1128,80.6738
第15任總統副總統,在臺中市各投開票所,臺中市,　后里區,墩南里,0472,34,304,540,878,7,885,0,885,243,1128,78.4574
第15任總統副總統,在臺中市各投開票所,臺中市,　后里區,墩南里,0473,45,260,489,794,10,804,0,804,219,1023,78.5924
第15任總統副總統,在臺中市各投開票所,臺中市,　后里區,墩北里,0474,44,367,535,946,16,962,0,962,270,1232,78.0844
第15任總統副總統,在臺中市各投開票所,臺中市,　后里區,墩北里,0475,37,297,484,818,6,824,0,824,215,1039,79.3070
第15任總統副總統,在臺中市各投開票所,臺中市,　后里區,墩北里,0476,46,290,509,845,17,862,0,862,247,1109,77.7277
第15任總統副總統,在臺中市各投開票所,臺中市,　后里區,中和里,0477,38,301,591,930,13,943,0,943,259,1202,78.4526
第15任總統副總統,在臺中市各投開票所,臺中市,　后里區,中和里,0478,45,332,534,911,9,920,0,920,239,1159,79.3788
第15任總統副總統,在臺中市各投開票所,臺中市,　后里區,舊社里,0479,52,272,532,856,11,867,0,867,255,1122,77.2727
第15任總統副總統,在臺中市各投開票所,臺中市,　后里區,舊社里,0480,36,245,457,738,11,749,0,749,203,952,78.6765
第15任總統副總統,在臺中市各投開票所,臺中市,　后里區,聯合里,0481,37,201,292,530,11,541,0,541,139,680,79.5588
第15任總統副總統,在臺中市各投開票所,臺中市,　后里區,聯合里,0482,19,231,389,639,6,645,0,645,199,844,76.4218
第15任總統副總統,在臺中市各投開票所,臺中市,　后里區,太平里,0483,40,282,426,748,11,759,0,759,265,1024,74.1211
第15任總統副總統,在臺中市各投開票所,臺中市,　后里區,太平里,0484,53,292,445,790,19,809,0,809,234,1043,77.5647
第15任總統副總統,在臺中市各投開票所,臺中市,　后里區,眉山里,0485,39,311,462,812,10,822,0,822,209,1031,79.7284
第15任總統副總統,在臺中市各投開票所,臺中市,　后里區,眉山里,0486,45,307,474,826,12,838,0,838,204,1042,80.4223
第15任總統副總統,在臺中市各投開票所,臺中市,　后里區,眉山里,0487,43,302,357,702,5,707,0,707,245,952,74.2647
第15任總統副總統,在臺中市各投開票所,臺中市,　后里區,月眉里,0488,31,257,427,715,6,721,0,721,195,916,78.7118
第15任總統副總統,在臺中市各投開票所,臺中市,　后里區,月眉里,0489,35,222,460,717,10,727,0,727,219,946,76.8499
第15任總統副總統,在臺中市各投開票所,臺中市,　后里區,公館里,0490,28,259,479,766,9,775,0,775,252,1027,75.4625
第15任總統副總統,在臺中市各投開票所,臺中市,　后里區,公館里,0491,45,299,461,805,15,820,0,820,243,1063,77.1402
第15任總統副總統,在臺中市各投開票所,臺中市,　后里區,泰安里,0492,43,322,646,1011,18,1029,0,1029,320,1349,76.2787
第15任總統副總統,在臺中市各投開票所,臺中市,　神岡區,神岡里,0493,32,275,479,786,7,793,0,793,201,994,79.7787
第15任總統副總統,在臺中市各投開票所,臺中市,　神岡區,神岡里,0494,30,284,465,779,13,792,0,792,185,977,81.0645
第15任總統副總統,在臺中市各投開票所,臺中市,　神岡區,神岡里,0495,37,302,454,793,7,800,0,800,324,1124,71.1744
第15任總統副總統,在臺中市各投開票所,臺中市,　神岡區,庄前里,0496,60,297,556,913,7,920,0,920,254,1174,78.3646
第15任總統副總統,在臺中市各投開票所,臺中市,　神岡區,庄前里,0497,32,291,489,812,8,820,0,820,203,1023,80.1564
第15任總統副總統,在臺中市各投開票所,臺中市,　神岡區,北庄里,0498,51,328,604,983,10,993,0,993,251,1244,79.8232
第15任總統副總統,在臺中市各投開票所,臺中市,　神岡區,北庄里,0499,41,350,587,978,12,990,0,990,274,1264,78.3228
第15任總統副總統,在臺中市各投開票所,臺中市,　神岡區,庄後里,0500,41,237,586,864,15,879,0,879,232,1111,79.1179
第15任總統副總統,在臺中市各投開票所,臺中市,　神岡區,庄後里,0501,39,261,550,850,12,862,0,862,183,1045,82.4880
第15任總統副總統,在臺中市各投開票所,臺中市,　神岡區,圳前里,0502,39,334,605,978,15,993,0,993,210,1203,82.5436
第15任總統副總統,在臺中市各投開票所,臺中市,　神岡區,圳前里,0503,47,356,380,783,15,798,0,798,285,1083,73.6842
第15任總統副總統,在臺中市各投開票所,臺中市,　神岡區,圳堵里,0504,37,246,431,714,8,722,0,722,158,880,82.0455
第15任總統副總統,在臺中市各投開票所,臺中市,　神岡區,圳堵里,0505,34,364,449,847,12,859,0,859,306,1165,73.7339
第15任總統副總統,在臺中市各投開票所,臺中市,　神岡區,新庄里,0506,47,300,641,988,22,1010,0,1010,270,1280,78.9063
第15任總統副總統,在臺中市各投開票所,臺中市,　神岡區,新庄里,0507,23,317,652,992,13,1005,0,1005,361,1366,73.5725
第15任總統副總統,在臺中市各投開票所,臺中市,　神岡區,新庄里,0508,48,367,555,970,21,991,0,991,367,1358,72.9750
第15任總統副總統,在臺中市各投開票所,臺中市,　神岡區,山皮里,0509,41,222,522,785,9,794,0,794,209,1003,79.1625
第15任總統副總統,在臺中市各投開票所,臺中市,　神岡區,社口里,0510,47,280,534,861,10,871,0,871,267,1138,76.5378
第15任總統副總統,在臺中市各投開票所,臺中市,　神岡區,社口里,0511,30,290,598,918,16,934,0,934,284,1218,76.6831
第15任總統副總統,在臺中市各投開票所,臺中市,　神岡區,社口里,0512,59,316,641,1016,13,1029,0,1029,277,1306,78.7902
第15任總統副總統,在臺中市各投開票所,臺中市,　神岡區,社口里,0513,33,259,530,822,7,829,0,829,247,1076,77.0446
第15任總統副總統,在臺中市各投開票所,臺中市,　神岡區,社口里,0514,37,264,591,892,6,898,0,898,266,1164,77.1478
第15任總統副總統,在臺中市各投開票所,臺中市,　神岡區,社口里,0515,61,282,594,937,7,944,0,944,278,1222,77.2504
第15任總統副總統,在臺中市各投開票所,臺中市,　神岡區,社南里,0516,43,305,671,1019,6,1025,0,1025,332,1357,75.5343
第15任總統副總統,在臺中市各投開票所,臺中市,　神岡區,社南里,0517,39,236,617,892,9,901,0,901,223,1124,80.1601
第15任總統副總統,在臺中市各投開票所,臺中市,　神岡區,社南里,0518,62,335,717,1114,12,1126,0,1126,265,1391,80.9490
第15任總統副總統,在臺中市各投開票所,臺中市,　神岡區,社南里,0519,39,281,657,977,12,989,0,989,259,1248,79.2468
第15任總統副總統,在臺中市各投開票所,臺中市,　神岡區,三角里,0520,44,264,596,904,7,911,0,911,242,1153,79.0113
第15任總統副總統,在臺中市各投開票所,臺中市,　神岡區,三角里,0521,49,335,672,1056,10,1066,0,1066,271,1337,79.7307
第15任總統副總統,在臺中市各投開票所,臺中市,　神岡區,大社里,0522,36,299,546,881,9,890,0,890,207,1097,81.1304
第15任總統副總統,在臺中市各投開票所,臺中市,　神岡區,大社里,0523,39,240,546,825,11,836,0,836,254,1090,76.6972
第15任總統副總統,在臺中市各投開票所,臺中市,　神岡區,大社里,0524,39,283,375,697,2,699,0,699,238,937,74.5998
第15任總統副總統,在臺中市各投開票所,臺中市,　神岡區,大社里,0525,29,330,463,822,14,836,0,836,295,1131,73.9169
第15任總統副總統,在臺中市各投開票所,臺中市,　神岡區,岸裡里,0526,43,355,733,1131,8,1139,0,1139,286,1425,79.9298
第15任總統副總統,在臺中市各投開票所,臺中市,　神岡區,岸裡里,0527,39,319,701,1059,14,1073,0,1073,301,1374,78.0932
第15任總統副總統,在臺中市各投開票所,臺中市,　神岡區,豐洲里,0528,55,303,533,891,10,901,0,901,298,1199,75.1460
第15任總統副總統,在臺中市各投開票所,臺中市,　神岡區,豐洲里,0529,54,287,549,890,14,904,0,904,346,1250,72.3200
第15任總統副總統,在臺中市各投開票所,臺中市,　神岡區,豐洲里,0530,43,251,524,818,16,834,0,834,205,1039,80.2695
第15任總統副總統,在臺中市各投開票所,臺中市,　神岡區,豐洲里,0531,50,321,664,1035,5,1040,0,1040,260,1300,80.0000
第15任總統副總統,在臺中市各投開票所,臺中市,　神岡區,豐洲里,0532,32,242,530,804,9,813,0,813,232,1045,77.7990
第15任總統副總統,在臺中市各投開票所,臺中市,　神岡區,豐洲里,0533,47,299,566,912,10,922,0,922,252,1174,78.5349
第15任總統副總統,在臺中市各投開票所,臺中市,　神岡區,神洲里,0534,50,225,630,905,14,919,0,919,259,1178,78.0136
第15任總統副總統,在臺中市各投開票所,臺中市,　神岡區,神洲里,0535,42,302,677,1021,10,1031,0,1031,260,1291,79.8606
第15任總統副總統,在臺中市各投開票所,臺中市,　神岡區,溪洲里,0536,59,371,682,1112,18,1130,0,1130,277,1407,80.3127
第15任總統副總統,在臺中市各投開票所,臺中市,　神岡區,溪洲里,0537,51,285,701,1037,15,1052,0,1052,246,1298,81.0478
第15任總統副總統,在臺中市各投開票所,臺中市,　潭子區,潭秀里,0591,43,288,647,978,14,992,0,992,267,1259,78.7927
第15任總統副總統,在臺中市各投開票所,臺中市,　潭子區,潭北里,0592,40,361,423,824,18,842,0,842,266,1108,75.9928
第15任總統副總統,在臺中市各投開票所,臺中市,　潭子區,潭北里,0593,38,375,490,903,17,920,0,920,235,1155,79.6537
第15任總統副總統,在臺中市各投開票所,臺中市,　潭子區,潭陽里,0594,45,327,517,889,13,902,0,902,247,1149,78.5030
第15任總統副總統,在臺中市各投開票所,臺中市,　潭子區,潭陽里,0595,51,328,547,926,2,928,0,928,289,1217,76.2531
第15任總統副總統,在臺中市各投開票所,臺中市,　潭子區,潭陽里,0596,47,319,585,951,12,963,0,963,335,1298,74.1911
第15任總統副總統,在臺中市各投開票所,臺中市,　潭子區,潭陽里,0597,41,258,434,733,10,743,0,743,213,956,77.7197
第15任總統副總統,在臺中市各投開票所,臺中市,　潭子區,潭陽里,0598,39,363,613,1015,13,1028,0,1028,299,1327,77.4680
第15任總統副總統,在臺中市各投開票所,臺中市,　潭子區,潭陽里,0599,78,404,566,1048,10,1058,0,1058,343,1401,75.5175
第15任總統副總統,在臺中市各投開票所,臺中市,　潭子區,潭陽里,0600,51,352,509,912,10,922,0,922,248,1170,78.8034
第15任總統副總統,在臺中市各投開票所,臺中市,　潭子區,潭陽里,0601,46,345,480,871,4,875,0,875,236,1111,78.7579
第15任總統副總統,在臺中市各投開票所,臺中市,　潭子區,潭陽里,0602,46,268,456,770,13,783,0,783,245,1028,76.1673
第15任總統副總統,在臺中市各投開票所,臺中市,　潭子區,福仁里,0603,51,381,569,1001,11,1012,0,1012,272,1284,78.8162
第15任總統副總統,在臺中市各投開票所,臺中市,　潭子區,福仁里,0604,47,415,563,1025,5,1030,0,1030,295,1325,77.7358
第15任總統副總統,在臺中市各投開票所,臺中市,　潭子區,福仁里,0605,59,361,535,955,7,962,0,962,373,1335,72.0599
第15任總統副總統,在臺中市各投開票所,臺中市,　潭子區,福仁里,0606,51,338,418,807,15,822,0,822,256,1078,76.2523
第15任總統副總統,在臺中市各投開票所,臺中市,　潭子區,福仁里,0607,52,472,585,1109,13,1122,0,1122,252,1374,81.6594
第15任總統副總統,在臺中市各投開票所,臺中市,　潭子區,福仁里,0608,65,418,642,1125,16,1141,0,1141,338,1479,77.1467
第15任總統副總統,在臺中市各投開票所,臺中市,　潭子區,福仁里,0609,57,431,484,972,13,985,0,985,332,1317,74.7912
第15任總統副總統,在臺中市各投開票所,臺中市,　潭子區,福仁里,0610,25,226,403,654,6,660,0,660,206,866,76.2125
第15任總統副總統,在臺中市各投開票所,臺中市,　潭子區,頭家里,0611,62,422,586,1070,17,1087,0,1087,262,1349,80.5782
第15任總統副總統,在臺中市各投開票所,臺中市,　潭子區,頭家里,0612,50,389,566,1005,15,1020,0,1020,285,1305,78.1609
第15任總統副總統,在臺中市各投開票所,臺中市,　潭子區,頭家里,0613,49,384,514,947,10,957,0,957,288,1245,76.8675
第15任總統副總統,在臺中市各投開票所,臺中市,　潭子區,頭家里,0614,52,323,564,939,15,954,0,954,276,1230,77.5610
第15任總統副總統,在臺中市各投開票所,臺中市,　潭子區,頭家東里,0615,46,362,517,925,10,935,0,935,333,1268,73.7382
第15任總統副總統,在臺中市各投開票所,臺中市,　潭子區,頭家東里,0616,49,427,469,945,19,964,0,964,252,1216,79.2763
第15任總統副總統,在臺中市各投開票所,臺中市,　潭子區,頭家東里,0617,18,193,306,517,4,521,0,521,158,679,76.7305
第15任總統副總統,在臺中市各投開票所,臺中市,　潭子區,頭家東里,0618,46,322,429,797,11,808,0,808,266,1074,75.2328
第15任總統副總統,在臺中市各投開票所,臺中市,　潭子區,家興里,0619,55,361,481,897,13,910,0,910,315,1225,74.2857
第15任總統副總統,在臺中市各投開票所,臺中市,　潭子區,家興里,0620,45,327,424,796,10,806,0,806,215,1021,78.9422
第15任總統副總統,在臺中市各投開票所,臺中市,　潭子區,家興里,0621,48,361,424,833,5,838,0,838,250,1088,77.0221
第15任總統副總統,在臺中市各投開票所,臺中市,　潭子區,家興里,0622,37,379,441,857,10,867,0,867,305,1172,73.9761
第15任總統副總統,在臺中市各投開票所,臺中市,　潭子區,家興里,0623,36,258,450,744,16,760,0,760,200,960,79.1667
第15任總統副總統,在臺中市各投開票所,臺中市,　潭子區,家興里,0624,69,304,501,874,4,878,0,878,271,1149,76.4143
第15任總統副總統,在臺中市各投開票所,臺中市,　潭子區,家福里,0625,58,352,625,1035,8,1043,0,1043,221,1264,82.5158
第15任總統副總統,在臺中市各投開票所,臺中市,　潭子區,家福里,0626,62,363,504,929,13,942,0,942,253,1195,78.8285
第15任總統副總統,在臺中市各投開票所,臺中市,　潭子區,家福里,0627,24,273,374,671,7,678,0,678,180,858,79.0210
第15任總統副總統,在臺中市各投開票所,臺中市,　潭子區,家福里,0628,52,315,476,843,6,849,0,849,231,1080,78.6111
第15任總統副總統,在臺中市各投開票所,臺中市,　潭子區,甘蔗里,0629,44,431,542,1017,4,1021,0,1021,271,1292,79.0248
第15任總統副總統,在臺中市各投開票所,臺中市,　潭子區,甘蔗里,0630,39,373,584,996,7,1003,0,1003,252,1255,79.9203
第15任總統副總統,在臺中市各投開票所,臺中市,　潭子區,甘蔗里,0631,49,369,586,1004,14,1018,0,1018,325,1343,75.8004
第15任總統副總統,在臺中市各投開票所,臺中市,　潭子區,甘蔗里,0632,48,387,685,1120,9,1129,0,1129,275,1404,80.4131
第15任總統副總統,在臺中市各投開票所,臺中市,　潭子區,甘蔗里,0633,55,381,550,986,9,995,0,995,302,1297,76.7155
第15任總統副總統,在臺中市各投開票所,臺中市,　潭子區,甘蔗里,0634,62,365,492,919,11,930,0,930,284,1214,76.6063
第15任總統副總統,在臺中市各投開票所,臺中市,　潭子區,甘蔗里,0635,49,413,523,985,6,991,0,991,285,1276,77.6646
第15任總統副總統,在臺中市各投開票所,臺中市,　潭子區,東寶里,0636,61,353,625,1039,13,1052,0,1052,289,1341,78.4489
第15任總統副總統,在臺中市各投開票所,臺中市,　潭子區,東寶里,0637,60,372,642,1074,13,1087,0,1087,245,1332,81.6066
第15任總統副總統,在臺中市各投開票所,臺中市,　潭子區,東寶里,0638,48,277,594,919,17,936,0,936,275,1211,77.2915
第15任總統副總統,在臺中市各投開票所,臺中市,　潭子區,東寶里,0639,40,373,661,1074,8,1082,0,1082,323,1405,77.0107
第15任總統副總統,在臺中市各投開票所,臺中市,　潭子區,東寶里,0640,45,364,579,988,10,998,0,998,233,1231,81.0723
第15任總統副總統,在臺中市各投開票所,臺中市,　潭子區,東寶里,0641,31,396,509,936,10,946,0,946,233,1179,80.2375
第15任總統副總統,在臺中市各投開票所,臺中市,　潭子區,東寶里,0642,45,394,623,1062,9,1071,0,1071,334,1405,76.2278
第15任總統副總統,在臺中市各投開票所,臺中市,　潭子區,東寶里,0643,52,339,614,1005,9,1014,1,1015,268,1283,79.0335
第15任總統副總統,在臺中市各投開票所,臺中市,　潭子區,東寶里,0644,54,360,541,955,9,964,0,964,316,1280,75.3125
第15任總統副總統,在臺中市各投開票所,臺中市,　潭子區,大富里,0645,55,321,703,1079,30,1109,0,1109,277,1386,80.0144
第15任總統副總統,在臺中市各投開票所,臺中市,　潭子區,大富里,0646,51,360,627,1038,11,1049,0,1049,270,1319,79.5299
第15任總統副總統,在臺中市各投開票所,臺中市,　潭子區,大豐里,0647,54,392,646,1092,13,1105,0,1105,256,1361,81.1903
第15任總統副總統,在臺中市各投開票所,臺中市,　潭子區,大豐里,0648,68,388,651,1107,22,1129,0,1129,303,1432,78.8408
第15任總統副總統,在臺中市各投開票所,臺中市,　潭子區,大豐里,0649,67,387,716,1170,10,1180,0,1180,290,1470,80.2721
第15任總統副總統,在臺中市各投開票所,臺中市,　潭子區,大豐里,0650,53,345,749,1147,7,1154,0,1154,284,1438,80.2503
第15任總統副總統,在臺中市各投開票所,臺中市,　潭子區,栗林里,0651,37,361,580,978,8,986,0,986,272,1258,78.3784
第15任總統副總統,在臺中市各投開票所,臺中市,　潭子區,栗林里,0652,30,278,499,807,11,818,0,818,214,1032,79.2636
第15任總統副總統,在臺中市各投開票所,臺中市,　潭子區,栗林里,0653,55,313,598,966,4,970,0,970,233,1203,80.6318
第15任總統副總統,在臺中市各投開票所,臺中市,　潭子區,栗林里,0654,34,207,504,745,12,757,0,757,230,987,76.6971
第15任總統副總統,在臺中市各投開票所,臺中市,　潭子區,嘉仁里,0655,35,311,724,1070,11,1081,0,1081,299,1380,78.3333
第15任總統副總統,在臺中市各投開票所,臺中市,　潭子區,嘉仁里,0656,27,270,523,820,9,829,0,829,169,998,83.0661
第15任總統副總統,在臺中市各投開票所,臺中市,　潭子區,嘉仁里,0657,57,466,600,1123,14,1137,0,1137,334,1471,77.2944
第15任總統副總統,在臺中市各投開票所,臺中市,　潭子區,新田里,0658,53,358,726,1137,15,1152,0,1152,334,1486,77.5236
第15任總統副總統,在臺中市各投開票所,臺中市,　潭子區,聚興里,0659,46,326,639,1011,9,1020,0,1020,321,1341,76.0626
第15任總統副總統,在臺中市各投開票所,臺中市,　潭子區,聚興里,0660,52,457,546,1055,12,1067,0,1067,307,1374,77.6565
第15任總統副總統,在臺中市各投開票所,臺中市,　潭子區,聚興里,0661,38,315,455,808,21,829,0,829,524,1353,61.2712
第15任總統副總統,在臺中市各投開票所,臺中市,　大雅區,上雅里,0538,69,446,598,1113,14,1127,0,1127,322,1449,77.7778
第15任總統副總統,在臺中市各投開票所,臺中市,　大雅區,上雅里,0539,56,378,706,1140,13,1153,0,1153,316,1469,78.4888
第15任總統副總統,在臺中市各投開票所,臺中市,　大雅區,上雅里,0540,56,332,588,976,9,985,0,985,485,1470,67.0068
第15任總統副總統,在臺中市各投開票所,臺中市,　大雅區,上雅里,0541,66,426,638,1130,18,1148,0,1148,314,1462,78.5226
第15任總統副總統,在臺中市各投開票所,臺中市,　大雅區,大雅里,0542,55,438,623,1116,9,1125,0,1125,256,1381,81.4627
第15任總統副總統,在臺中市各投開票所,臺中市,　大雅區,大雅里,0543,50,439,630,1119,18,1137,0,1137,300,1437,79.1232
第15任總統副總統,在臺中市各投開票所,臺中市,　大雅區,大雅里,0544,63,383,661,1107,23,1130,0,1130,311,1441,78.4178
第15任總統副總統,在臺中市各投開票所,臺中市,　大雅區,文雅里,0545,46,483,551,1080,9,1089,0,1089,381,1470,74.0816
第15任總統副總統,在臺中市各投開票所,臺中市,　大雅區,文雅里,0546,56,468,574,1098,10,1108,0,1108,351,1459,75.9424
第15任總統副總統,在臺中市各投開票所,臺中市,　大雅區,文雅里,0547,48,393,708,1149,12,1161,0,1161,303,1464,79.3033
第15任總統副總統,在臺中市各投開票所,臺中市,　大雅區,文雅里,0548,36,417,611,1064,14,1078,0,1078,285,1363,79.0902
第15任總統副總統,在臺中市各投開票所,臺中市,　大雅區,三和里,0549,36,350,573,959,13,972,0,972,239,1211,80.2642
第15任總統副總統,在臺中市各投開票所,臺中市,　大雅區,三和里,0550,54,380,679,1113,11,1124,0,1124,302,1426,78.8219
第15任總統副總統,在臺中市各投開票所,臺中市,　大雅區,三和里,0551,41,325,533,899,8,907,0,907,251,1158,78.3247
第15任總統副總統,在臺中市各投開票所,臺中市,　大雅區,三和里,0552,54,339,555,948,13,961,0,961,249,1210,79.4215
第15任總統副總統,在臺中市各投開票所,臺中市,　大雅區,二和里,0553,47,374,662,1083,16,1099,0,1099,323,1422,77.2855
第15任總統副總統,在臺中市各投開票所,臺中市,　大雅區,二和里,0554,58,398,641,1097,17,1114,0,1114,343,1457,76.4585
第15任總統副總統,在臺中市各投開票所,臺中市,　大雅區,二和里,0555,56,458,621,1135,14,1149,0,1149,302,1451,79.1868
第15任總統副總統,在臺中市各投開票所,臺中市,　大雅區,二和里,0556,54,419,595,1068,13,1081,0,1081,329,1410,76.6667
第15任總統副總統,在臺中市各投開票所,臺中市,　大雅區,四德里,0557,60,433,642,1135,8,1143,0,1143,313,1456,78.5027
第15任總統副總統,在臺中市各投開票所,臺中市,　大雅區,四德里,0558,61,421,643,1125,19,1144,0,1144,318,1462,78.2490
第15任總統副總統,在臺中市各投開票所,臺中市,　大雅區,四德里,0559,68,435,668,1171,12,1183,0,1183,297,1480,79.9324
第15任總統副總統,在臺中市各投開票所,臺中市,　大雅區,西寶里,0560,37,418,703,1158,16,1174,0,1174,373,1547,75.8888
第15任總統副總統,在臺中市各投開票所,臺中市,　大雅區,西寶里,0561,73,367,710,1150,10,1160,0,1160,364,1524,76.1155
第15任總統副總統,在臺中市各投開票所,臺中市,　大雅區,西寶里,0562,44,389,694,1127,12,1139,0,1139,360,1499,75.9840
第15任總統副總統,在臺中市各投開票所,臺中市,　大雅區,上楓里,0563,62,382,688,1132,13,1145,0,1145,330,1475,77.6271
第15任總統副總統,在臺中市各投開票所,臺中市,　大雅區,上楓里,0564,59,404,646,1109,15,1124,0,1124,350,1474,76.2551
第15任總統副總統,在臺中市各投開票所,臺中市,　大雅區,上楓里,0565,55,368,717,1140,9,1149,0,1149,285,1434,80.1255
第15任總統副總統,在臺中市各投開票所,臺中市,　大雅區,上楓里,0566,52,397,654,1103,19,1122,0,1122,335,1457,77.0075
第15任總統副總統,在臺中市各投開票所,臺中市,　大雅區,大楓里,0567,67,443,675,1185,18,1203,0,1203,393,1596,75.3759
第15任總統副總統,在臺中市各投開票所,臺中市,　大雅區,大楓里,0568,61,393,756,1210,9,1219,0,1219,403,1622,75.1541
第15任總統副總統,在臺中市各投開票所,臺中市,　大雅區,大楓里,0569,56,433,686,1175,15,1190,0,1190,332,1522,78.1866
第15任總統副總統,在臺中市各投開票所,臺中市,　大雅區,雅楓里,0570,50,301,466,817,22,839,0,839,213,1052,79.7529
第15任總統副總統,在臺中市各投開票所,臺中市,　大雅區,雅楓里,0571,43,315,458,816,11,827,0,827,239,1066,77.5797
第15任總統副總統,在臺中市各投開票所,臺中市,　大雅區,雅楓里,0572,57,425,474,956,21,977,0,977,391,1368,71.4181
第15任總統副總統,在臺中市各投開票所,臺中市,　大雅區,員林里,0573,47,353,680,1080,12,1092,0,1092,304,1396,78.2235
第15任總統副總統,在臺中市各投開票所,臺中市,　大雅區,員林里,0574,50,432,689,1171,15,1186,0,1186,275,1461,81.1773
第15任總統副總統,在臺中市各投開票所,臺中市,　大雅區,員林里,0575,68,465,656,1189,12,1201,0,1201,344,1545,77.7346
第15任總統副總統,在臺中市各投開票所,臺中市,　大雅區,員林里,0576,59,388,652,1099,17,1116,0,1116,281,1397,79.8855
第15任總統副總統,在臺中市各投開票所,臺中市,　大雅區,員林里,0577,57,388,749,1194,19,1213,0,1213,301,1514,80.1189
第15任總統副總統,在臺中市各投開票所,臺中市,　大雅區,員林里,0578,69,388,725,1182,14,1196,0,1196,312,1508,79.3103
第15任總統副總統,在臺中市各投開票所,臺中市,　大雅區,六寶里,0579,63,605,390,1058,13,1071,0,1071,385,1456,73.5577
第15任總統副總統,在臺中市各投開票所,臺中市,　大雅區,六寶里,0580,53,453,718,1224,17,1241,0,1241,368,1609,77.1287
第15任總統副總統,在臺中市各投開票所,臺中市,　大雅區,六寶里,0581,56,487,532,1075,14,1089,0,1089,327,1416,76.9068
第15任總統副總統,在臺中市各投開票所,臺中市,　大雅區,六寶里,0582,52,386,665,1103,13,1116,0,1116,331,1447,77.1251
第15任總統副總統,在臺中市各投開票所,臺中市,　大雅區,秀山里,0583,56,397,770,1223,10,1233,0,1233,301,1534,80.3781
第15任總統副總統,在臺中市各投開票所,臺中市,　大雅區,秀山里,0584,75,479,787,1341,20,1361,0,1361,283,1644,82.7859
第15任總統副總統,在臺中市各投開票所,臺中市,　大雅區,橫山里,0585,68,363,682,1113,10,1123,0,1123,286,1409,79.7019
第15任總統副總統,在臺中市各投開票所,臺中市,　大雅區,橫山里,0586,40,403,697,1140,11,1151,0,1151,328,1479,77.8229
第15任總統副總統,在臺中市各投開票所,臺中市,　大雅區,橫山里,0587,49,347,581,977,12,989,5,994,268,1262,78.3677
第15任總統副總統,在臺中市各投開票所,臺中市,　大雅區,忠義里,0588,30,544,194,768,16,784,0,784,294,1078,72.7273
第15任總統副總統,在臺中市各投開票所,臺中市,　大雅區,忠義里,0589,38,514,294,846,14,860,0,860,294,1154,74.5234
第15任總統副總統,在臺中市各投開票所,臺中市,　大雅區,忠義里,0590,45,572,304,921,11,932,0,932,341,1273,73.2129
第15任總統副總統,在臺中市各投開票所,臺中市,　新社區,新社里,1769,31,299,436,766,7,773,0,773,213,986,78.3976
第15任總統副總統,在臺中市各投開票所,臺中市,　新社區,新社里,1770,43,391,445,879,7,886,0,886,247,1133,78.1995
第15任總統副總統,在臺中市各投開票所,臺中市,　新社區,新社里,1771,44,360,384,788,7,795,0,795,249,1044,76.1494
第15任總統副總統,在臺中市各投開票所,臺中市,　新社區,復盛里,1772,37,282,322,641,9,650,0,650,238,888,73.1982
第15任總統副總統,在臺中市各投開票所,臺中市,　新社區,復盛里,1773,40,279,342,661,6,667,0,667,242,909,73.3773
第15任總統副總統,在臺中市各投開票所,臺中市,　新社區,中正里,1774,52,399,566,1017,17,1034,0,1034,284,1318,78.4522
第15任總統副總統,在臺中市各投開票所,臺中市,　新社區,月湖里,1775,30,270,438,738,12,750,0,750,225,975,76.9231
第15任總統副總統,在臺中市各投開票所,臺中市,　新社區,崑山里,1776,35,239,589,863,14,877,0,877,253,1130,77.6106
第15任總統副總統,在臺中市各投開票所,臺中市,　新社區,大南里,1777,23,301,356,680,12,692,0,692,261,953,72.6128
第15任總統副總統,在臺中市各投開票所,臺中市,　新社區,大南里,1778,39,284,322,645,14,659,0,659,199,858,76.8065
第15任總統副總統,在臺中市各投開票所,臺中市,　新社區,永源里,1779,31,296,425,752,7,759,0,759,248,1007,75.3724
第15任總統副總統,在臺中市各投開票所,臺中市,　新社區,永源里,1780,34,272,487,793,12,805,0,805,217,1022,78.7671
第15任總統副總統,在臺中市各投開票所,臺中市,　新社區,永源里,1781,16,176,464,656,10,666,0,666,168,834,79.8561
第15任總統副總統,在臺中市各投開票所,臺中市,　新社區,中興里,1782,12,307,141,460,2,462,0,462,102,564,81.9149
第15任總統副總統,在臺中市各投開票所,臺中市,　新社區,協成里,1783,39,272,442,753,10,763,0,763,222,985,77.4619
第15任總統副總統,在臺中市各投開票所,臺中市,　新社區,協成里,1784,35,201,445,681,15,696,0,696,172,868,80.1843
第15任總統副總統,在臺中市各投開票所,臺中市,　新社區,協成里,1785,22,311,357,690,9,699,0,699,252,951,73.5016
第15任總統副總統,在臺中市各投開票所,臺中市,　新社區,東興里,1786,24,427,427,878,16,894,0,894,294,1188,75.2525
第15任總統副總統,在臺中市各投開票所,臺中市,　新社區,慶西里,1787,7,89,64,160,2,162,0,162,52,214,75.7009
第15任總統副總統,在臺中市各投開票所,臺中市,　新社區,慶西里,1788,18,156,283,457,11,468,0,468,184,652,71.7791
第15任總統副總統,在臺中市各投開票所,臺中市,　新社區,中和里,1789,24,287,123,434,8,442,0,442,131,573,77.1379
第15任總統副總統,在臺中市各投開票所,臺中市,　新社區,福興里,1790,29,286,315,630,9,639,0,639,269,908,70.3744
第15任總統副總統,在臺中市各投開票所,臺中市,　新社區,福興里,1791,3,106,58,167,2,169,0,169,53,222,76.1261
第15任總統副總統,在臺中市各投開票所,臺中市,　石岡區,石岡里,1758,37,379,499,915,12,927,0,927,268,1195,77.5732
第15任總統副總統,在臺中市各投開票所,臺中市,　石岡區,萬安里,1759,67,474,641,1182,19,1201,0,1201,290,1491,80.5500
第15任總統副總統,在臺中市各投開票所,臺中市,　石岡區,九房里,1760,33,370,467,870,10,880,0,880,275,1155,76.1905
第15任總統副總統,在臺中市各投開票所,臺中市,　石岡區,金星里,1761,47,353,489,889,14,903,0,903,324,1227,73.5941
第15任總統副總統,在臺中市各投開票所,臺中市,　石岡區,龍興里,1762,25,203,264,492,6,498,0,498,140,638,78.0564
第15任總統副總統,在臺中市各投開票所,臺中市,　石岡區,萬興里,1763,51,430,590,1071,29,1100,0,1100,311,1411,77.9589
第15任總統副總統,在臺中市各投開票所,臺中市,　石岡區,梅子里,1764,25,194,284,503,6,509,0,509,158,667,76.3118
第15任總統副總統,在臺中市各投開票所,臺中市,　石岡區,梅子里,1765,41,372,422,835,20,855,0,855,234,1089,78.5124
第15任總統副總統,在臺中市各投開票所,臺中市,　石岡區,土牛里,1766,33,347,352,732,11,743,0,743,241,984,75.5081
第15任總統副總統,在臺中市各投開票所,臺中市,　石岡區,德興里,1767,48,497,486,1031,10,1041,0,1041,341,1382,75.3256
第15任總統副總統,在臺中市各投開票所,臺中市,　石岡區,和盛里,1768,37,433,444,914,9,923,0,923,279,1202,76.7887
第15任總統副總統,在臺中市各投開票所,臺中市,　外埔區,永豐里,0075,43,319,386,748,9,757,0,757,282,1039,72.8585
第15任總統副總統,在臺中市各投開票所,臺中市,　外埔區,六分里,0076,42,357,362,761,5,766,0,766,232,998,76.7535
第15任總統副總統,在臺中市各投開票所,臺中市,　外埔區,六分里,0077,41,364,430,835,11,846,1,847,268,1115,75.8744
第15任總統副總統,在臺中市各投開票所,臺中市,　外埔區,大同里,0078,35,321,379,735,9,744,0,744,255,999,74.4745
第15任總統副總統,在臺中市各投開票所,臺中市,　外埔區,大同里,0079,37,244,368,649,8,657,0,657,170,827,79.4438
第15任總統副總統,在臺中市各投開票所,臺中市,　外埔區,大同里,0080,55,415,518,988,15,1003,0,1003,301,1304,76.9172
第15任總統副總統,在臺中市各投開票所,臺中市,　外埔區,大同里,0081,43,445,534,1022,14,1036,0,1036,366,1402,73.8944
第15任總統副總統,在臺中市各投開票所,臺中市,　外埔區,大東里,0082,29,315,402,746,9,755,0,755,323,1078,70.0371
第15任總統副總統,在臺中市各投開票所,臺中市,　外埔區,大東里,0083,47,370,448,865,11,876,0,876,305,1181,74.1744
第15任總統副總統,在臺中市各投開票所,臺中市,　外埔區,大東里,0084,42,388,481,911,12,923,0,923,368,1291,71.4950
第15任總統副總統,在臺中市各投開票所,臺中市,　外埔區,大東里,0085,57,408,535,1000,12,1012,0,1012,308,1320,76.6667
第15任總統副總統,在臺中市各投開票所,臺中市,　外埔區,大東里,0086,54,377,559,990,21,1011,0,1011,323,1334,75.7871
第15任總統副總統,在臺中市各投開票所,臺中市,　外埔區,三崁里,0087,43,301,408,752,12,764,0,764,276,1040,73.4615
第15任總統副總統,在臺中市各投開票所,臺中市,　外埔區,三崁里,0088,28,214,317,559,6,565,0,565,217,782,72.2506
第15任總統副總統,在臺中市各投開票所,臺中市,　外埔區,水美里,0089,48,321,457,826,7,833,0,833,263,1096,76.0036
第15任總統副總統,在臺中市各投開票所,臺中市,　外埔區,水美里,0090,23,345,405,773,10,783,0,783,275,1058,74.0076
第15任總統副總統,在臺中市各投開票所,臺中市,　外埔區,水美里,0091,31,375,511,917,6,923,0,923,272,1195,77.2385
第15任總統副總統,在臺中市各投開票所,臺中市,　外埔區,鐵山里,0092,48,266,348,662,11,673,0,673,272,945,71.2169
第15任總統副總統,在臺中市各投開票所,臺中市,　外埔區,鐵山里,0093,44,322,464,830,7,837,0,837,294,1131,74.0053
第15任總統副總統,在臺中市各投開票所,臺中市,　外埔區,中山里,0094,45,382,459,886,16,902,0,902,267,1169,77.1600
第15任總統副總統,在臺中市各投開票所,臺中市,　外埔區,馬鳴里,0095,57,379,523,959,14,973,0,973,373,1346,72.2883
第15任總統副總統,在臺中市各投開票所,臺中市,　外埔區,土城里,0096,17,208,387,612,5,617,0,617,194,811,76.0789
第15任總統副總統,在臺中市各投開票所,臺中市,　外埔區,土城里,0097,14,229,361,604,4,608,0,608,168,776,78.3505
第15任總統副總統,在臺中市各投開票所,臺中市,　外埔區,廍子里,0098,38,290,488,816,10,826,0,826,322,1148,71.9512
第15任總統副總統,在臺中市各投開票所,臺中市,　大安區,南埔里,0058,21,228,497,746,10,756,0,756,255,1011,74.7774
第15任總統副總統,在臺中市各投開票所,臺中市,　大安區,南庄里,0059,22,257,470,749,11,760,0,760,249,1009,75.3221
第15任總統副總統,在臺中市各投開票所,臺中市,　大安區,中庄里,0060,42,307,517,866,9,875,0,875,336,1211,72.2543
第15任總統副總統,在臺中市各投開票所,臺中市,　大安區,中庄里,0061,52,356,568,976,8,984,0,984,392,1376,71.5116
第15任總統副總統,在臺中市各投開票所,臺中市,　大安區,東安里,0062,33,346,522,901,10,911,0,911,286,1197,76.1069
第15任總統副總統,在臺中市各投開票所,臺中市,　大安區,福興里,0063,41,266,521,828,8,836,0,836,287,1123,74.4435
第15任總統副總統,在臺中市各投開票所,臺中市,　大安區,龜壳里,0064,29,257,388,674,8,682,0,682,192,874,78.0320
第15任總統副總統,在臺中市各投開票所,臺中市,　大安區,龜壳里,0065,11,157,247,415,5,420,0,420,212,632,66.4557
第15任總統副總統,在臺中市各投開票所,臺中市,　大安區,頂安里,0066,28,216,381,625,9,634,0,634,239,873,72.6231
第15任總統副總統,在臺中市各投開票所,臺中市,　大安區,永安里,0067,53,318,532,903,11,914,0,914,347,1261,72.4822
第15任總統副總統,在臺中市各投開票所,臺中市,　大安區,永安里,0068,17,148,159,324,4,328,0,328,106,434,75.5760
第15任總統副總統,在臺中市各投開票所,臺中市,　大安區,福住里,0069,33,268,410,711,8,719,0,719,291,1010,71.1881
第15任總統副總統,在臺中市各投開票所,臺中市,　大安區,海墘里,0070,16,202,229,447,7,454,0,454,170,624,72.7564
第15任總統副總統,在臺中市各投開票所,臺中市,　大安區,海墘里,0071,20,239,283,542,5,547,0,547,223,770,71.0390
第15任總統副總統,在臺中市各投開票所,臺中市,　大安區,西安里,0072,23,166,295,484,12,496,0,496,175,671,73.9195
第15任總統副總統,在臺中市各投開票所,臺中市,　大安區,西安里,0073,24,284,418,726,15,741,0,741,282,1023,72.4340
第15任總統副總統,在臺中市各投開票所,臺中市,　大安區,松雅里,0074,33,222,448,703,6,709,0,709,196,905,78.3425
第15任總統副總統,在臺中市各投開票所,臺中市,　烏日區,烏日里,0357,52,400,668,1120,10,1130,0,1130,304,1434,78.8006
第15任總統副總統,在臺中市各投開票所,臺中市,　烏日區,烏日里,0358,51,316,592,959,22,981,0,981,236,1217,80.6081
第15任總統副總統,在臺中市各投開票所,臺中市,　烏日區,烏日里,0359,45,316,610,971,14,985,0,985,286,1271,77.4980
第15任總統副總統,在臺中市各投開票所,臺中市,　烏日區,烏日里,0360,43,380,593,1016,8,1024,0,1024,332,1356,75.5162
第15任總統副總統,在臺中市各投開票所,臺中市,　烏日區,烏日里,0361,59,377,629,1065,23,1088,0,1088,322,1410,77.1631
第15任總統副總統,在臺中市各投開票所,臺中市,　烏日區,烏日里,0362,53,519,728,1300,14,1314,0,1314,342,1656,79.3478
第15任總統副總統,在臺中市各投開票所,臺中市,　烏日區,湖日里,0363,47,295,574,916,8,924,0,924,272,1196,77.2575
第15任總統副總統,在臺中市各投開票所,臺中市,　烏日區,湖日里,0364,45,351,534,930,10,940,0,940,336,1276,73.6677
第15任總統副總統,在臺中市各投開票所,臺中市,　烏日區,三和里,0365,54,346,602,1002,18,1020,0,1020,264,1284,79.4393
第15任總統副總統,在臺中市各投開票所,臺中市,　烏日區,三和里,0366,61,441,705,1207,15,1222,0,1222,497,1719,71.0878
第15任總統副總統,在臺中市各投開票所,臺中市,　烏日區,三和里,0367,23,352,211,586,6,592,0,592,240,832,71.1538
第15任總統副總統,在臺中市各投開票所,臺中市,　烏日區,三和里,0368,28,334,392,754,8,762,0,762,208,970,78.5567
第15任總統副總統,在臺中市各投開票所,臺中市,　烏日區,榮泉里,0369,48,562,678,1288,11,1299,0,1299,393,1692,76.7730
第15任總統副總統,在臺中市各投開票所,臺中市,　烏日區,榮泉里,0370,68,337,456,861,12,873,0,873,285,1158,75.3886
第15任總統副總統,在臺中市各投開票所,臺中市,　烏日區,榮泉里,0371,44,307,341,692,5,697,0,697,219,916,76.0917
第15任總統副總統,在臺中市各投開票所,臺中市,　烏日區,榮泉里,0372,63,352,579,994,10,1004,0,1004,292,1296,77.4691
第15任總統副總統,在臺中市各投開票所,臺中市,　烏日區,學田里,0373,57,430,531,1018,12,1030,0,1030,333,1363,75.5686
第15任總統副總統,在臺中市各投開票所,臺中市,　烏日區,學田里,0374,44,343,519,906,7,913,0,913,294,1207,75.6421
第15任總統副總統,在臺中市各投開票所,臺中市,　烏日區,九德里,0375,51,332,573,956,18,974,0,974,230,1204,80.8970
第15任總統副總統,在臺中市各投開票所,臺中市,　烏日區,九德里,0376,41,379,561,981,10,991,0,991,255,1246,79.5345
第15任總統副總統,在臺中市各投開票所,臺中市,　烏日區,九德里,0377,61,410,697,1168,19,1187,0,1187,338,1525,77.8361
第15任總統副總統,在臺中市各投開票所,臺中市,　烏日區,九德里,0378,42,386,508,936,7,943,0,943,246,1189,79.3103
第15任總統副總統,在臺中市各投開票所,臺中市,　烏日區,九德里,0379,55,381,790,1226,12,1238,0,1238,361,1599,77.4234
第15任總統副總統,在臺中市各投開票所,臺中市,　烏日區,九德里,0380,58,428,749,1235,22,1257,0,1257,352,1609,78.1231
第15任總統副總統,在臺中市各投開票所,臺中市,　烏日區,九德里,0381,70,483,701,1254,19,1273,0,1273,368,1641,77.5746
第15任總統副總統,在臺中市各投開票所,臺中市,　烏日區,九德里,0382,43,289,512,844,10,854,0,854,309,1163,73.4308
第15任總統副總統,在臺中市各投開票所,臺中市,　烏日區,九德里,0383,57,372,551,980,10,990,0,990,294,1284,77.1028
第15任總統副總統,在臺中市各投開票所,臺中市,　烏日區,仁德里,0384,47,391,680,1118,13,1131,0,1131,388,1519,74.4569
第15任總統副總統,在臺中市各投開票所,臺中市,　烏日區,仁德里,0385,42,379,516,937,10,947,0,947,295,1242,76.2480
第15任總統副總統,在臺中市各投開票所,臺中市,　烏日區,仁德里,0386,33,350,550,933,9,942,0,942,281,1223,77.0237
第15任總統副總統,在臺中市各投開票所,臺中市,　烏日區,仁德里,0387,52,500,723,1275,13,1288,0,1288,325,1613,79.8512
第15任總統副總統,在臺中市各投開票所,臺中市,　烏日區,仁德里,0388,69,509,720,1298,11,1309,0,1309,375,1684,77.7316
第15任總統副總統,在臺中市各投開票所,臺中市,　烏日區,前竹里,0389,29,177,337,543,6,549,0,549,121,670,81.9403
第15任總統副總統,在臺中市各投開票所,臺中市,　烏日區,前竹里,0390,31,230,503,764,6,770,0,770,178,948,81.2236
第15任總統副總統,在臺中市各投開票所,臺中市,　烏日區,五光里,0391,60,434,740,1234,22,1256,1,1257,375,1632,76.9608
第15任總統副總統,在臺中市各投開票所,臺中市,　烏日區,光明里,0392,41,204,414,659,12,671,0,671,201,872,76.9495
第15任總統副總統,在臺中市各投開票所,臺中市,　烏日區,光明里,0393,55,300,549,904,10,914,0,914,288,1202,76.0399
第15任總統副總統,在臺中市各投開票所,臺中市,　烏日區,東園里,0394,35,333,562,930,14,944,0,944,242,1186,79.5953
第15任總統副總統,在臺中市各投開票所,臺中市,　烏日區,東園里,0395,57,217,418,692,9,701,0,701,178,879,79.7497
第15任總統副總統,在臺中市各投開票所,臺中市,　烏日區,溪埧里,0396,70,397,615,1082,13,1095,0,1095,262,1357,80.6927
第15任總統副總統,在臺中市各投開票所,臺中市,　烏日區,溪埧里,0397,50,376,549,975,5,980,0,980,237,1217,80.5259
第15任總統副總統,在臺中市各投開票所,臺中市,　烏日區,溪埧里,0398,76,453,777,1306,17,1323,0,1323,339,1662,79.6029
第15任總統副總統,在臺中市各投開票所,臺中市,　烏日區,螺潭里,0399,52,245,469,766,12,778,0,778,193,971,80.1236
第15任總統副總統,在臺中市各投開票所,臺中市,　烏日區,螺潭里,0400,48,306,517,871,14,885,0,885,189,1074,82.4022
第15任總統副總統,在臺中市各投開票所,臺中市,　烏日區,北里里,0401,60,417,766,1243,13,1256,0,1256,346,1602,78.4020
第15任總統副總統,在臺中市各投開票所,臺中市,　烏日區,南里里,0402,64,405,546,1015,11,1026,0,1026,293,1319,77.7862
第15任總統副總統,在臺中市各投開票所,臺中市,　烏日區,溪尾里,0403,44,260,303,607,11,618,0,618,195,813,76.0148
第15任總統副總統,在臺中市各投開票所,臺中市,　大肚區,王田里,0319,49,336,640,1025,15,1040,0,1040,335,1375,75.6364
第15任總統副總統,在臺中市各投開票所,臺中市,　大肚區,王田里,0320,54,366,564,984,19,1003,0,1003,331,1334,75.1874
第15任總統副總統,在臺中市各投開票所,臺中市,　大肚區,王田里,0321,62,398,673,1133,14,1147,0,1147,318,1465,78.2935
第15任總統副總統,在臺中市各投開票所,臺中市,　大肚區,中和里,0322,46,227,395,668,7,675,0,675,163,838,80.5489
第15任總統副總統,在臺中市各投開票所,臺中市,　大肚區,福山里,0323,32,412,507,951,11,962,0,962,244,1206,79.7678
第15任總統副總統,在臺中市各投開票所,臺中市,　大肚區,福山里,0324,59,317,559,935,5,940,0,940,308,1248,75.3205
第15任總統副總統,在臺中市各投開票所,臺中市,　大肚區,福山里,0325,38,285,427,750,8,758,0,758,225,983,77.1109
第15任總統副總統,在臺中市各投開票所,臺中市,　大肚區,營埔里,0326,48,393,641,1082,23,1105,0,1105,325,1430,77.2727
第15任總統副總統,在臺中市各投開票所,臺中市,　大肚區,社腳里,0327,47,385,515,947,14,961,0,961,194,1155,83.2035
第15任總統副總統,在臺中市各投開票所,臺中市,　大肚區,社腳里,0328,46,388,488,922,16,938,0,938,280,1218,77.0115
第15任總統副總統,在臺中市各投開票所,臺中市,　大肚區,新興里,0329,51,421,505,977,5,982,0,982,299,1281,76.6589
第15任總統副總統,在臺中市各投開票所,臺中市,　大肚區,新興里,0330,48,401,482,931,9,940,0,940,306,1246,75.4414
第15任總統副總統,在臺中市各投開票所,臺中市,　大肚區,大東里,0331,76,537,731,1344,11,1355,0,1355,378,1733,78.1881
第15任總統副總統,在臺中市各投開票所,臺中市,　大肚區,大東里,0332,53,348,536,937,16,953,0,953,268,1221,78.0508
第15任總統副總統,在臺中市各投開票所,臺中市,　大肚區,大肚里,0333,34,259,345,638,9,647,0,647,177,824,78.5194
第15任總統副總統,在臺中市各投開票所,臺中市,　大肚區,大肚里,0334,67,429,552,1048,14,1062,0,1062,194,1256,84.5541
第15任總統副總統,在臺中市各投開票所,臺中市,　大肚區,永和里,0335,29,246,353,628,15,643,0,643,173,816,78.7990
第15任總統副總統,在臺中市各投開票所,臺中市,　大肚區,磺溪里,0336,72,468,668,1208,22,1230,0,1230,377,1607,76.5401
第15任總統副總統,在臺中市各投開票所,臺中市,　大肚區,永順里,0337,57,460,784,1301,9,1310,0,1310,354,1664,78.7260
第15任總統副總統,在臺中市各投開票所,臺中市,　大肚區,成功里,0338,49,295,371,715,16,731,0,731,198,929,78.6868
第15任總統副總統,在臺中市各投開票所,臺中市,　大肚區,山陽里,0339,41,353,590,984,19,1003,0,1003,290,1293,77.5715
第15任總統副總統,在臺中市各投開票所,臺中市,　大肚區,頂街里,0340,60,356,569,985,11,996,0,996,315,1311,75.9725
第15任總統副總統,在臺中市各投開票所,臺中市,　大肚區,頂街里,0341,50,291,473,814,12,826,0,826,359,1185,69.7046
第15任總統副總統,在臺中市各投開票所,臺中市,　大肚區,頂街里,0342,50,429,524,1003,11,1014,0,1014,324,1338,75.7848
第15任總統副總統,在臺中市各投開票所,臺中市,　大肚區,頂街里,0343,38,322,462,822,7,829,0,829,236,1065,77.8404
第15任總統副總統,在臺中市各投開票所,臺中市,　大肚區,頂街里,0344,48,338,460,846,10,856,0,856,253,1109,77.1867
第15任總統副總統,在臺中市各投開票所,臺中市,　大肚區,頂街里,0345,65,324,477,866,14,880,0,880,219,1099,80.0728
第15任總統副總統,在臺中市各投開票所,臺中市,　大肚區,瑞井里,0346,40,295,582,917,10,927,0,927,242,1169,79.2985
第15任總統副總統,在臺中市各投開票所,臺中市,　大肚區,瑞井里,0347,38,332,624,994,13,1007,0,1007,314,1321,76.2301
第15任總統副總統,在臺中市各投開票所,臺中市,　大肚區,瑞井里,0348,42,324,513,879,11,890,1,891,290,1181,75.3599
第15任總統副總統,在臺中市各投開票所,臺中市,　大肚區,瑞井里,0349,52,378,477,907,12,919,0,919,351,1270,72.3622
第15任總統副總統,在臺中市各投開票所,臺中市,　大肚區,蔗廍里,0350,39,261,565,865,12,877,0,877,255,1132,77.4735
第15任總統副總統,在臺中市各投開票所,臺中市,　大肚區,蔗廍里,0351,32,282,553,867,8,875,0,875,293,1168,74.9144
第15任總統副總統,在臺中市各投開票所,臺中市,　大肚區,蔗廍里,0352,38,268,465,771,14,785,0,785,293,1078,72.8200
第15任總統副總統,在臺中市各投開票所,臺中市,　大肚區,蔗廍里,0353,52,350,512,914,10,924,0,924,329,1253,73.7430
第15任總統副總統,在臺中市各投開票所,臺中市,　大肚區,自強里,0354,38,270,544,852,13,865,0,865,304,1169,73.9949
第15任總統副總統,在臺中市各投開票所,臺中市,　大肚區,自強里,0355,56,407,426,889,13,902,0,902,258,1160,77.7586
第15任總統副總統,在臺中市各投開票所,臺中市,　大肚區,自強里,0356,46,394,380,820,8,828,0,828,244,1072,77.2388
第15任總統副總統,在臺中市各投開票所,臺中市,　龍井區,竹坑里,0269,32,204,419,655,11,666,0,666,241,907,73.4289
第15任總統副總統,在臺中市各投開票所,臺中市,　龍井區,竹坑里,0270,64,200,345,609,8,617,0,617,202,819,75.3358
第15任總統副總統,在臺中市各投開票所,臺中市,　龍井區,竹坑里,0271,58,344,508,910,18,928,0,928,279,1207,76.8848
第15任總統副總統,在臺中市各投開票所,臺中市,　龍井區,龍東里,0272,52,355,594,1001,21,1022,0,1022,328,1350,75.7037
第15任總統副總統,在臺中市各投開票所,臺中市,　龍井區,龍東里,0273,67,396,537,1000,14,1014,0,1014,354,1368,74.1228
第15任總統副總統,在臺中市各投開票所,臺中市,　龍井區,龍西里,0274,44,247,425,716,10,726,0,726,216,942,77.0701
第15任總統副總統,在臺中市各投開票所,臺中市,　龍井區,龍西里,0275,31,283,351,665,6,671,0,671,195,866,77.4827
第15任總統副總統,在臺中市各投開票所,臺中市,　龍井區,田中里,0276,41,316,563,920,15,935,0,935,256,1191,78.5055
第15任總統副總統,在臺中市各投開票所,臺中市,　龍井區,田中里,0277,28,297,597,922,12,934,0,934,244,1178,79.2869
第15任總統副總統,在臺中市各投開票所,臺中市,　龍井區,田中里,0278,39,283,434,756,17,773,0,773,222,995,77.6884
第15任總統副總統,在臺中市各投開票所,臺中市,　龍井區,福田里,0279,40,309,384,733,7,740,0,740,285,1025,72.1951
第15任總統副總統,在臺中市各投開票所,臺中市,　龍井區,麗水里,0280,54,391,520,965,19,984,0,984,320,1304,75.4601
第15任總統副總統,在臺中市各投開票所,臺中市,　龍井區,麗水里,0281,35,227,392,654,14,668,0,668,209,877,76.1688
第15任總統副總統,在臺中市各投開票所,臺中市,　龍井區,龍津里,0282,64,351,637,1052,16,1068,0,1068,332,1400,76.2857
第15任總統副總統,在臺中市各投開票所,臺中市,　龍井區,龍津里,0283,41,363,578,982,22,1004,0,1004,345,1349,74.4255
第15任總統副總統,在臺中市各投開票所,臺中市,　龍井區,龍津里,0284,47,325,530,902,16,918,0,918,316,1234,74.3922
第15任總統副總統,在臺中市各投開票所,臺中市,　龍井區,龍津里,0285,25,98,533,656,11,667,0,667,197,864,77.1991
第15任總統副總統,在臺中市各投開票所,臺中市,　龍井區,三德里,0286,56,375,623,1054,19,1073,0,1073,353,1426,75.2454
第15任總統副總統,在臺中市各投開票所,臺中市,　龍井區,三德里,0287,48,297,678,1023,23,1046,0,1046,347,1393,75.0897
第15任總統副總統,在臺中市各投開票所,臺中市,　龍井區,忠和里,0288,47,268,555,870,10,880,0,880,243,1123,78.3615
第15任總統副總統,在臺中市各投開票所,臺中市,　龍井區,忠和里,0289,50,258,588,896,9,905,0,905,329,1234,73.3387
第15任總統副總統,在臺中市各投開票所,臺中市,　龍井區,忠和里,0290,72,314,555,941,22,963,0,963,290,1253,76.8555
第15任總統副總統,在臺中市各投開票所,臺中市,　龍井區,忠和里,0291,48,247,630,925,7,932,0,932,262,1194,78.0570
第15任總統副總統,在臺中市各投開票所,臺中市,　龍井區,山腳里,0292,89,335,604,1028,18,1046,0,1046,366,1412,74.0793
第15任總統副總統,在臺中市各投開票所,臺中市,　龍井區,山腳里,0293,47,342,649,1038,12,1050,0,1050,354,1404,74.7863
第15任總統副總統,在臺中市各投開票所,臺中市,　龍井區,山腳里,0294,63,365,612,1040,9,1049,0,1049,340,1389,75.5220
第15任總統副總統,在臺中市各投開票所,臺中市,　龍井區,山腳里,0295,53,341,595,989,19,1008,0,1008,274,1282,78.6271
第15任總統副總統,在臺中市各投開票所,臺中市,　龍井區,龍泉里,0296,78,380,605,1063,21,1084,0,1084,342,1426,76.0168
第15任總統副總統,在臺中市各投開票所,臺中市,　龍井區,龍泉里,0297,59,311,638,1008,30,1038,0,1038,477,1515,68.5149
第15任總統副總統,在臺中市各投開票所,臺中市,　龍井區,龍泉里,0298,57,422,598,1077,23,1100,0,1100,285,1385,79.4224
第15任總統副總統,在臺中市各投開票所,臺中市,　龍井區,龍泉里,0299,65,324,549,938,6,944,0,944,252,1196,78.9298
第15任總統副總統,在臺中市各投開票所,臺中市,　龍井區,龍泉里,0300,70,484,686,1240,17,1257,0,1257,373,1630,77.1166
第15任總統副總統,在臺中市各投開票所,臺中市,　龍井區,龍崗里,0301,60,366,537,963,19,982,0,982,339,1321,74.3376
第15任總統副總統,在臺中市各投開票所,臺中市,　龍井區,龍崗里,0302,36,292,539,867,20,887,0,887,249,1136,78.0810
第15任總統副總統,在臺中市各投開票所,臺中市,　龍井區,新庄里,0303,42,355,605,1002,11,1013,0,1013,343,1356,74.7050
第15任總統副總統,在臺中市各投開票所,臺中市,　龍井區,新庄里,0304,39,284,495,818,8,826,0,826,271,1097,75.2963
第15任總統副總統,在臺中市各投開票所,臺中市,　龍井區,新庄里,0305,39,327,438,804,11,815,0,815,241,1056,77.1780
第15任總統副總統,在臺中市各投開票所,臺中市,　龍井區,新庄里,0306,34,274,501,809,13,822,0,822,300,1122,73.2620
第15任總統副總統,在臺中市各投開票所,臺中市,　龍井區,新庄里,0307,48,355,612,1015,14,1029,0,1029,308,1337,76.9634
第15任總統副總統,在臺中市各投開票所,臺中市,　龍井區,南寮里,0308,62,402,721,1185,16,1201,0,1201,323,1524,78.8058
第15任總統副總統,在臺中市各投開票所,臺中市,　龍井區,新東里,0309,34,291,466,791,13,804,0,804,272,1076,74.7212
第15任總統副總統,在臺中市各投開票所,臺中市,　龍井區,新東里,0310,33,268,470,771,10,781,0,781,215,996,78.4137
第15任總統副總統,在臺中市各投開票所,臺中市,　龍井區,新東里,0311,36,403,463,902,10,912,0,912,335,1247,73.1355
第15任總統副總統,在臺中市各投開票所,臺中市,　龍井區,新東里,0312,57,472,526,1055,15,1070,0,1070,293,1363,78.5033
第15任總統副總統,在臺中市各投開票所,臺中市,　龍井區,東海里,0313,35,441,536,1012,13,1025,0,1025,315,1340,76.4925
第15任總統副總統,在臺中市各投開票所,臺中市,　龍井區,東海里,0314,59,486,544,1089,9,1098,0,1098,364,1462,75.1026
第15任總統副總統,在臺中市各投開票所,臺中市,　龍井區,東海里,0315,45,417,698,1160,10,1170,0,1170,323,1493,78.3657
第15任總統副總統,在臺中市各投開票所,臺中市,　龍井區,東海里,0316,52,440,508,1000,16,1016,0,1016,335,1351,75.2036
第15任總統副總統,在臺中市各投開票所,臺中市,　龍井區,東海里,0317,49,449,501,999,17,1016,0,1016,317,1333,76.2191
第15任總統副總統,在臺中市各投開票所,臺中市,　龍井區,東海里,0318,63,453,509,1025,12,1037,0,1037,315,1352,76.7012
第15任總統副總統,在臺中市各投開票所,臺中市,　霧峰區,桐林里,0404,52,370,500,922,9,931,0,931,253,1184,78.6318
第15任總統副總統,在臺中市各投開票所,臺中市,　霧峰區,吉峰里,0405,25,295,435,755,7,762,0,762,345,1107,68.8347
第15任總統副總統,在臺中市各投開票所,臺中市,　霧峰區,吉峰里,0406,50,321,450,821,10,831,0,831,278,1109,74.9324
第15任總統副總統,在臺中市各投開票所,臺中市,　霧峰區,吉峰里,0407,70,365,448,883,6,889,0,889,300,1189,74.7687
第15任總統副總統,在臺中市各投開票所,臺中市,　霧峰區,吉峰里,0408,42,305,437,784,6,790,0,790,259,1049,75.3098
第15任總統副總統,在臺中市各投開票所,臺中市,　霧峰區,吉峰里,0409,48,229,456,733,6,739,0,739,285,1024,72.1680
第15任總統副總統,在臺中市各投開票所,臺中市,　霧峰區,吉峰里,0410,38,351,464,853,3,856,0,856,296,1152,74.3056
第15任總統副總統,在臺中市各投開票所,臺中市,　霧峰區,吉峰里,0411,42,312,513,867,11,878,0,878,305,1183,74.2181
第15任總統副總統,在臺中市各投開票所,臺中市,　霧峰區,吉峰里,0412,54,393,445,892,8,900,0,900,336,1236,72.8155
第15任總統副總統,在臺中市各投開票所,臺中市,　霧峰區,甲寅里,0413,42,331,464,837,11,848,0,848,284,1132,74.9117
第15任總統副總統,在臺中市各投開票所,臺中市,　霧峰區,甲寅里,0414,39,364,505,908,6,914,0,914,292,1206,75.7877
第15任總統副總統,在臺中市各投開票所,臺中市,　霧峰區,甲寅里,0415,50,367,474,891,6,897,0,897,300,1197,74.9373
第15任總統副總統,在臺中市各投開票所,臺中市,　霧峰區,甲寅里,0416,38,315,448,801,12,813,0,813,259,1072,75.8396
第15任總統副總統,在臺中市各投開票所,臺中市,　霧峰區,本鄉里,0417,45,301,456,802,6,808,0,808,242,1050,76.9524
第15任總統副總統,在臺中市各投開票所,臺中市,　霧峰區,本鄉里,0418,46,345,509,900,14,914,0,914,295,1209,75.5997
第15任總統副總統,在臺中市各投開票所,臺中市,　霧峰區,中正里,0419,51,384,462,897,7,904,0,904,209,1113,81.2219
第15任總統副總統,在臺中市各投開票所,臺中市,　霧峰區,中正里,0420,30,255,376,661,6,667,1,668,200,868,76.8433
第15任總統副總統,在臺中市各投開票所,臺中市,　霧峰區,錦榮里,0421,52,389,488,929,14,943,0,943,256,1199,78.6489
第15任總統副總統,在臺中市各投開票所,臺中市,　霧峰區,萊園里,0422,51,292,447,790,11,801,0,801,251,1052,76.1407
第15任總統副總統,在臺中市各投開票所,臺中市,　霧峰區,本堂里,0423,46,347,392,785,4,789,0,789,221,1010,78.1188
第15任總統副總統,在臺中市各投開票所,臺中市,　霧峰區,本堂里,0424,58,420,474,952,11,963,0,963,240,1203,80.0499
第15任總統副總統,在臺中市各投開票所,臺中市,　霧峰區,本堂里,0425,51,392,455,898,3,901,0,901,259,1160,77.6724
第15任總統副總統,在臺中市各投開票所,臺中市,　霧峰區,本堂里,0426,38,373,524,935,9,944,0,944,292,1236,76.3754
第15任總統副總統,在臺中市各投開票所,臺中市,　霧峰區,本堂里,0427,49,353,430,832,2,834,0,834,250,1084,76.9373
第15任總統副總統,在臺中市各投開票所,臺中市,　霧峰區,北柳里,0428,45,376,519,940,14,954,0,954,265,1219,78.2609
第15任總統副總統,在臺中市各投開票所,臺中市,　霧峰區,北柳里,0429,38,327,591,956,13,969,0,969,282,1251,77.4580
第15任總統副總統,在臺中市各投開票所,臺中市,　霧峰區,北柳里,0430,42,349,674,1065,12,1077,0,1077,277,1354,79.5421
第15任總統副總統,在臺中市各投開票所,臺中市,　霧峰區,南柳里,0431,36,269,443,748,8,756,0,756,195,951,79.4953
第15任總統副總統,在臺中市各投開票所,臺中市,　霧峰區,南柳里,0432,26,236,391,653,12,665,0,665,160,825,80.6061
第15任總統副總統,在臺中市各投開票所,臺中市,　霧峰區,四德里,0433,43,364,599,1006,7,1013,0,1013,266,1279,79.2025
第15任總統副總統,在臺中市各投開票所,臺中市,　霧峰區,四德里,0434,39,279,509,827,14,841,0,841,276,1117,75.2910
第15任總統副總統,在臺中市各投開票所,臺中市,　霧峰區,五福里,0435,51,374,526,951,16,967,0,967,234,1201,80.5162
第15任總統副總統,在臺中市各投開票所,臺中市,　霧峰區,五福里,0436,56,323,584,963,19,982,0,982,312,1294,75.8887
第15任總統副總統,在臺中市各投開票所,臺中市,　霧峰區,丁台里,0437,47,289,547,883,11,894,0,894,207,1101,81.1989
第15任總統副總統,在臺中市各投開票所,臺中市,　霧峰區,丁台里,0438,46,222,590,858,12,870,0,870,240,1110,78.3784
第15任總統副總統,在臺中市各投開票所,臺中市,　霧峰區,北勢里,0439,47,328,397,772,11,783,0,783,198,981,79.8165
第15任總統副總統,在臺中市各投開票所,臺中市,　霧峰區,北勢里,0440,53,352,406,811,14,825,0,825,192,1017,81.1209
第15任總統副總統,在臺中市各投開票所,臺中市,　霧峰區,南勢里,0441,47,371,547,965,7,972,0,972,273,1245,78.0723
第15任總統副總統,在臺中市各投開票所,臺中市,　霧峰區,萬豐里,0442,40,310,572,922,11,933,0,933,353,1286,72.5505
第15任總統副總統,在臺中市各投開票所,臺中市,　霧峰區,萬豐里,0443,50,334,583,967,9,976,0,976,315,1291,75.6003
第15任總統副總統,在臺中市各投開票所,臺中市,　霧峰區,舊正里,0444,42,229,451,722,8,730,0,730,227,957,76.2800
第15任總統副總統,在臺中市各投開票所,臺中市,　霧峰區,舊正里,0445,32,346,416,794,5,799,0,799,263,1062,75.2354
第15任總統副總統,在臺中市各投開票所,臺中市,　霧峰區,坑口里,0446,40,376,386,802,8,810,0,810,254,1064,76.1278
第15任總統副總統,在臺中市各投開票所,臺中市,　霧峰區,坑口里,0447,39,245,427,711,12,723,0,723,248,971,74.4593
第15任總統副總統,在臺中市各投開票所,臺中市,　霧峰區,坑口里,0448,24,297,320,641,5,646,0,646,203,849,76.0895
第15任總統副總統,在臺中市各投開票所,臺中市,　霧峰區,峰谷里,0449,47,278,476,801,10,811,0,811,257,1068,75.9363
第15任總統副總統,在臺中市各投開票所,臺中市,　霧峰區,六股里,0450,55,250,590,895,13,908,0,908,241,1149,79.0252
第15任總統副總統,在臺中市各投開票所,臺中市,　霧峰區,六股里,0451,40,294,584,918,11,929,0,929,223,1152,80.6424
第15任總統副總統,在臺中市各投開票所,臺中市,　太平區,太平里,1416,48,342,534,924,13,937,0,937,354,1291,72.5794
第15任總統副總統,在臺中市各投開票所,臺中市,　太平區,太平里,1417,65,331,674,1070,18,1088,0,1088,319,1407,77.3276
第15任總統副總統,在臺中市各投開票所,臺中市,　太平區,太平里,1418,44,323,626,993,14,1007,0,1007,319,1326,75.9427
第15任總統副總統,在臺中市各投開票所,臺中市,　太平區,太平里,1419,41,329,602,972,11,983,0,983,297,1280,76.7969
第15任總統副總統,在臺中市各投開票所,臺中市,　太平區,長億里,1420,37,391,607,1035,14,1049,0,1049,282,1331,78.8129
第15任總統副總統,在臺中市各投開票所,臺中市,　太平區,長億里,1421,46,406,568,1020,10,1030,0,1030,336,1366,75.4026
第15任總統副總統,在臺中市各投開票所,臺中市,　太平區,長億里,1422,57,419,624,1100,9,1109,0,1109,396,1505,73.6877
第15任總統副總統,在臺中市各投開票所,臺中市,　太平區,長億里,1423,53,406,673,1132,12,1144,0,1144,322,1466,78.0355
第15任總統副總統,在臺中市各投開票所,臺中市,　太平區,永成里,1424,54,338,615,1007,6,1013,0,1013,319,1332,76.0511
第15任總統副總統,在臺中市各投開票所,臺中市,　太平區,永成里,1425,38,332,554,924,14,938,0,938,338,1276,73.5110
第15任總統副總統,在臺中市各投開票所,臺中市,　太平區,永成里,1426,40,364,539,943,15,958,0,958,345,1303,73.5226
第15任總統副總統,在臺中市各投開票所,臺中市,　太平區,永成里,1427,48,326,633,1007,10,1017,0,1017,290,1307,77.8118
第15任總統副總統,在臺中市各投開票所,臺中市,　太平區,永成里,1428,48,314,595,957,5,962,0,962,280,1242,77.4557
第15任總統副總統,在臺中市各投開票所,臺中市,　太平區,中平里,1429,63,371,627,1061,16,1077,0,1077,370,1447,74.4299
第15任總統副總統,在臺中市各投開票所,臺中市,　太平區,中平里,1430,42,317,585,944,11,955,0,955,308,1263,75.6136
第15任總統副總統,在臺中市各投開票所,臺中市,　太平區,中平里,1431,50,340,536,926,11,937,0,937,310,1247,75.1403
第15任總統副總統,在臺中市各投開票所,臺中市,　太平區,中政里,1432,38,281,501,820,7,827,0,827,317,1144,72.2902
第15任總統副總統,在臺中市各投開票所,臺中市,　太平區,中政里,1433,47,279,493,819,10,829,0,829,312,1141,72.6556
第15任總統副總統,在臺中市各投開票所,臺中市,　太平區,中政里,1434,40,347,520,907,6,913,0,913,379,1292,70.6656
第15任總統副總統,在臺中市各投開票所,臺中市,　太平區,平安里,1435,53,270,580,903,11,914,0,914,263,1177,77.6551
第15任總統副總統,在臺中市各投開票所,臺中市,　太平區,平安里,1436,42,293,431,766,9,775,0,775,233,1008,76.8849
第15任總統副總統,在臺中市各投開票所,臺中市,　太平區,中興里,1437,41,260,463,764,5,769,0,769,224,993,77.4421
第15任總統副總統,在臺中市各投開票所,臺中市,　太平區,中興里,1438,39,245,510,794,16,810,0,810,301,1111,72.9073
第15任總統副總統,在臺中市各投開票所,臺中市,　太平區,中興里,1439,46,266,528,840,18,858,0,858,247,1105,77.6471
第15任總統副總統,在臺中市各投開票所,臺中市,　太平區,永平里,1440,58,371,597,1026,13,1039,0,1039,318,1357,76.5660
第15任總統副總統,在臺中市各投開票所,臺中市,　太平區,永平里,1441,45,330,545,920,12,932,0,932,317,1249,74.6197
第15任總統副總統,在臺中市各投開票所,臺中市,　太平區,永平里,1442,43,354,599,996,9,1005,0,1005,338,1343,74.8325
第15任總統副總統,在臺中市各投開票所,臺中市,　太平區,東平里,1443,55,347,599,1001,10,1011,0,1011,388,1399,72.2659
第15任總統副總統,在臺中市各投開票所,臺中市,　太平區,東平里,1444,57,341,628,1026,13,1039,0,1039,340,1379,75.3445
第15任總統副總統,在臺中市各投開票所,臺中市,　太平區,東平里,1445,53,386,495,934,8,942,0,942,305,1247,75.5413
第15任總統副總統,在臺中市各投開票所,臺中市,　太平區,成功里,1446,32,297,534,863,6,869,0,869,315,1184,73.3953
第15任總統副總統,在臺中市各投開票所,臺中市,　太平區,成功里,1447,54,302,629,985,11,996,0,996,388,1384,71.9653
第15任總統副總統,在臺中市各投開票所,臺中市,　太平區,成功里,1448,44,296,546,886,14,900,0,900,315,1215,74.0741
第15任總統副總統,在臺中市各投開票所,臺中市,　太平區,東和里,1449,48,356,595,999,18,1017,0,1017,374,1391,73.1129
第15任總統副總統,在臺中市各投開票所,臺中市,　太平區,東和里,1450,46,355,586,987,9,996,0,996,373,1369,72.7538
第15任總統副總統,在臺中市各投開票所,臺中市,　太平區,建國里,1451,39,407,482,928,13,941,0,941,402,1343,70.0670
第15任總統副總統,在臺中市各投開票所,臺中市,　太平區,建國里,1452,54,431,641,1126,18,1144,0,1144,366,1510,75.7616
第15任總統副總統,在臺中市各投開票所,臺中市,　太平區,建興里,1453,45,369,596,1010,7,1017,0,1017,401,1418,71.7207
第15任總統副總統,在臺中市各投開票所,臺中市,　太平區,建興里,1454,48,442,535,1025,15,1040,0,1040,408,1448,71.8232
第15任總統副總統,在臺中市各投開票所,臺中市,　太平區,坪林里,1455,46,377,396,819,6,825,0,825,242,1067,77.3196
第15任總統副總統,在臺中市各投開票所,臺中市,　太平區,坪林里,1456,38,332,390,760,5,765,0,765,269,1034,73.9845
第15任總統副總統,在臺中市各投開票所,臺中市,　太平區,坪林里,1457,32,398,376,806,12,818,0,818,271,1089,75.1148
第15任總統副總統,在臺中市各投開票所,臺中市,　太平區,大興里,1458,44,423,575,1042,12,1054,0,1054,370,1424,74.0169
第15任總統副總統,在臺中市各投開票所,臺中市,　太平區,大興里,1459,35,253,444,732,8,740,0,740,297,1037,71.3597
第15任總統副總統,在臺中市各投開票所,臺中市,　太平區,勤益里,1460,26,403,391,820,3,823,0,823,268,1091,75.4354
第15任總統副總統,在臺中市各投開票所,臺中市,　太平區,勤益里,1461,44,358,369,771,7,778,0,778,260,1038,74.9518
第15任總統副總統,在臺中市各投開票所,臺中市,　太平區,光華里,1462,47,384,546,977,9,986,0,986,328,1314,75.0381
第15任總統副總統,在臺中市各投開票所,臺中市,　太平區,光華里,1463,57,536,580,1173,10,1183,0,1183,319,1502,78.7617
第15任總統副總統,在臺中市各投開票所,臺中市,　太平區,光華里,1464,44,277,525,846,12,858,0,858,272,1130,75.9292
第15任總統副總統,在臺中市各投開票所,臺中市,　太平區,光華里,1465,37,378,386,801,6,807,0,807,325,1132,71.2898
第15任總統副總統,在臺中市各投開票所,臺中市,　太平區,光明里,1466,45,377,460,882,9,891,0,891,315,1206,73.8806
第15任總統副總統,在臺中市各投開票所,臺中市,　太平區,光明里,1467,40,343,452,835,11,846,0,846,306,1152,73.4375
第15任總統副總統,在臺中市各投開票所,臺中市,　太平區,光明里,1468,62,493,449,1004,11,1015,0,1015,340,1355,74.9077
第15任總統副總統,在臺中市各投開票所,臺中市,　太平區,中山里,1469,59,554,538,1151,23,1174,0,1174,402,1576,74.4924
第15任總統副總統,在臺中市各投開票所,臺中市,　太平區,中山里,1470,38,466,567,1071,9,1080,0,1080,888,1968,54.8780
第15任總統副總統,在臺中市各投開票所,臺中市,　太平區,豐年里,1471,52,518,588,1158,9,1167,0,1167,330,1497,77.9559
第15任總統副總統,在臺中市各投開票所,臺中市,　太平區,豐年里,1472,53,420,588,1061,9,1070,0,1070,319,1389,77.0338
第15任總統副總統,在臺中市各投開票所,臺中市,　太平區,豐年里,1473,52,483,560,1095,8,1103,0,1103,256,1359,81.1626
第15任總統副總統,在臺中市各投開票所,臺中市,　太平區,宜欣里,1474,55,455,686,1196,7,1203,0,1203,321,1524,78.9370
第15任總統副總統,在臺中市各投開票所,臺中市,　太平區,宜欣里,1475,62,361,656,1079,11,1090,0,1090,438,1528,71.3351
第15任總統副總統,在臺中市各投開票所,臺中市,　太平區,宜欣里,1476,50,367,610,1027,12,1039,0,1039,374,1413,73.5315
第15任總統副總統,在臺中市各投開票所,臺中市,　太平區,宜欣里,1477,54,373,607,1034,13,1047,0,1047,416,1463,71.5653
第15任總統副總統,在臺中市各投開票所,臺中市,　太平區,宜佳里,1478,65,451,623,1139,10,1149,0,1149,404,1553,73.9858
第15任總統副總統,在臺中市各投開票所,臺中市,　太平區,宜佳里,1479,61,446,584,1091,17,1108,0,1108,387,1495,74.1137
第15任總統副總統,在臺中市各投開票所,臺中市,　太平區,宜佳里,1480,49,429,572,1050,7,1057,0,1057,411,1468,72.0027
第15任總統副總統,在臺中市各投開票所,臺中市,　太平區,宜佳里,1481,49,371,578,998,10,1008,0,1008,411,1419,71.0359
第15任總統副總統,在臺中市各投開票所,臺中市,　太平區,宜昌里,1482,53,362,658,1073,15,1088,0,1088,367,1455,74.7766
第15任總統副總統,在臺中市各投開票所,臺中市,　太平區,宜昌里,1483,43,308,501,852,5,857,0,857,315,1172,73.1229
第15任總統副總統,在臺中市各投開票所,臺中市,　太平區,宜昌里,1484,29,307,418,754,7,761,0,761,313,1074,70.8566
第15任總統副總統,在臺中市各投開票所,臺中市,　太平區,新坪里,1485,56,419,530,1005,11,1016,0,1016,403,1419,71.5997
第15任總統副總統,在臺中市各投開票所,臺中市,　太平區,新坪里,1486,53,451,594,1098,10,1108,0,1108,402,1510,73.3775
第15任總統副總統,在臺中市各投開票所,臺中市,　太平區,新坪里,1487,54,375,614,1043,10,1053,0,1053,444,1497,70.3407
第15任總統副總統,在臺中市各投開票所,臺中市,　太平區,新坪里,1488,58,480,618,1156,11,1167,0,1167,345,1512,77.1825
第15任總統副總統,在臺中市各投開票所,臺中市,　太平區,新坪里,1489,60,424,537,1021,12,1033,0,1033,354,1387,74.4773
第15任總統副總統,在臺中市各投開票所,臺中市,　太平區,新吉里,1490,43,390,652,1085,7,1092,0,1092,320,1412,77.3371
第15任總統副總統,在臺中市各投開票所,臺中市,　太平區,新吉里,1491,39,373,522,934,15,949,0,949,387,1336,71.0329
第15任總統副總統,在臺中市各投開票所,臺中市,　太平區,新吉里,1492,52,415,541,1008,7,1015,0,1015,378,1393,72.8643
第15任總統副總統,在臺中市各投開票所,臺中市,　太平區,新吉里,1493,56,442,564,1062,12,1074,0,1074,308,1382,77.7135
第15任總統副總統,在臺中市各投開票所,臺中市,　太平區,新城里,1494,34,340,482,856,6,862,0,862,399,1261,68.3584
第15任總統副總統,在臺中市各投開票所,臺中市,　太平區,新城里,1495,43,427,545,1015,17,1032,0,1032,414,1446,71.3693
第15任總統副總統,在臺中市各投開票所,臺中市,　太平區,新城里,1496,35,295,420,750,10,760,0,760,316,1076,70.6320
第15任總統副總統,在臺中市各投開票所,臺中市,　太平區,新城里,1497,58,416,573,1047,13,1060,0,1060,410,1470,72.1088
第15任總統副總統,在臺中市各投開票所,臺中市,　太平區,新光里,1498,66,308,663,1037,10,1047,0,1047,309,1356,77.2124
第15任總統副總統,在臺中市各投開票所,臺中市,　太平區,新光里,1499,45,417,633,1095,11,1106,0,1106,347,1453,76.1184
第15任總統副總統,在臺中市各投開票所,臺中市,　太平區,新光里,1500,42,413,651,1106,12,1118,0,1118,283,1401,79.8001
第15任總統副總統,在臺中市各投開票所,臺中市,　太平區,新光里,1501,71,449,676,1196,16,1212,0,1212,388,1600,75.7500
第15任總統副總統,在臺中市各投開票所,臺中市,　太平區,新光里,1502,61,337,599,997,12,1009,0,1009,315,1324,76.2085
第15任總統副總統,在臺中市各投開票所,臺中市,　太平區,新興里,1503,41,302,535,878,10,888,0,888,273,1161,76.4858
第15任總統副總統,在臺中市各投開票所,臺中市,　太平區,新興里,1504,66,373,616,1055,11,1066,0,1066,203,1269,84.0032
第15任總統副總統,在臺中市各投開票所,臺中市,　太平區,新興里,1505,52,344,649,1045,7,1052,0,1052,357,1409,74.6629
第15任總統副總統,在臺中市各投開票所,臺中市,　太平區,新興里,1506,53,336,529,918,9,927,0,927,241,1168,79.3664
第15任總統副總統,在臺中市各投開票所,臺中市,　太平區,新高里,1507,54,383,574,1011,7,1018,0,1018,326,1344,75.7440
第15任總統副總統,在臺中市各投開票所,臺中市,　太平區,新高里,1508,48,448,565,1061,15,1076,0,1076,307,1383,77.8019
第15任總統副總統,在臺中市各投開票所,臺中市,　太平區,新高里,1509,51,300,524,875,5,880,0,880,305,1185,74.2616
第15任總統副總統,在臺中市各投開票所,臺中市,　太平區,新高里,1510,58,350,597,1005,5,1010,0,1010,322,1332,75.8258
第15任總統副總統,在臺中市各投開票所,臺中市,　太平區,新高里,1511,91,496,851,1438,11,1449,0,1449,331,1780,81.4045
第15任總統副總統,在臺中市各投開票所,臺中市,　太平區,新福里,1512,54,465,669,1188,10,1198,0,1198,342,1540,77.7922
第15任總統副總統,在臺中市各投開票所,臺中市,　太平區,新福里,1513,81,484,758,1323,14,1337,0,1337,445,1782,75.0281
第15任總統副總統,在臺中市各投開票所,臺中市,　太平區,新福里,1514,58,470,621,1149,24,1173,0,1173,395,1568,74.8087
第15任總統副總統,在臺中市各投開票所,臺中市,　太平區,新福里,1515,48,413,644,1105,14,1119,0,1119,350,1469,76.1743
第15任總統副總統,在臺中市各投開票所,臺中市,　太平區,頭汴里,1516,41,248,359,648,7,655,0,655,215,870,75.2874
第15任總統副總統,在臺中市各投開票所,臺中市,　太平區,頭汴里,1517,20,246,359,625,4,629,0,629,277,906,69.4260
第15任總統副總統,在臺中市各投開票所,臺中市,　太平區,聖和里,1518,50,403,614,1067,10,1077,0,1077,431,1508,71.4191
第15任總統副總統,在臺中市各投開票所,臺中市,　太平區,東汴里,1519,39,284,528,851,13,864,0,864,332,1196,72.2408
第15任總統副總統,在臺中市各投開票所,臺中市,　太平區,興隆里,1520,55,503,538,1096,12,1108,0,1108,447,1555,71.2540
第15任總統副總統,在臺中市各投開票所,臺中市,　太平區,興隆里,1521,46,407,707,1160,18,1178,0,1178,414,1592,73.9950
第15任總統副總統,在臺中市各投開票所,臺中市,　太平區,福隆里,1522,25,331,531,887,11,898,0,898,294,1192,75.3356
第15任總統副總統,在臺中市各投開票所,臺中市,　太平區,福隆里,1523,59,394,615,1068,15,1083,0,1083,359,1442,75.1040
第15任總統副總統,在臺中市各投開票所,臺中市,　太平區,福隆里,1524,33,247,303,583,8,591,0,591,231,822,71.8978
第15任總統副總統,在臺中市各投開票所,臺中市,　太平區,黃竹里,1525,32,192,268,492,8,500,0,500,158,658,75.9878
第15任總統副總統,在臺中市各投開票所,臺中市,　太平區,光隆里,1526,56,324,700,1080,21,1101,0,1101,341,1442,76.3523
第15任總統副總統,在臺中市各投開票所,臺中市,　太平區,光隆里,1527,63,356,676,1095,12,1107,0,1107,433,1540,71.8831
第15任總統副總統,在臺中市各投開票所,臺中市,　太平區,永隆里,1528,47,266,524,837,11,848,0,848,291,1139,74.4513
第15任總統副總統,在臺中市各投開票所,臺中市,　太平區,永隆里,1529,41,348,537,926,14,940,0,940,328,1268,74.1325
第15任總統副總統,在臺中市各投開票所,臺中市,　太平區,德隆里,1530,40,257,489,786,6,792,0,792,296,1088,72.7941
第15任總統副總統,在臺中市各投開票所,臺中市,　太平區,德隆里,1531,40,292,525,857,15,872,0,872,384,1256,69.4268
第15任總統副總統,在臺中市各投開票所,臺中市,　太平區,德隆里,1532,41,286,502,829,9,838,0,838,225,1063,78.8335
第15任總統副總統,在臺中市各投開票所,臺中市,　太平區,德隆里,1533,37,317,524,878,9,887,0,887,352,1239,71.5900
第15任總統副總統,在臺中市各投開票所,臺中市,　大里區,東湖里,1534,57,473,650,1180,12,1192,0,1192,426,1618,73.6712
第15任總統副總統,在臺中市各投開票所,臺中市,　大里區,東湖里,1535,42,389,600,1031,7,1038,0,1038,402,1440,72.0833
第15任總統副總統,在臺中市各投開票所,臺中市,　大里區,東湖里,1536,43,438,703,1184,15,1199,0,1199,490,1689,70.9888
第15任總統副總統,在臺中市各投開票所,臺中市,　大里區,東湖里,1537,50,372,542,964,4,968,0,968,287,1255,77.1315
第15任總統副總統,在臺中市各投開票所,臺中市,　大里區,東湖里,1538,64,378,607,1049,10,1059,0,1059,321,1380,76.7391
第15任總統副總統,在臺中市各投開票所,臺中市,　大里區,東湖里,1539,57,336,509,902,9,911,0,911,296,1207,75.4764
第15任總統副總統,在臺中市各投開票所,臺中市,　大里區,東湖里,1540,53,348,642,1043,14,1057,0,1057,316,1373,76.9847
第15任總統副總統,在臺中市各投開票所,臺中市,　大里區,西湖里,1541,44,340,663,1047,21,1068,0,1068,319,1387,77.0007
第15任總統副總統,在臺中市各投開票所,臺中市,　大里區,西湖里,1542,65,338,595,998,6,1004,0,1004,364,1368,73.3918
第15任總統副總統,在臺中市各投開票所,臺中市,　大里區,大里里,1543,38,293,526,857,14,871,0,871,303,1174,74.1908
第15任總統副總統,在臺中市各投開票所,臺中市,　大里區,大里里,1544,49,327,566,942,14,956,0,956,252,1208,79.1391
第15任總統副總統,在臺中市各投開票所,臺中市,　大里區,大里里,1545,43,266,514,823,11,834,0,834,276,1110,75.1351
第15任總統副總統,在臺中市各投開票所,臺中市,　大里區,新里里,1546,45,425,741,1211,14,1225,0,1225,390,1615,75.8514
第15任總統副總統,在臺中市各投開票所,臺中市,　大里區,新里里,1547,60,574,827,1461,11,1472,0,1472,1124,2596,56.7026
第15任總統副總統,在臺中市各投開票所,臺中市,　大里區,新里里,1548,47,406,762,1215,8,1223,1,1224,403,1627,75.1690
第15任總統副總統,在臺中市各投開票所,臺中市,　大里區,新里里,1549,56,372,574,1002,12,1014,0,1014,248,1262,80.3487
第15任總統副總統,在臺中市各投開票所,臺中市,　大里區,新里里,1550,36,374,474,884,3,887,0,887,199,1086,81.6759
第15任總統副總統,在臺中市各投開票所,臺中市,　大里區,新里里,1551,70,398,855,1323,16,1339,0,1339,299,1638,81.7460
第15任總統副總統,在臺中市各投開票所,臺中市,　大里區,國光里,1552,55,457,674,1186,26,1212,0,1212,409,1621,74.7687
第15任總統副總統,在臺中市各投開票所,臺中市,　大里區,國光里,1553,49,344,516,909,8,917,0,917,248,1165,78.7124
第15任總統副總統,在臺中市各投開票所,臺中市,　大里區,國光里,1554,58,429,663,1150,17,1167,0,1167,338,1505,77.5415
第15任總統副總統,在臺中市各投開票所,臺中市,　大里區,國光里,1555,63,360,582,1005,13,1018,0,1018,264,1282,79.4072
第15任總統副總統,在臺中市各投開票所,臺中市,　大里區,樹王里,1556,35,216,598,849,8,857,0,857,229,1086,78.9134
第15任總統副總統,在臺中市各投開票所,臺中市,　大里區,樹王里,1557,44,314,626,984,9,993,0,993,275,1268,78.3123
第15任總統副總統,在臺中市各投開票所,臺中市,　大里區,樹王里,1558,41,264,524,829,11,840,0,840,224,1064,78.9474
第15任總統副總統,在臺中市各投開票所,臺中市,　大里區,祥興里,1559,60,335,596,991,10,1001,0,1001,303,1304,76.7638
第15任總統副總統,在臺中市各投開票所,臺中市,　大里區,祥興里,1560,40,320,544,904,10,914,0,914,329,1243,73.5318
第15任總統副總統,在臺中市各投開票所,臺中市,　大里區,祥興里,1561,70,363,731,1164,11,1175,0,1175,425,1600,73.4375
第15任總統副總統,在臺中市各投開票所,臺中市,　大里區,祥興里,1562,69,434,696,1199,17,1216,0,1216,421,1637,74.2822
第15任總統副總統,在臺中市各投開票所,臺中市,　大里區,祥興里,1563,40,260,535,835,4,839,0,839,235,1074,78.1192
第15任總統副總統,在臺中市各投開票所,臺中市,　大里區,內新里,1564,44,358,559,961,10,971,0,971,317,1288,75.3882
第15任總統副總統,在臺中市各投開票所,臺中市,　大里區,內新里,1565,49,424,606,1079,17,1096,0,1096,366,1462,74.9658
第15任總統副總統,在臺中市各投開票所,臺中市,　大里區,內新里,1566,78,368,591,1037,13,1050,0,1050,308,1358,77.3196
第15任總統副總統,在臺中市各投開票所,臺中市,　大里區,內新里,1567,44,408,549,1001,12,1013,0,1013,369,1382,73.2996
第15任總統副總統,在臺中市各投開票所,臺中市,　大里區,內新里,1568,37,420,582,1039,14,1053,0,1053,324,1377,76.4706
第15任總統副總統,在臺中市各投開票所,臺中市,　大里區,內新里,1569,45,354,581,980,5,985,0,985,290,1275,77.2549
第15任總統副總統,在臺中市各投開票所,臺中市,　大里區,中新里,1570,57,339,491,887,12,899,0,899,355,1254,71.6906
第15任總統副總統,在臺中市各投開票所,臺中市,　大里區,中新里,1571,64,357,563,984,11,995,0,995,289,1284,77.4922
第15任總統副總統,在臺中市各投開票所,臺中市,　大里區,中新里,1572,53,374,535,962,14,976,0,976,290,1266,77.0932
第15任總統副總統,在臺中市各投開票所,臺中市,　大里區,中新里,1573,51,353,608,1012,10,1022,0,1022,291,1313,77.8370
第15任總統副總統,在臺中市各投開票所,臺中市,　大里區,東昇里,1574,71,453,754,1278,12,1290,0,1290,432,1722,74.9129
第15任總統副總統,在臺中市各投開票所,臺中市,　大里區,東昇里,1575,54,416,678,1148,13,1161,0,1161,388,1549,74.9516
第15任總統副總統,在臺中市各投開票所,臺中市,　大里區,大元里,1576,51,293,540,884,8,892,0,892,215,1107,80.5781
第15任總統副總統,在臺中市各投開票所,臺中市,　大里區,大元里,1577,63,358,802,1223,13,1236,0,1236,295,1531,80.7315
第15任總統副總統,在臺中市各投開票所,臺中市,　大里區,大元里,1578,56,387,667,1110,13,1123,0,1123,326,1449,77.5017
第15任總統副總統,在臺中市各投開票所,臺中市,　大里區,夏田里,1579,40,208,498,746,14,760,0,760,219,979,77.6302
第15任總統副總統,在臺中市各投開票所,臺中市,　大里區,仁化里,1580,56,326,631,1013,7,1020,0,1020,389,1409,72.3918
第15任總統副總統,在臺中市各投開票所,臺中市,　大里區,仁化里,1581,50,294,606,950,12,962,0,962,367,1329,72.3853
第15任總統副總統,在臺中市各投開票所,臺中市,　大里區,仁化里,1582,43,301,589,933,8,941,0,941,359,1300,72.3846
第15任總統副總統,在臺中市各投開票所,臺中市,　大里區,仁化里,1583,51,309,647,1007,9,1016,0,1016,358,1374,73.9447
第15任總統副總統,在臺中市各投開票所,臺中市,　大里區,仁化里,1584,46,367,617,1030,15,1045,0,1045,365,1410,74.1135
第15任總統副總統,在臺中市各投開票所,臺中市,　大里區,仁化里,1585,55,369,605,1029,16,1045,0,1045,301,1346,77.6374
第15任總統副總統,在臺中市各投開票所,臺中市,　大里區,仁德里,1586,58,347,723,1128,6,1134,0,1134,354,1488,76.2097
第15任總統副總統,在臺中市各投開票所,臺中市,　大里區,仁德里,1587,76,434,651,1161,11,1172,0,1172,373,1545,75.8576
第15任總統副總統,在臺中市各投開票所,臺中市,　大里區,仁德里,1588,39,322,660,1021,13,1034,0,1034,315,1349,76.6494
第15任總統副總統,在臺中市各投開票所,臺中市,　大里區,仁德里,1589,66,347,594,1007,12,1019,0,1019,337,1356,75.1475
第15任總統副總統,在臺中市各投開票所,臺中市,　大里區,健民里,1590,48,361,650,1059,9,1068,0,1068,362,1430,74.6853
第15任總統副總統,在臺中市各投開票所,臺中市,　大里區,健民里,1591,49,369,664,1082,14,1096,0,1096,339,1435,76.3763
第15任總統副總統,在臺中市各投開票所,臺中市,　大里區,健民里,1592,58,408,596,1062,14,1076,0,1076,429,1505,71.4950
第15任總統副總統,在臺中市各投開票所,臺中市,　大里區,塗城里,1593,62,351,562,975,10,985,0,985,391,1376,71.5843
第15任總統副總統,在臺中市各投開票所,臺中市,　大里區,塗城里,1594,53,391,598,1042,13,1055,0,1055,310,1365,77.2894
第15任總統副總統,在臺中市各投開票所,臺中市,　大里區,塗城里,1595,55,355,628,1038,13,1051,0,1051,336,1387,75.7751
第15任總統副總統,在臺中市各投開票所,臺中市,　大里區,塗城里,1596,49,315,646,1010,7,1017,0,1017,310,1327,76.6390
第15任總統副總統,在臺中市各投開票所,臺中市,　大里區,塗城里,1597,52,287,593,932,11,943,0,943,338,1281,73.6144
第15任總統副總統,在臺中市各投開票所,臺中市,　大里區,塗城里,1598,65,363,660,1088,11,1099,0,1099,354,1453,75.6366
第15任總統副總統,在臺中市各投開票所,臺中市,　大里區,東興里,1599,39,351,607,997,10,1007,0,1007,321,1328,75.8283
第15任總統副總統,在臺中市各投開票所,臺中市,　大里區,東興里,1600,56,348,622,1026,10,1036,0,1036,297,1333,77.7194
第15任總統副總統,在臺中市各投開票所,臺中市,　大里區,東興里,1601,38,361,649,1048,5,1053,0,1053,281,1334,78.9355
第15任總統副總統,在臺中市各投開票所,臺中市,　大里區,東興里,1602,50,368,610,1028,15,1043,0,1043,323,1366,76.3543
第15任總統副總統,在臺中市各投開票所,臺中市,　大里區,東興里,1603,74,438,621,1133,11,1144,0,1144,339,1483,77.1409
第15任總統副總統,在臺中市各投開票所,臺中市,　大里區,大明里,1604,54,367,593,1014,9,1023,0,1023,353,1376,74.3459
第15任總統副總統,在臺中市各投開票所,臺中市,　大里區,大明里,1605,61,317,485,863,11,874,0,874,353,1227,71.2306
第15任總統副總統,在臺中市各投開票所,臺中市,　大里區,大明里,1606,47,397,630,1074,16,1090,0,1090,284,1374,79.3304
第15任總統副總統,在臺中市各投開票所,臺中市,　大里區,永隆里,1607,65,458,647,1170,12,1182,0,1182,312,1494,79.1165
第15任總統副總統,在臺中市各投開票所,臺中市,　大里區,永隆里,1608,78,499,787,1364,12,1376,0,1376,282,1658,82.9916
第15任總統副總統,在臺中市各投開票所,臺中市,　大里區,永隆里,1609,70,458,722,1250,13,1263,0,1263,233,1496,84.4251
第15任總統副總統,在臺中市各投開票所,臺中市,　大里區,永隆里,1610,74,475,693,1242,6,1248,0,1248,259,1507,82.8135
第15任總統副總統,在臺中市各投開票所,臺中市,　大里區,永隆里,1611,62,398,581,1041,8,1049,0,1049,235,1284,81.6978
第15任總統副總統,在臺中市各投開票所,臺中市,　大里區,永隆里,1612,74,423,726,1223,13,1236,0,1236,353,1589,77.7848
第15任總統副總統,在臺中市各投開票所,臺中市,　大里區,日新里,1613,52,320,481,853,11,864,0,864,189,1053,82.0513
第15任總統副總統,在臺中市各投開票所,臺中市,　大里區,日新里,1614,58,422,584,1064,21,1085,0,1085,326,1411,76.8958
第15任總統副總統,在臺中市各投開票所,臺中市,　大里區,日新里,1615,51,398,626,1075,18,1093,0,1093,313,1406,77.7383
第15任總統副總統,在臺中市各投開票所,臺中市,　大里區,西榮里,1616,33,353,581,967,11,978,0,978,355,1333,73.3683
第15任總統副總統,在臺中市各投開票所,臺中市,　大里區,西榮里,1617,60,387,698,1145,13,1158,0,1158,399,1557,74.3738
第15任總統副總統,在臺中市各投開票所,臺中市,　大里區,西榮里,1618,53,430,652,1135,18,1153,0,1153,366,1519,75.9052
第15任總統副總統,在臺中市各投開票所,臺中市,　大里區,西榮里,1619,53,296,452,801,6,807,0,807,220,1027,78.5784
第15任總統副總統,在臺中市各投開票所,臺中市,　大里區,長榮里,1620,65,427,659,1151,7,1158,0,1158,313,1471,78.7220
第15任總統副總統,在臺中市各投開票所,臺中市,　大里區,長榮里,1621,59,442,577,1078,10,1088,0,1088,257,1345,80.8922
第15任總統副總統,在臺中市各投開票所,臺中市,　大里區,長榮里,1622,53,396,589,1038,14,1052,0,1052,284,1336,78.7425
第15任總統副總統,在臺中市各投開票所,臺中市,　大里區,長榮里,1623,55,331,650,1036,15,1051,0,1051,273,1324,79.3807
第15任總統副總統,在臺中市各投開票所,臺中市,　大里區,長榮里,1624,60,428,620,1108,9,1117,0,1117,300,1417,78.8285
第15任總統副總統,在臺中市各投開票所,臺中市,　大里區,長榮里,1625,68,418,591,1077,6,1083,0,1083,339,1422,76.1603
第15任總統副總統,在臺中市各投開票所,臺中市,　大里區,金城里,1626,63,432,738,1233,11,1244,0,1244,435,1679,74.0917
第15任總統副總統,在臺中市各投開票所,臺中市,　大里區,金城里,1627,50,385,597,1032,14,1046,0,1046,461,1507,69.4094
第15任總統副總統,在臺中市各投開票所,臺中市,　大里區,金城里,1628,68,373,659,1100,17,1117,0,1117,291,1408,79.3324
第15任總統副總統,在臺中市各投開票所,臺中市,　大里區,金城里,1629,68,426,686,1180,10,1190,0,1190,390,1580,75.3165
第15任總統副總統,在臺中市各投開票所,臺中市,　大里區,金城里,1630,66,429,705,1200,13,1213,0,1213,449,1662,72.9844
第15任總統副總統,在臺中市各投開票所,臺中市,　大里區,金城里,1631,55,394,625,1074,9,1083,1,1084,364,1448,74.7928
第15任總統副總統,在臺中市各投開票所,臺中市,　大里區,立仁里,1632,56,337,597,990,13,1003,0,1003,320,1323,75.8125
第15任總統副總統,在臺中市各投開票所,臺中市,　大里區,立仁里,1633,38,297,505,840,12,852,0,852,365,1217,70.0082
第15任總統副總統,在臺中市各投開票所,臺中市,　大里區,立仁里,1634,54,366,544,964,15,979,0,979,387,1366,71.6691
第15任總統副總統,在臺中市各投開票所,臺中市,　大里區,立仁里,1635,34,262,628,924,10,934,0,934,319,1253,74.5411
第15任總統副總統,在臺中市各投開票所,臺中市,　大里區,立德里,1636,40,379,757,1176,10,1186,0,1186,358,1544,76.8135
第15任總統副總統,在臺中市各投開票所,臺中市,　大里區,立德里,1637,50,420,664,1134,13,1147,0,1147,406,1553,73.8571
第15任總統副總統,在臺中市各投開票所,臺中市,　大里區,立德里,1638,47,403,635,1085,9,1094,0,1094,360,1454,75.2407
第15任總統副總統,在臺中市各投開票所,臺中市,　大里區,立德里,1639,66,400,686,1152,18,1170,0,1170,351,1521,76.9231
第15任總統副總統,在臺中市各投開票所,臺中市,　大里區,立德里,1640,56,359,647,1062,15,1077,0,1077,271,1348,79.8961
第15任總統副總統,在臺中市各投開票所,臺中市,　大里區,新仁里,1641,40,378,655,1073,16,1089,0,1089,309,1398,77.8970
第15任總統副總統,在臺中市各投開票所,臺中市,　大里區,新仁里,1642,49,436,747,1232,15,1247,0,1247,355,1602,77.8402
第15任總統副總統,在臺中市各投開票所,臺中市,　大里區,新仁里,1643,67,366,749,1182,13,1195,0,1195,342,1537,77.7489
第15任總統副總統,在臺中市各投開票所,臺中市,　大里區,新仁里,1644,67,374,688,1129,11,1140,0,1140,344,1484,76.8194
第15任總統副總統,在臺中市各投開票所,臺中市,　大里區,新仁里,1645,58,387,649,1094,9,1103,0,1103,390,1493,73.8781
第15任總統副總統,在臺中市各投開票所,臺中市,　大里區,瑞城里,1646,66,329,586,981,12,993,0,993,354,1347,73.7194
第15任總統副總統,在臺中市各投開票所,臺中市,　大里區,瑞城里,1647,50,438,628,1116,13,1129,0,1129,300,1429,79.0063
第15任總統副總統,在臺中市各投開票所,臺中市,　大里區,瑞城里,1648,69,423,601,1093,11,1104,0,1104,336,1440,76.6667
第15任總統副總統,在臺中市各投開票所,臺中市,　大里區,瑞城里,1649,36,393,591,1020,5,1025,0,1025,349,1374,74.5997
第15任總統副總統,在臺中市各投開票所,臺中市,　大里區,瑞城里,1650,76,402,617,1095,14,1109,0,1109,334,1443,76.8538
第15任總統副總統,在臺中市各投開票所,臺中市,　大里區,瑞城里,1651,52,356,655,1063,10,1073,0,1073,367,1440,74.5139
第15任總統副總統,在臺中市各投開票所,臺中市,　大里區,瑞城里,1652,56,312,592,960,8,968,0,968,338,1306,74.1194
第15任總統副總統,在臺中市各投開票所,臺中市,　大里區,瑞城里,1653,51,391,612,1054,11,1065,0,1065,378,1443,73.8046
第15任總統副總統,在臺中市各投開票所,臺中市,　和平區,南勢里,1833,14,297,344,655,14,669,0,669,249,918,72.8758
第15任總統副總統,在臺中市各投開票所,臺中市,　和平區,南勢里,1834,28,451,213,692,5,697,0,697,234,931,74.8657
第15任總統副總統,在臺中市各投開票所,臺中市,　和平區,天輪里,1835,11,147,144,302,3,305,0,305,129,434,70.2765
第15任總統副總統,在臺中市各投開票所,臺中市,　和平區,博愛里,1836,32,472,207,711,6,717,0,717,262,979,73.2380
第15任總統副總統,在臺中市各投開票所,臺中市,　和平區,博愛里,1837,15,288,146,449,3,452,0,452,175,627,72.0893
第15任總統副總統,在臺中市各投開票所,臺中市,　和平區,自由里,1838,10,138,56,204,0,204,0,204,65,269,75.8364
第15任總統副總統,在臺中市各投開票所,臺中市,　和平區,自由里,1839,13,283,55,351,5,356,0,356,97,453,78.5872
第15任總統副總統,在臺中市各投開票所,臺中市,　和平區,自由里,1840,6,168,58,232,2,234,0,234,91,325,72.0000
第15任總統副總統,在臺中市各投開票所,臺中市,　和平區,達觀里,1841,21,316,218,555,8,563,0,563,179,742,75.8760
第15任總統副總統,在臺中市各投開票所,臺中市,　和平區,達觀里,1842,9,204,47,260,3,263,0,263,73,336,78.2738
第15任總統副總統,在臺中市各投開票所,臺中市,　和平區,中坑里,1843,20,195,143,358,6,364,0,364,91,455,80.0000
第15任總統副總統,在臺中市各投開票所,臺中市,　和平區,梨山里,1844,7,123,81,211,1,212,0,212,140,352,60.2273
第15任總統副總統,在臺中市各投開票所,臺中市,　和平區,梨山里,1845,12,268,132,412,5,417,0,417,314,731,57.0451
第15任總統副總統,在臺中市各投開票所,臺中市,　和平區,梨山里,1846,11,205,107,323,3,326,0,326,222,548,59.4891
第15任總統副總統,在臺中市各投開票所,臺中市,　和平區,梨山里,1847,1,126,40,167,0,167,0,167,94,261,63.9847
第15任總統副總統,在臺中市各投開票所,臺中市,　和平區,平等里,1848,8,63,24,95,0,95,0,95,57,152,62.5000
第15任總統副總統,在臺中市各投開票所,臺中市,　和平區,平等里,1849,16,353,102,471,4,475,0,475,212,687,69.1412
第15任總統副總統,在澎湖縣各投開票所,澎湖縣,　馬公市,復興里,0001,13,109,179,301,2,303,0,303,204,507,59.7633
第15任總統副總統,在澎湖縣各投開票所,澎湖縣,　馬公市,長安里,0002,11,175,171,357,6,363,0,363,178,541,67.0980
第15任總統副總統,在澎湖縣各投開票所,澎湖縣,　馬公市,中央里,0003,14,133,178,325,2,327,0,327,196,523,62.5239
第15任總統副總統,在澎湖縣各投開票所,澎湖縣,　馬公市,啟明里,0004,32,210,342,584,5,589,0,589,285,874,67.3913
第15任總統副總統,在澎湖縣各投開票所,澎湖縣,　馬公市,重慶里,0005,21,249,383,653,14,667,0,667,311,978,68.2004
第15任總統副總統,在澎湖縣各投開票所,澎湖縣,　馬公市,中興里,0006,21,222,236,479,5,484,0,484,265,749,64.6195
第15任總統副總統,在澎湖縣各投開票所,澎湖縣,　馬公市,光復里,0007,26,212,332,570,6,576,0,576,334,910,63.2967
第15任總統副總統,在澎湖縣各投開票所,澎湖縣,　馬公市,光復里,0008,20,288,273,581,8,589,0,589,379,968,60.8471
第15任總統副總統,在澎湖縣各投開票所,澎湖縣,　馬公市,光明里,0009,46,396,334,776,8,784,0,784,514,1298,60.4006
第15任總統副總統,在澎湖縣各投開票所,澎湖縣,　馬公市,光榮里,0010,32,552,276,860,8,868,0,868,496,1364,63.6364
第15任總統副總統,在澎湖縣各投開票所,澎湖縣,　馬公市,光榮里,0011,31,442,416,889,12,901,0,901,447,1348,66.8398
第15任總統副總統,在澎湖縣各投開票所,澎湖縣,　馬公市,光榮里,0012,44,446,343,833,8,841,0,841,450,1291,65.1433
第15任總統副總統,在澎湖縣各投開票所,澎湖縣,　馬公市,朝陽里,0013,37,349,382,768,17,785,0,785,436,1221,64.2916
第15任總統副總統,在澎湖縣各投開票所,澎湖縣,　馬公市,朝陽里,0014,35,304,361,700,4,704,0,704,439,1143,61.5923
第15任總統副總統,在澎湖縣各投開票所,澎湖縣,　馬公市,朝陽里,0015,43,377,427,847,11,858,0,858,470,1328,64.6084
第15任總統副總統,在澎湖縣各投開票所,澎湖縣,　馬公市,朝陽里,0016,46,425,417,888,8,896,0,896,428,1324,67.6737
第15任總統副總統,在澎湖縣各投開票所,澎湖縣,　馬公市,陽明里,0017,35,296,360,691,14,705,0,705,431,1136,62.0599
第15任總統副總統,在澎湖縣各投開票所,澎湖縣,　馬公市,陽明里,0018,27,301,410,738,10,748,0,748,469,1217,61.4626
第15任總統副總統,在澎湖縣各投開票所,澎湖縣,　馬公市,重光里,0019,46,385,483,914,14,928,0,928,506,1434,64.7141
第15任總統副總統,在澎湖縣各投開票所,澎湖縣,　馬公市,西衛里,0020,36,318,346,700,8,708,0,708,407,1115,63.4978
第15任總統副總統,在澎湖縣各投開票所,澎湖縣,　馬公市,西衛里,0021,48,406,422,876,16,892,0,892,404,1296,68.8272
第15任總統副總統,在澎湖縣各投開票所,澎湖縣,　馬公市,西衛里,0022,52,457,432,941,4,945,0,945,441,1386,68.1818
第15任總統副總統,在澎湖縣各投開票所,澎湖縣,　馬公市,西衛里,0023,50,183,796,1029,12,1041,0,1041,380,1421,73.2583
第15任總統副總統,在澎湖縣各投開票所,澎湖縣,　馬公市,西文里,0024,31,288,281,600,8,608,0,608,331,939,64.7497
第15任總統副總統,在澎湖縣各投開票所,澎湖縣,　馬公市,西文里,0025,28,289,331,648,10,658,0,658,368,1026,64.1326
第15任總統副總統,在澎湖縣各投開票所,澎湖縣,　馬公市,西文里,0026,31,256,344,631,9,640,0,640,393,1033,61.9555
第15任總統副總統,在澎湖縣各投開票所,澎湖縣,　馬公市,東文里,0027,30,300,323,653,3,656,0,656,327,983,66.7345
第15任總統副總統,在澎湖縣各投開票所,澎湖縣,　馬公市,東文里,0028,40,289,325,654,8,662,0,662,402,1064,62.2180
第15任總統副總統,在澎湖縣各投開票所,澎湖縣,　馬公市,東文里,0029,41,283,358,682,6,688,0,688,358,1046,65.7744
第15任總統副總統,在澎湖縣各投開票所,澎湖縣,　馬公市,案山里,0030,27,214,271,512,7,519,0,519,469,988,52.5304
第15任總統副總統,在澎湖縣各投開票所,澎湖縣,　馬公市,案山里,0031,25,231,305,561,4,565,0,565,279,844,66.9431
第15任總統副總統,在澎湖縣各投開票所,澎湖縣,　馬公市,光華里,0032,55,212,328,595,10,605,0,605,450,1055,57.3460
第15任總統副總統,在澎湖縣各投開票所,澎湖縣,　馬公市,前寮里,0033,35,225,350,610,3,613,0,613,301,914,67.0678
第15任總統副總統,在澎湖縣各投開票所,澎湖縣,　馬公市,石泉里,0034,57,479,455,991,11,1002,0,1002,446,1448,69.1989
第15任總統副總統,在澎湖縣各投開票所,澎湖縣,　馬公市,石泉里,0035,41,310,310,661,12,673,0,673,389,1062,63.3710
第15任總統副總統,在澎湖縣各投開票所,澎湖縣,　馬公市,菜園里,0036,17,104,152,273,3,276,0,276,155,431,64.0371
第15任總統副總統,在澎湖縣各投開票所,澎湖縣,　馬公市,東衛里,0037,44,322,334,700,9,709,0,709,397,1106,64.1049
第15任總統副總統,在澎湖縣各投開票所,澎湖縣,　馬公市,東衛里,0038,31,290,277,598,4,602,0,602,333,935,64.3850
第15任總統副總統,在澎湖縣各投開票所,澎湖縣,　馬公市,安宅里,0039,16,157,228,401,2,403,0,403,219,622,64.7910
第15任總統副總統,在澎湖縣各投開票所,澎湖縣,　馬公市,興仁里,0040,39,286,355,680,8,688,0,688,407,1095,62.8311
第15任總統副總統,在澎湖縣各投開票所,澎湖縣,　馬公市,烏崁里,0041,22,187,410,619,9,628,0,628,362,990,63.4343
第15任總統副總統,在澎湖縣各投開票所,澎湖縣,　馬公市,鐵線里,0042,23,132,278,433,4,437,0,437,204,641,68.1747
第15任總統副總統,在澎湖縣各投開票所,澎湖縣,　馬公市,鎖港里,0043,40,277,527,844,13,857,0,857,518,1375,62.3273
第15任總統副總統,在澎湖縣各投開票所,澎湖縣,　馬公市,鎖港里,0044,24,176,399,599,5,604,0,604,453,1057,57.1429
第15任總統副總統,在澎湖縣各投開票所,澎湖縣,　馬公市,山水里,0045,31,136,291,458,5,463,0,463,302,765,60.5229
第15任總統副總統,在澎湖縣各投開票所,澎湖縣,　馬公市,山水里,0046,40,147,357,544,8,552,0,552,341,893,61.8141
第15任總統副總統,在澎湖縣各投開票所,澎湖縣,　馬公市,五德里,0047,13,78,133,224,5,229,0,229,210,439,52.1640
第15任總統副總統,在澎湖縣各投開票所,澎湖縣,　馬公市,井垵里,0048,13,81,134,228,4,232,0,232,135,367,63.2153
第15任總統副總統,在澎湖縣各投開票所,澎湖縣,　馬公市,嵵裡里,0049,42,339,276,657,10,667,0,667,481,1148,58.1010
第15任總統副總統,在澎湖縣各投開票所,澎湖縣,　馬公市,風櫃里,0050,29,187,521,737,5,742,0,742,601,1343,55.2494
第15任總統副總統,在澎湖縣各投開票所,澎湖縣,　馬公市,虎井里,0051,17,114,164,295,2,297,0,297,450,747,39.7590
第15任總統副總統,在澎湖縣各投開票所,澎湖縣,　馬公市,桶盤里,0052,16,48,87,151,2,153,0,153,138,291,52.5773
第15任總統副總統,在澎湖縣各投開票所,澎湖縣,　湖西鄉,湖西村,0053,30,293,396,719,12,731,0,731,453,1184,61.7399
第15任總統副總統,在澎湖縣各投開票所,澎湖縣,　湖西鄉,湖東村,0054,11,74,115,200,2,202,0,202,133,335,60.2985
第15任總統副總統,在澎湖縣各投開票所,澎湖縣,　湖西鄉,青螺村,0055,5,48,56,109,1,110,0,110,123,233,47.2103
第15任總統副總統,在澎湖縣各投開票所,澎湖縣,　湖西鄉,白坑村,0056,5,75,83,163,1,164,0,164,121,285,57.5439
第15任總統副總統,在澎湖縣各投開票所,澎湖縣,　湖西鄉,南寮村,0057,10,94,272,376,2,378,0,378,291,669,56.5022
第15任總統副總統,在澎湖縣各投開票所,澎湖縣,　湖西鄉,北寮村,0058,12,72,117,201,5,206,0,206,125,331,62.2356
第15任總統副總統,在澎湖縣各投開票所,澎湖縣,　湖西鄉,紅羅村,0059,27,108,306,441,10,451,0,451,288,739,61.0284
第15任總統副總統,在澎湖縣各投開票所,澎湖縣,　湖西鄉,西溪村,0060,21,150,217,388,3,391,0,391,335,726,53.8567
第15任總統副總統,在澎湖縣各投開票所,澎湖縣,　湖西鄉,成功村,0061,31,166,253,450,6,456,0,456,299,755,60.3974
第15任總統副總統,在澎湖縣各投開票所,澎湖縣,　湖西鄉,東石村,0062,8,37,56,101,1,102,0,102,20,122,83.6066
第15任總統副總統,在澎湖縣各投開票所,澎湖縣,　湖西鄉,沙港村,0063,10,111,336,457,14,471,0,471,312,783,60.1533
第15任總統副總統,在澎湖縣各投開票所,澎湖縣,　湖西鄉,中西村,0064,6,47,61,114,1,115,0,115,90,205,56.0976
第15任總統副總統,在澎湖縣各投開票所,澎湖縣,　湖西鄉,鼎灣村,0065,11,121,125,257,6,263,0,263,435,698,37.6791
第15任總統副總統,在澎湖縣各投開票所,澎湖縣,　湖西鄉,潭邊村,0066,13,82,114,209,6,215,0,215,69,284,75.7042
第15任總統副總統,在澎湖縣各投開票所,澎湖縣,　湖西鄉,許家村,0067,7,105,80,192,4,196,0,196,132,328,59.7561
第15任總統副總統,在澎湖縣各投開票所,澎湖縣,　湖西鄉,城北村,0068,17,91,84,192,3,195,0,195,100,295,66.1017
第15任總統副總統,在澎湖縣各投開票所,澎湖縣,　湖西鄉,太武村,0069,2,25,31,58,2,60,0,60,33,93,64.5161
第15任總統副總統,在澎湖縣各投開票所,澎湖縣,　湖西鄉,隘門村,0070,39,186,280,505,6,511,0,511,328,839,60.9058
第15任總統副總統,在澎湖縣各投開票所,澎湖縣,　湖西鄉,林投村,0071,27,177,387,591,8,599,0,599,358,957,62.5914
第15任總統副總統,在澎湖縣各投開票所,澎湖縣,　湖西鄉,尖山村,0072,14,98,243,355,8,363,0,363,285,648,56.0185
第15任總統副總統,在澎湖縣各投開票所,澎湖縣,　湖西鄉,龍門村,0073,34,186,290,510,9,519,0,519,365,884,58.7104
第15任總統副總統,在澎湖縣各投開票所,澎湖縣,　湖西鄉,龍門村,0074,34,185,298,517,5,522,0,522,323,845,61.7751
第15任總統副總統,在澎湖縣各投開票所,澎湖縣,　湖西鄉,菓葉村,0075,20,105,301,426,10,436,0,436,300,736,59.2391
第15任總統副總統,在澎湖縣各投開票所,澎湖縣,　白沙鄉,中屯村,0076,14,151,173,338,1,339,0,339,169,508,66.7323
第15任總統副總統,在澎湖縣各投開票所,澎湖縣,　白沙鄉,講美村,0077,15,173,187,375,4,379,0,379,261,640,59.2188
第15任總統副總統,在澎湖縣各投開票所,澎湖縣,　白沙鄉,城前村,0078,2,30,35,67,1,68,0,68,46,114,59.6491
第15任總統副總統,在澎湖縣各投開票所,澎湖縣,　白沙鄉,鎮海村,0079,3,56,30,89,1,90,0,90,67,157,57.3248
第15任總統副總統,在澎湖縣各投開票所,澎湖縣,　白沙鄉,港子村,0080,6,74,81,161,3,164,0,164,131,295,55.5932
第15任總統副總統,在澎湖縣各投開票所,澎湖縣,　白沙鄉,岐頭村,0081,4,57,49,110,1,111,0,111,105,216,51.3889
第15任總統副總統,在澎湖縣各投開票所,澎湖縣,　白沙鄉,小赤村,0082,4,54,47,105,0,105,0,105,63,168,62.5000
第15任總統副總統,在澎湖縣各投開票所,澎湖縣,　白沙鄉,赤崁村,0083,32,266,272,570,3,573,0,573,374,947,60.5069
第15任總統副總統,在澎湖縣各投開票所,澎湖縣,　白沙鄉,赤崁村,0084,13,190,190,393,6,399,0,399,313,712,56.0393
第15任總統副總統,在澎湖縣各投開票所,澎湖縣,　白沙鄉,瓦硐村,0085,5,70,71,146,3,149,0,149,146,295,50.5085
第15任總統副總統,在澎湖縣各投開票所,澎湖縣,　白沙鄉,後寮村,0086,20,97,226,343,3,346,0,346,366,712,48.5955
第15任總統副總統,在澎湖縣各投開票所,澎湖縣,　白沙鄉,通梁村,0087,16,157,209,382,4,386,0,386,369,755,51.1258
第15任總統副總統,在澎湖縣各投開票所,澎湖縣,　白沙鄉,吉貝村,0088,20,114,429,563,5,568,0,568,814,1382,41.0999
第15任總統副總統,在澎湖縣各投開票所,澎湖縣,　白沙鄉,鳥嶼村,0089,10,289,125,424,3,427,0,427,634,1061,40.2451
第15任總統副總統,在澎湖縣各投開票所,澎湖縣,　白沙鄉,員貝村,0090,3,90,24,117,0,117,0,117,123,240,48.7500
第15任總統副總統,在澎湖縣各投開票所,澎湖縣,　白沙鄉,大倉村,0091,2,28,93,123,0,123,0,123,127,250,49.2000
第15任總統副總統,在澎湖縣各投開票所,澎湖縣,　西嶼鄉,橫礁村,0092,12,65,86,163,2,165,0,165,117,282,58.5106
第15任總統副總統,在澎湖縣各投開票所,澎湖縣,　西嶼鄉,合界村,0093,16,63,140,219,4,223,0,223,178,401,55.6110
第15任總統副總統,在澎湖縣各投開票所,澎湖縣,　西嶼鄉,竹灣村,0094,15,127,274,416,5,421,0,421,384,805,52.2981
第15任總統副總統,在澎湖縣各投開票所,澎湖縣,　西嶼鄉,小門村,0095,7,114,29,150,2,152,0,152,129,281,54.0925
第15任總統副總統,在澎湖縣各投開票所,澎湖縣,　西嶼鄉,大池村,0096,17,118,207,342,3,345,0,345,288,633,54.5024
第15任總統副總統,在澎湖縣各投開票所,澎湖縣,　西嶼鄉,二崁村,0097,2,23,49,74,2,76,0,76,73,149,51.0067
第15任總統副總統,在澎湖縣各投開票所,澎湖縣,　西嶼鄉,池東村,0098,15,148,168,331,7,338,0,338,306,644,52.4845
第15任總統副總統,在澎湖縣各投開票所,澎湖縣,　西嶼鄉,池西村,0099,4,32,65,101,5,106,0,106,110,216,49.0741
第15任總統副總統,在澎湖縣各投開票所,澎湖縣,　西嶼鄉,赤馬村,0100,13,71,191,275,9,284,0,284,279,563,50.4440
第15任總統副總統,在澎湖縣各投開票所,澎湖縣,　西嶼鄉,內垵村,0101,29,165,442,636,8,644,0,644,571,1215,53.0041
第15任總統副總統,在澎湖縣各投開票所,澎湖縣,　西嶼鄉,外垵村,0102,20,276,160,456,6,462,0,462,439,901,51.2764
第15任總統副總統,在澎湖縣各投開票所,澎湖縣,　西嶼鄉,外垵村,0103,27,353,229,609,2,611,0,611,481,1092,55.9524
第15任總統副總統,在澎湖縣各投開票所,澎湖縣,　望安鄉,東安村,0104,14,131,166,311,2,313,0,313,379,692,45.2312
第15任總統副總統,在澎湖縣各投開票所,澎湖縣,　望安鄉,西安村,0105,10,78,79,167,0,167,0,167,256,423,39.4799
第15任總統副總統,在澎湖縣各投開票所,澎湖縣,　望安鄉,中社村,0106,7,41,58,106,1,107,0,107,192,299,35.7860
第15任總統副總統,在澎湖縣各投開票所,澎湖縣,　望安鄉,水垵村,0107,4,60,95,159,1,160,0,160,306,466,34.3348
第15任總統副總統,在澎湖縣各投開票所,澎湖縣,　望安鄉,將軍村,0108,13,64,147,224,2,226,0,226,434,660,34.2424
第15任總統副總統,在澎湖縣各投開票所,澎湖縣,　望安鄉,將軍村,0109,6,54,177,237,3,240,0,240,504,744,32.2581
第15任總統副總統,在澎湖縣各投開票所,澎湖縣,　望安鄉,東吉村,0110,2,21,33,56,0,56,0,56,218,274,20.4380
第15任總統副總統,在澎湖縣各投開票所,澎湖縣,　望安鄉,東坪村,0111,10,26,100,136,0,136,0,136,329,465,29.2473
第15任總統副總統,在澎湖縣各投開票所,澎湖縣,　望安鄉,西坪村,0112,4,9,28,41,0,41,0,41,176,217,18.8940
第15任總統副總統,在澎湖縣各投開票所,澎湖縣,　望安鄉,花嶼村,0113,19,58,45,122,1,123,0,123,187,310,39.6774
第15任總統副總統,在澎湖縣各投開票所,澎湖縣,　七美鄉,東湖村,0114,9,32,39,80,1,81,0,81,166,247,32.7935
第15任總統副總統,在澎湖縣各投開票所,澎湖縣,　七美鄉,西湖村,0115,16,120,67,203,8,211,0,211,355,566,37.2792
第15任總統副總統,在澎湖縣各投開票所,澎湖縣,　七美鄉,中和村,0116,15,112,98,225,7,232,0,232,388,620,37.4194
第15任總統副總統,在澎湖縣各投開票所,澎湖縣,　七美鄉,平和村,0117,12,61,81,154,2,156,0,156,203,359,43.4540
第15任總統副總統,在澎湖縣各投開票所,澎湖縣,　七美鄉,海豐村,0118,3,63,50,116,2,118,0,118,231,349,33.8109
第15任總統副總統,在澎湖縣各投開票所,澎湖縣,　七美鄉,南港村,0119,35,222,162,419,5,424,0,424,690,1114,38.0610
第15任總統副總統,在雲林縣各投開票所,雲林縣,　斗六市,信義里,0445,16,181,289,486,6,492,0,492,134,626,78.5942
第15任總統副總統,在雲林縣各投開票所,雲林縣,　斗六市,四維里,0446,12,177,274,463,6,469,0,469,131,600,78.1667
第15任總統副總統,在雲林縣各投開票所,雲林縣,　斗六市,太平里,0447,31,225,322,578,6,584,0,584,165,749,77.9706
第15任總統副總統,在雲林縣各投開票所,雲林縣,　斗六市,中和里,0448,18,211,376,605,10,615,0,615,157,772,79.6632
第15任總統副總統,在雲林縣各投開票所,雲林縣,　斗六市,光興里,0449,25,192,315,532,4,536,0,536,202,738,72.6287
第15任總統副總統,在雲林縣各投開票所,雲林縣,　斗六市,鎮西里,0450,31,294,333,658,6,664,0,664,217,881,75.3689
第15任總統副總統,在雲林縣各投開票所,雲林縣,　斗六市,鎮西里,0451,39,263,378,680,13,693,0,693,177,870,79.6552
第15任總統副總統,在雲林縣各投開票所,雲林縣,　斗六市,鎮西里,0452,28,236,337,601,8,609,0,609,354,963,63.2399
第15任總統副總統,在雲林縣各投開票所,雲林縣,　斗六市,鎮西里,0453,36,287,354,677,6,683,0,683,195,878,77.7904
第15任總統副總統,在雲林縣各投開票所,雲林縣,　斗六市,鎮東里,0454,53,406,489,948,7,955,0,955,252,1207,79.1218
第15任總統副總統,在雲林縣各投開票所,雲林縣,　斗六市,鎮東里,0455,33,389,396,818,7,825,0,825,221,1046,78.8719
第15任總統副總統,在雲林縣各投開票所,雲林縣,　斗六市,文化里,0456,30,318,461,809,12,821,0,821,270,1091,75.2521
第15任總統副總統,在雲林縣各投開票所,雲林縣,　斗六市,文化里,0457,36,399,435,870,15,885,0,885,241,1126,78.5968
第15任總統副總統,在雲林縣各投開票所,雲林縣,　斗六市,三平里,0458,59,495,556,1110,17,1127,0,1127,382,1509,74.6852
第15任總統副總統,在雲林縣各投開票所,雲林縣,　斗六市,三平里,0459,40,418,515,973,9,982,0,982,311,1293,75.9474
第15任總統副總統,在雲林縣各投開票所,雲林縣,　斗六市,三平里,0460,27,270,311,608,7,615,0,615,181,796,77.2613
第15任總統副總統,在雲林縣各投開票所,雲林縣,　斗六市,三平里,0461,34,308,403,745,11,756,0,756,190,946,79.9154
第15任總統副總統,在雲林縣各投開票所,雲林縣,　斗六市,明德里,0462,31,257,377,665,5,670,0,670,207,877,76.3968
第15任總統副總統,在雲林縣各投開票所,雲林縣,　斗六市,明德里,0463,49,408,599,1056,14,1070,0,1070,270,1340,79.8507
第15任總統副總統,在雲林縣各投開票所,雲林縣,　斗六市,明德里,0464,47,330,478,855,12,867,0,867,314,1181,73.4124
第15任總統副總統,在雲林縣各投開票所,雲林縣,　斗六市,鎮北里,0465,41,319,520,880,13,893,0,893,255,1148,77.7875
第15任總統副總統,在雲林縣各投開票所,雲林縣,　斗六市,鎮北里,0466,32,286,267,585,6,591,0,591,162,753,78.4861
第15任總統副總統,在雲林縣各投開票所,雲林縣,　斗六市,鎮北里,0467,25,287,310,622,6,628,0,628,126,754,83.2891
第15任總統副總統,在雲林縣各投開票所,雲林縣,　斗六市,公誠里,0468,42,298,390,730,11,741,0,741,232,973,76.1562
第15任總統副總統,在雲林縣各投開票所,雲林縣,　斗六市,公誠里,0469,55,374,443,872,8,880,0,880,231,1111,79.2079
第15任總統副總統,在雲林縣各投開票所,雲林縣,　斗六市,忠孝里,0470,29,418,634,1081,13,1094,0,1094,295,1389,78.7617
第15任總統副總統,在雲林縣各投開票所,雲林縣,　斗六市,仁愛里,0471,29,331,493,853,15,868,0,868,208,1076,80.6691
第15任總統副總統,在雲林縣各投開票所,雲林縣,　斗六市,八德里,0472,36,242,372,650,17,667,0,667,182,849,78.5630
第15任總統副總統,在雲林縣各投開票所,雲林縣,　斗六市,八德里,0473,29,352,503,884,15,899,0,899,331,1230,73.0894
第15任總統副總統,在雲林縣各投開票所,雲林縣,　斗六市,八德里,0474,39,264,427,730,10,740,0,740,240,980,75.5102
第15任總統副總統,在雲林縣各投開票所,雲林縣,　斗六市,公正里,0475,49,442,533,1024,11,1035,0,1035,317,1352,76.5533
第15任總統副總統,在雲林縣各投開票所,雲林縣,　斗六市,公正里,0476,37,451,578,1066,12,1078,1,1079,289,1368,78.8012
第15任總統副總統,在雲林縣各投開票所,雲林縣,　斗六市,重光里,0477,29,313,513,855,10,865,0,865,289,1154,74.9567
第15任總統副總統,在雲林縣各投開票所,雲林縣,　斗六市,重光里,0478,42,259,487,788,12,800,0,800,321,1121,71.3649
第15任總統副總統,在雲林縣各投開票所,雲林縣,　斗六市,林頭里,0479,50,443,593,1086,16,1102,0,1102,250,1352,81.5089
第15任總統副總統,在雲林縣各投開票所,雲林縣,　斗六市,林頭里,0480,43,368,487,898,13,911,0,911,342,1253,72.7055
第15任總統副總統,在雲林縣各投開票所,雲林縣,　斗六市,林頭里,0481,46,461,559,1066,6,1072,0,1072,345,1417,75.6528
第15任總統副總統,在雲林縣各投開票所,雲林縣,　斗六市,成功里,0482,32,386,498,916,8,924,0,924,233,1157,79.8617
第15任總統副總統,在雲林縣各投開票所,雲林縣,　斗六市,成功里,0483,44,400,624,1068,14,1082,0,1082,268,1350,80.1481
第15任總統副總統,在雲林縣各投開票所,雲林縣,　斗六市,鎮南里,0484,40,344,418,802,13,815,0,815,229,1044,78.0651
第15任總統副總統,在雲林縣各投開票所,雲林縣,　斗六市,鎮南里,0485,36,439,438,913,9,922,1,923,297,1220,75.5738
第15任總統副總統,在雲林縣各投開票所,雲林縣,　斗六市,鎮南里,0486,31,356,431,818,15,833,0,833,280,1113,74.8428
第15任總統副總統,在雲林縣各投開票所,雲林縣,　斗六市,社口里,0487,29,264,343,636,6,642,0,642,199,841,76.3377
第15任總統副總統,在雲林縣各投開票所,雲林縣,　斗六市,社口里,0488,49,440,567,1056,12,1068,0,1068,307,1375,77.6727
第15任總統副總統,在雲林縣各投開票所,雲林縣,　斗六市,龍潭里,0489,25,267,453,745,14,759,0,759,221,980,77.4490
第15任總統副總統,在雲林縣各投開票所,雲林縣,　斗六市,龍潭里,0490,26,230,316,572,11,583,0,583,127,710,82.1127
第15任總統副總統,在雲林縣各投開票所,雲林縣,　斗六市,嘉東里,0491,47,409,598,1054,13,1067,0,1067,329,1396,76.4327
第15任總統副總統,在雲林縣各投開票所,雲林縣,　斗六市,崙峯里,0492,27,415,382,824,8,832,0,832,241,1073,77.5396
第15任總統副總統,在雲林縣各投開票所,雲林縣,　斗六市,崙峯里,0493,33,454,495,982,9,991,0,991,288,1279,77.4824
第15任總統副總統,在雲林縣各投開票所,雲林縣,　斗六市,溝垻里,0494,24,204,260,488,6,494,0,494,138,632,78.1646
第15任總統副總統,在雲林縣各投開票所,雲林縣,　斗六市,江厝里,0495,19,171,351,541,7,548,0,548,177,725,75.5862
第15任總統副總統,在雲林縣各投開票所,雲林縣,　斗六市,江厝里,0496,41,399,557,997,14,1011,0,1011,372,1383,73.1020
第15任總統副總統,在雲林縣各投開票所,雲林縣,　斗六市,三光里,0497,8,148,265,421,2,423,0,423,122,545,77.6147
第15任總統副總統,在雲林縣各投開票所,雲林縣,　斗六市,久安里,0498,50,421,598,1069,11,1080,0,1080,327,1407,76.7591
第15任總統副總統,在雲林縣各投開票所,雲林縣,　斗六市,久安里,0499,24,304,379,707,2,709,0,709,200,909,77.9978
第15任總統副總統,在雲林縣各投開票所,雲林縣,　斗六市,虎溪里,0500,52,483,598,1133,9,1142,0,1142,311,1453,78.5960
第15任總統副總統,在雲林縣各投開票所,雲林縣,　斗六市,虎溪里,0501,41,432,576,1049,7,1056,0,1056,346,1402,75.3210
第15任總統副總統,在雲林縣各投開票所,雲林縣,　斗六市,虎溪里,0502,43,363,603,1009,21,1030,0,1030,392,1422,72.4332
第15任總統副總統,在雲林縣各投開票所,雲林縣,　斗六市,虎溪里,0503,30,279,430,739,5,744,0,744,245,989,75.2275
第15任總統副總統,在雲林縣各投開票所,雲林縣,　斗六市,保庄里,0504,36,460,555,1051,18,1069,0,1069,272,1341,79.7166
第15任總統副總統,在雲林縣各投開票所,雲林縣,　斗六市,保庄里,0505,44,405,632,1081,10,1091,0,1091,240,1331,81.9684
第15任總統副總統,在雲林縣各投開票所,雲林縣,　斗六市,保庄里,0506,33,351,540,924,12,936,0,936,297,1233,75.9124
第15任總統副總統,在雲林縣各投開票所,雲林縣,　斗六市,保庄里,0507,44,355,615,1014,10,1024,0,1024,257,1281,79.9375
第15任總統副總統,在雲林縣各投開票所,雲林縣,　斗六市,長平里,0508,29,232,532,793,12,805,0,805,258,1063,75.7291
第15任總統副總統,在雲林縣各投開票所,雲林縣,　斗六市,長平里,0509,24,234,280,538,8,546,0,546,123,669,81.6143
第15任總統副總統,在雲林縣各投開票所,雲林縣,　斗六市,榴中里,0510,29,248,487,764,8,772,0,772,263,1035,74.5894
第15任總統副總統,在雲林縣各投開票所,雲林縣,　斗六市,榴中里,0511,39,233,552,824,8,832,0,832,249,1081,76.9658
第15任總統副總統,在雲林縣各投開票所,雲林縣,　斗六市,榴中里,0512,37,272,407,716,7,723,0,723,273,996,72.5904
第15任總統副總統,在雲林縣各投開票所,雲林縣,　斗六市,榴中里,0513,44,300,517,861,19,880,0,880,292,1172,75.0853
第15任總統副總統,在雲林縣各投開票所,雲林縣,　斗六市,榴北里,0514,32,233,502,767,9,776,0,776,277,1053,73.6942
第15任總統副總統,在雲林縣各投開票所,雲林縣,　斗六市,榴南里,0515,28,229,386,643,7,650,0,650,209,859,75.6694
第15任總統副總統,在雲林縣各投開票所,雲林縣,　斗六市,榴南里,0516,36,281,489,806,7,813,0,813,249,1062,76.5537
第15任總統副總統,在雲林縣各投開票所,雲林縣,　斗六市,梅林里,0517,13,195,306,514,6,520,0,520,162,682,76.2463
第15任總統副總統,在雲林縣各投開票所,雲林縣,　斗六市,梅林里,0518,45,295,484,824,16,840,0,840,264,1104,76.0870
第15任總統副總統,在雲林縣各投開票所,雲林縣,　斗六市,湖山里,0519,35,286,498,819,12,831,0,831,262,1093,76.0293
第15任總統副總統,在雲林縣各投開票所,雲林縣,　斗六市,長安里,0520,32,302,525,859,8,867,0,867,254,1121,77.3417
第15任總統副總統,在雲林縣各投開票所,雲林縣,　斗六市,長安里,0521,51,259,490,800,7,807,0,807,262,1069,75.4911
第15任總統副總統,在雲林縣各投開票所,雲林縣,　斗六市,長安里,0522,31,154,345,530,2,532,0,532,143,675,78.8148
第15任總統副總統,在雲林縣各投開票所,雲林縣,　斗六市,溪洲里,0523,34,250,470,754,8,762,0,762,266,1028,74.1245
第15任總統副總統,在雲林縣各投開票所,雲林縣,　斗六市,溪洲里,0524,51,283,441,775,10,785,0,785,259,1044,75.1916
第15任總統副總統,在雲林縣各投開票所,雲林縣,　斗六市,溪洲里,0525,33,281,388,702,13,715,0,715,275,990,72.2222
第15任總統副總統,在雲林縣各投開票所,雲林縣,　斗六市,十三里,0526,31,253,533,817,7,824,0,824,262,1086,75.8748
第15任總統副總統,在雲林縣各投開票所,雲林縣,　斗南鎮,東仁里,0545,37,316,518,871,8,879,0,879,252,1131,77.7188
第15任總統副總統,在雲林縣各投開票所,雲林縣,　斗南鎮,西岐里,0546,32,375,463,870,6,876,0,876,228,1104,79.3478
第15任總統副總統,在雲林縣各投開票所,雲林縣,　斗南鎮,西岐里,0547,20,264,413,697,11,708,0,708,241,949,74.6048
第15任總統副總統,在雲林縣各投開票所,雲林縣,　斗南鎮,大同里,0548,26,259,368,653,10,663,0,663,237,900,73.6667
第15任總統副總統,在雲林縣各投開票所,雲林縣,　斗南鎮,大同里,0549,37,255,412,704,7,711,0,711,223,934,76.1242
第15任總統副總統,在雲林縣各投開票所,雲林縣,　斗南鎮,大同里,0550,28,275,373,676,9,685,0,685,207,892,76.7937
第15任總統副總統,在雲林縣各投開票所,雲林縣,　斗南鎮,南昌里,0551,37,307,477,821,14,835,0,835,302,1137,73.4389
第15任總統副總統,在雲林縣各投開票所,雲林縣,　斗南鎮,南昌里,0552,25,268,477,770,6,776,0,776,239,1015,76.4532
第15任總統副總統,在雲林縣各投開票所,雲林縣,　斗南鎮,北銘里,0553,58,437,610,1105,9,1114,0,1114,328,1442,77.2538
第15任總統副總統,在雲林縣各投開票所,雲林縣,　斗南鎮,中天里,0554,36,343,575,954,14,968,0,968,255,1223,79.1496
第15任總統副總統,在雲林縣各投開票所,雲林縣,　斗南鎮,林子里,0555,37,297,612,946,9,955,0,955,322,1277,74.7847
第15任總統副總統,在雲林縣各投開票所,雲林縣,　斗南鎮,石龜里,0556,29,184,361,574,7,581,0,581,166,747,77.7778
第15任總統副總統,在雲林縣各投開票所,雲林縣,　斗南鎮,石溪里,0557,9,202,417,628,5,633,0,633,215,848,74.6462
第15任總統副總統,在雲林縣各投開票所,雲林縣,　斗南鎮,靖興里,0558,15,223,384,622,8,630,0,630,248,878,71.7540
第15任總統副總統,在雲林縣各投開票所,雲林縣,　斗南鎮,新南里,0559,21,158,294,473,8,481,0,481,186,667,72.1139
第15任總統副總統,在雲林縣各投開票所,雲林縣,　斗南鎮,阿丹里,0560,21,256,521,798,10,808,0,808,275,1083,74.6076
第15任總統副總統,在雲林縣各投開票所,雲林縣,　斗南鎮,將軍里,0561,20,200,403,623,10,633,0,633,195,828,76.4493
第15任總統副總統,在雲林縣各投開票所,雲林縣,　斗南鎮,將軍里,0562,30,207,349,586,7,593,0,593,242,835,71.0180
第15任總統副總統,在雲林縣各投開票所,雲林縣,　斗南鎮,舊社里,0563,42,330,563,935,8,943,0,943,303,1246,75.6822
第15任總統副總統,在雲林縣各投開票所,雲林縣,　斗南鎮,舊社里,0564,55,320,608,983,6,989,0,989,346,1335,74.0824
第15任總統副總統,在雲林縣各投開票所,雲林縣,　斗南鎮,明昌里,0565,26,333,448,807,12,819,0,819,254,1073,76.3281
第15任總統副總統,在雲林縣各投開票所,雲林縣,　斗南鎮,明昌里,0566,39,314,477,830,7,837,0,837,277,1114,75.1346
第15任總統副總統,在雲林縣各投開票所,雲林縣,　斗南鎮,明昌里,0567,28,215,491,734,10,744,0,744,263,1007,73.8828
第15任總統副總統,在雲林縣各投開票所,雲林縣,　斗南鎮,僑真里,0568,23,177,414,614,6,620,0,620,252,872,71.1009
第15任總統副總統,在雲林縣各投開票所,雲林縣,　斗南鎮,僑真里,0569,49,370,552,971,12,983,0,983,283,1266,77.6461
第15任總統副總統,在雲林縣各投開票所,雲林縣,　斗南鎮,大東里,0570,19,208,417,644,6,650,0,650,213,863,75.3187
第15任總統副總統,在雲林縣各投開票所,雲林縣,　斗南鎮,埤麻里,0571,25,250,304,579,8,587,0,587,204,791,74.2099
第15任總統副總統,在雲林縣各投開票所,雲林縣,　斗南鎮,西伯里,0572,16,240,326,582,10,592,0,592,239,831,71.2395
第15任總統副總統,在雲林縣各投開票所,雲林縣,　斗南鎮,新崙里,0573,20,202,360,582,14,596,0,596,226,822,72.5061
第15任總統副總統,在雲林縣各投開票所,雲林縣,　斗南鎮,新崙里,0574,16,163,304,483,8,491,0,491,151,642,76.4798
第15任總統副總統,在雲林縣各投開票所,雲林縣,　斗南鎮,東明里,0575,27,235,448,710,7,717,0,717,226,943,76.0339
第15任總統副總統,在雲林縣各投開票所,雲林縣,　斗南鎮,新光里,0576,35,295,656,986,10,996,0,996,310,1306,76.2634
第15任總統副總統,在雲林縣各投開票所,雲林縣,　斗南鎮,新光里,0577,39,324,611,974,13,987,0,987,315,1302,75.8065
第15任總統副總統,在雲林縣各投開票所,雲林縣,　斗南鎮,田頭里,0578,21,287,589,897,13,910,0,910,283,1193,76.2783
第15任總統副總統,在雲林縣各投開票所,雲林縣,　斗南鎮,田頭里,0579,15,245,431,691,13,704,0,704,244,948,74.2616
第15任總統副總統,在雲林縣各投開票所,雲林縣,　斗南鎮,小東里,0580,35,261,776,1072,12,1084,0,1084,376,1460,74.2466
第15任總統副總統,在雲林縣各投開票所,雲林縣,　虎尾鎮,東仁里,0121,43,437,513,993,7,1000,0,1000,293,1293,77.3395
第15任總統副總統,在雲林縣各投開票所,雲林縣,　虎尾鎮,東仁里,0122,25,386,499,910,11,921,0,921,285,1206,76.3682
第15任總統副總統,在雲林縣各投開票所,雲林縣,　虎尾鎮,新興里,0123,30,217,311,558,6,564,0,564,176,740,76.2162
第15任總統副總統,在雲林縣各投開票所,雲林縣,　虎尾鎮,新興里,0124,32,233,299,564,6,570,0,570,327,897,63.5452
第15任總統副總統,在雲林縣各投開票所,雲林縣,　虎尾鎮,公安里,0125,51,428,566,1045,8,1053,0,1053,302,1355,77.7122
第15任總統副總統,在雲林縣各投開票所,雲林縣,　虎尾鎮,公安里,0126,66,439,551,1056,9,1065,0,1065,312,1377,77.3420
第15任總統副總統,在雲林縣各投開票所,雲林縣,　虎尾鎮,德興里,0127,48,331,482,861,9,870,0,870,324,1194,72.8643
第15任總統副總統,在雲林縣各投開票所,雲林縣,　虎尾鎮,德興里,0128,47,424,443,914,9,923,0,923,309,1232,74.9188
第15任總統副總統,在雲林縣各投開票所,雲林縣,　虎尾鎮,中山里,0129,32,284,363,679,4,683,0,683,212,895,76.3128
第15任總統副總統,在雲林縣各投開票所,雲林縣,　虎尾鎮,西安里,0130,31,353,394,778,7,785,0,785,251,1036,75.7722
第15任總統副總統,在雲林縣各投開票所,雲林縣,　虎尾鎮,西安里,0131,31,347,390,768,7,775,0,775,272,1047,74.0210
第15任總統副總統,在雲林縣各投開票所,雲林縣,　虎尾鎮,西安里,0132,40,287,438,765,7,772,0,772,285,1057,73.0369
第15任總統副總統,在雲林縣各投開票所,雲林縣,　虎尾鎮,立仁里,0133,37,400,401,838,6,844,0,844,266,1110,76.0360
第15任總統副總統,在雲林縣各投開票所,雲林縣,　虎尾鎮,立仁里,0134,31,377,503,911,11,922,0,922,317,1239,74.4149
第15任總統副總統,在雲林縣各投開票所,雲林縣,　虎尾鎮,立仁里,0135,45,394,451,890,11,901,0,901,330,1231,73.1925
第15任總統副總統,在雲林縣各投開票所,雲林縣,　虎尾鎮,安慶里,0136,53,471,521,1045,4,1049,0,1049,323,1372,76.4577
第15任總統副總統,在雲林縣各投開票所,雲林縣,　虎尾鎮,平和里,0137,50,400,547,997,10,1007,0,1007,297,1304,77.2239
第15任總統副總統,在雲林縣各投開票所,雲林縣,　虎尾鎮,平和里,0138,46,460,580,1086,9,1095,0,1095,331,1426,76.7882
第15任總統副總統,在雲林縣各投開票所,雲林縣,　虎尾鎮,平和里,0139,66,447,635,1148,17,1165,0,1165,315,1480,78.7162
第15任總統副總統,在雲林縣各投開票所,雲林縣,　虎尾鎮,興南里,0140,43,415,526,984,15,999,0,999,250,1249,79.9840
第15任總統副總統,在雲林縣各投開票所,雲林縣,　虎尾鎮,興南里,0141,36,245,371,652,7,659,0,659,278,937,70.3308
第15任總統副總統,在雲林縣各投開票所,雲林縣,　虎尾鎮,新吉里,0142,47,317,603,967,15,982,0,982,294,1276,76.9592
第15任總統副總統,在雲林縣各投開票所,雲林縣,　虎尾鎮,新吉里,0143,31,393,501,925,11,936,0,936,324,1260,74.2857
第15任總統副總統,在雲林縣各投開票所,雲林縣,　虎尾鎮,新吉里,0144,43,294,474,811,11,822,0,822,262,1084,75.8303
第15任總統副總統,在雲林縣各投開票所,雲林縣,　虎尾鎮,穎川里,0145,26,282,480,788,8,796,0,796,265,1061,75.0236
第15任總統副總統,在雲林縣各投開票所,雲林縣,　虎尾鎮,穎川里,0146,32,268,359,659,9,668,0,668,200,868,76.9585
第15任總統副總統,在雲林縣各投開票所,雲林縣,　虎尾鎮,延平里,0147,31,301,491,823,8,831,0,831,255,1086,76.5193
第15任總統副總統,在雲林縣各投開票所,雲林縣,　虎尾鎮,建國里,0148,22,144,161,327,6,333,0,333,170,503,66.2028
第15任總統副總統,在雲林縣各投開票所,雲林縣,　虎尾鎮,埒內里,0149,54,327,655,1036,9,1045,0,1045,316,1361,76.7818
第15任總統副總統,在雲林縣各投開票所,雲林縣,　虎尾鎮,埒內里,0150,25,233,637,895,13,908,0,908,290,1198,75.7930
第15任總統副總統,在雲林縣各投開票所,雲林縣,　虎尾鎮,堀頭里,0151,27,205,355,587,11,598,0,598,196,794,75.3149
第15任總統副總統,在雲林縣各投開票所,雲林縣,　虎尾鎮,安溪里,0152,24,188,408,620,12,632,0,632,187,819,77.1673
第15任總統副總統,在雲林縣各投開票所,雲林縣,　虎尾鎮,安溪里,0153,36,218,397,651,9,660,0,660,241,901,73.2519
第15任總統副總統,在雲林縣各投開票所,雲林縣,　虎尾鎮,興中里,0154,20,260,317,597,11,608,0,608,232,840,72.3810
第15任總統副總統,在雲林縣各投開票所,雲林縣,　虎尾鎮,興中里,0155,24,190,325,539,1,540,0,540,214,754,71.6180
第15任總統副總統,在雲林縣各投開票所,雲林縣,　虎尾鎮,廉使里,0156,34,296,570,900,17,917,0,917,309,1226,74.7961
第15任總統副總統,在雲林縣各投開票所,雲林縣,　虎尾鎮,廉使里,0157,19,187,477,683,8,691,0,691,253,944,73.1992
第15任總統副總統,在雲林縣各投開票所,雲林縣,　虎尾鎮,廉使里,0158,25,222,473,720,6,726,0,726,273,999,72.6727
第15任總統副總統,在雲林縣各投開票所,雲林縣,　虎尾鎮,惠來里,0159,33,324,491,848,13,861,0,861,360,1221,70.5160
第15任總統副總統,在雲林縣各投開票所,雲林縣,　虎尾鎮,惠來里,0160,42,241,503,786,9,795,0,795,257,1052,75.5703
第15任總統副總統,在雲林縣各投開票所,雲林縣,　虎尾鎮,頂溪里,0161,26,289,608,923,12,935,0,935,325,1260,74.2063
第15任總統副總統,在雲林縣各投開票所,雲林縣,　虎尾鎮,頂溪里,0162,48,284,603,935,12,947,0,947,307,1254,75.5183
第15任總統副總統,在雲林縣各投開票所,雲林縣,　虎尾鎮,中溪里,0163,38,339,571,948,13,961,0,961,344,1305,73.6398
第15任總統副總統,在雲林縣各投開票所,雲林縣,　虎尾鎮,下溪里,0164,55,426,614,1095,16,1111,0,1111,361,1472,75.4755
第15任總統副總統,在雲林縣各投開票所,雲林縣,　虎尾鎮,東屯里,0165,32,296,501,829,18,847,0,847,339,1186,71.4165
第15任總統副總統,在雲林縣各投開票所,雲林縣,　虎尾鎮,西屯里,0166,32,353,589,974,12,986,0,986,436,1422,69.3390
第15任總統副總統,在雲林縣各投開票所,雲林縣,　虎尾鎮,芳草里,0167,29,133,412,574,8,582,0,582,259,841,69.2033
第15任總統副總統,在雲林縣各投開票所,雲林縣,　虎尾鎮,墾地里,0168,62,340,713,1115,19,1134,0,1134,539,1673,67.7824
第15任總統副總統,在雲林縣各投開票所,雲林縣,　虎尾鎮,北溪里,0169,27,227,362,616,8,624,0,624,205,829,75.2714
第15任總統副總統,在雲林縣各投開票所,雲林縣,　虎尾鎮,三合里,0170,50,355,502,907,12,919,0,919,328,1247,73.6969
第15任總統副總統,在雲林縣各投開票所,雲林縣,　西螺鎮,振興里,0364,22,119,412,553,5,558,0,558,222,780,71.5385
第15任總統副總統,在雲林縣各投開票所,雲林縣,　西螺鎮,振興里,0365,18,158,358,534,3,537,0,537,205,742,72.3720
第15任總統副總統,在雲林縣各投開票所,雲林縣,　西螺鎮,大園里,0366,15,195,394,604,3,607,0,607,201,808,75.1238
第15任總統副總統,在雲林縣各投開票所,雲林縣,　西螺鎮,大園里,0367,10,201,440,651,8,659,1,660,198,858,76.8065
第15任總統副總統,在雲林縣各投開票所,雲林縣,　西螺鎮,廣福里,0368,22,297,477,796,9,805,0,805,219,1024,78.6133
第15任總統副總統,在雲林縣各投開票所,雲林縣,　西螺鎮,廣福里,0369,20,275,445,740,6,746,0,746,247,993,75.1259
第15任總統副總統,在雲林縣各投開票所,雲林縣,　西螺鎮,正興里,0370,20,252,438,710,7,717,0,717,257,974,73.6140
第15任總統副總統,在雲林縣各投開票所,雲林縣,　西螺鎮,正興里,0371,18,197,436,651,4,655,0,655,203,858,76.3403
第15任總統副總統,在雲林縣各投開票所,雲林縣,　西螺鎮,正興里,0372,26,289,427,742,6,748,0,748,294,1042,71.7850
第15任總統副總統,在雲林縣各投開票所,雲林縣,　西螺鎮,永安里,0373,7,85,166,258,2,260,0,260,67,327,79.5107
第15任總統副總統,在雲林縣各投開票所,雲林縣,　西螺鎮,中和里,0374,11,138,260,409,5,414,0,414,157,571,72.5044
第15任總統副總統,在雲林縣各投開票所,雲林縣,　西螺鎮,福興里,0375,16,156,257,429,5,434,0,434,113,547,79.3419
第15任總統副總統,在雲林縣各投開票所,雲林縣,　西螺鎮,光華里,0376,21,269,449,739,8,747,0,747,252,999,74.7748
第15任總統副總統,在雲林縣各投開票所,雲林縣,　西螺鎮,中興里,0377,42,349,646,1037,7,1044,0,1044,301,1345,77.6208
第15任總統副總統,在雲林縣各投開票所,雲林縣,　西螺鎮,中興里,0378,33,317,602,952,10,962,0,962,394,1356,70.9440
第15任總統副總統,在雲林縣各投開票所,雲林縣,　西螺鎮,漢光里,0379,25,248,479,752,7,759,0,759,250,1009,75.2230
第15任總統副總統,在雲林縣各投開票所,雲林縣,　西螺鎮,漢光里,0380,24,250,473,747,13,760,0,760,311,1071,70.9617
第15任總統副總統,在雲林縣各投開票所,雲林縣,　西螺鎮,漢光里,0381,25,237,538,800,13,813,0,813,244,1057,76.9158
第15任總統副總統,在雲林縣各投開票所,雲林縣,　西螺鎮,漢光里,0382,26,243,526,795,6,801,0,801,321,1122,71.3904
第15任總統副總統,在雲林縣各投開票所,雲林縣,　西螺鎮,新安里,0383,33,198,708,939,7,946,0,946,303,1249,75.7406
第15任總統副總統,在雲林縣各投開票所,雲林縣,　西螺鎮,新豐里,0384,31,249,769,1049,12,1061,0,1061,386,1447,73.3241
第15任總統副總統,在雲林縣各投開票所,雲林縣,　西螺鎮,大新里,0385,20,177,378,575,5,580,0,580,204,784,73.9796
第15任總統副總統,在雲林縣各投開票所,雲林縣,　西螺鎮,大新里,0386,26,145,380,551,7,558,0,558,197,755,73.9073
第15任總統副總統,在雲林縣各投開票所,雲林縣,　西螺鎮,埤頭里,0387,20,127,456,603,8,611,0,611,221,832,73.4375
第15任總統副總統,在雲林縣各投開票所,雲林縣,　西螺鎮,東興里,0388,20,131,549,700,6,706,0,706,240,946,74.6300
第15任總統副總統,在雲林縣各投開票所,雲林縣,　西螺鎮,鹿場里,0389,19,299,752,1070,7,1077,0,1077,389,1466,73.4652
第15任總統副總統,在雲林縣各投開票所,雲林縣,　西螺鎮,廣興里,0390,14,248,340,602,10,612,0,612,226,838,73.0310
第15任總統副總統,在雲林縣各投開票所,雲林縣,　西螺鎮,頂湳里,0391,13,187,518,718,9,727,0,727,223,950,76.5263
第15任總統副總統,在雲林縣各投開票所,雲林縣,　西螺鎮,吳厝里,0392,19,258,584,861,13,874,0,874,382,1256,69.5860
第15任總統副總統,在雲林縣各投開票所,雲林縣,　西螺鎮,九隆里,0393,19,130,359,508,5,513,0,513,178,691,74.2402
第15任總統副總統,在雲林縣各投開票所,雲林縣,　西螺鎮,下湳里,0394,21,259,271,551,8,559,0,559,223,782,71.4834
第15任總統副總統,在雲林縣各投開票所,雲林縣,　西螺鎮,七座里,0395,20,161,423,604,8,612,0,612,253,865,70.7514
第15任總統副總統,在雲林縣各投開票所,雲林縣,　西螺鎮,公舘里,0396,26,229,695,950,13,963,0,963,349,1312,73.3994
第15任總統副總統,在雲林縣各投開票所,雲林縣,　西螺鎮,詔安里,0397,24,261,424,709,15,724,0,724,243,967,74.8707
第15任總統副總統,在雲林縣各投開票所,雲林縣,　西螺鎮,河南里,0398,28,263,469,760,7,767,0,767,228,995,77.0854
第15任總統副總統,在雲林縣各投開票所,雲林縣,　西螺鎮,安定里,0399,13,198,410,621,12,633,0,633,259,892,70.9641
第15任總統副總統,在雲林縣各投開票所,雲林縣,　西螺鎮,安定里,0400,14,173,413,600,3,603,0,603,240,843,71.5302
第15任總統副總統,在雲林縣各投開票所,雲林縣,　西螺鎮,福田里,0401,25,285,785,1095,17,1112,0,1112,344,1456,76.3736
第15任總統副總統,在雲林縣各投開票所,雲林縣,　土庫鎮,忠正里,0091,22,220,337,579,7,586,0,586,162,748,78.3422
第15任總統副總統,在雲林縣各投開票所,雲林縣,　土庫鎮,順天里,0092,29,243,371,643,9,652,0,652,209,861,75.7259
第15任總統副總統,在雲林縣各投開票所,雲林縣,　土庫鎮,宮北里,0093,24,142,318,484,15,499,0,499,158,657,75.9513
第15任總統副總統,在雲林縣各投開票所,雲林縣,　土庫鎮,宮北里,0094,20,222,290,532,13,545,0,545,136,681,80.0294
第15任總統副總統,在雲林縣各投開票所,雲林縣,　土庫鎮,越港里,0095,22,349,426,797,10,807,0,807,211,1018,79.2731
第15任總統副總統,在雲林縣各投開票所,雲林縣,　土庫鎮,溪邊里,0096,16,155,317,488,10,498,0,498,157,655,76.0305
第15任總統副總統,在雲林縣各投開票所,雲林縣,　土庫鎮,溪邊里,0097,16,126,168,310,4,314,0,314,103,417,75.2998
第15任總統副總統,在雲林縣各投開票所,雲林縣,　土庫鎮,石廟里,0098,33,206,378,617,11,628,0,628,252,880,71.3636
第15任總統副總統,在雲林縣各投開票所,雲林縣,　土庫鎮,石廟里,0099,36,238,412,686,7,693,0,693,232,925,74.9189
第15任總統副總統,在雲林縣各投開票所,雲林縣,　土庫鎮,石廟里,0100,29,223,402,654,10,664,0,664,216,880,75.4545
第15任總統副總統,在雲林縣各投開票所,雲林縣,　土庫鎮,興新里,0101,14,149,283,446,3,449,0,449,162,611,73.4861
第15任總統副總統,在雲林縣各投開票所,雲林縣,　土庫鎮,興新里,0102,33,179,331,543,7,550,0,550,209,759,72.4638
第15任總統副總統,在雲林縣各投開票所,雲林縣,　土庫鎮,奮起里,0103,11,138,319,468,7,475,0,475,236,711,66.8073
第15任總統副總統,在雲林縣各投開票所,雲林縣,　土庫鎮,奮起里,0104,20,168,210,398,4,402,0,402,150,552,72.8261
第15任總統副總統,在雲林縣各投開票所,雲林縣,　土庫鎮,埤腳里,0105,16,144,308,468,2,470,0,470,244,714,65.8263
第15任總統副總統,在雲林縣各投開票所,雲林縣,　土庫鎮,埤腳里,0106,11,149,209,369,5,374,0,374,138,512,73.0469
第15任總統副總統,在雲林縣各投開票所,雲林縣,　土庫鎮,後埔里,0107,40,242,510,792,15,807,0,807,344,1151,70.1129
第15任總統副總統,在雲林縣各投開票所,雲林縣,　土庫鎮,後埔里,0108,34,242,432,708,7,715,0,715,332,1047,68.2904
第15任總統副總統,在雲林縣各投開票所,雲林縣,　土庫鎮,崙內里,0109,15,169,391,575,7,582,0,582,217,799,72.8411
第15任總統副總統,在雲林縣各投開票所,雲林縣,　土庫鎮,崙內里,0110,19,136,309,464,6,470,0,470,209,679,69.2194
第15任總統副總統,在雲林縣各投開票所,雲林縣,　土庫鎮,大荖里,0111,26,182,388,596,9,605,0,605,215,820,73.7805
第15任總統副總統,在雲林縣各投開票所,雲林縣,　土庫鎮,東平里,0112,26,160,440,626,12,638,0,638,233,871,73.2491
第15任總統副總統,在雲林縣各投開票所,雲林縣,　土庫鎮,東平里,0113,26,170,472,668,9,677,0,677,240,917,73.8277
第15任總統副總統,在雲林縣各投開票所,雲林縣,　土庫鎮,南平里,0114,20,195,431,646,6,652,0,652,219,871,74.8565
第15任總統副總統,在雲林縣各投開票所,雲林縣,　土庫鎮,南平里,0115,22,192,402,616,12,628,0,628,242,870,72.1839
第15任總統副總統,在雲林縣各投開票所,雲林縣,　土庫鎮,西平里,0116,14,206,429,649,7,656,0,656,238,894,73.3781
第15任總統副總統,在雲林縣各投開票所,雲林縣,　土庫鎮,西平里,0117,18,165,405,588,12,600,0,600,267,867,69.2042
第15任總統副總統,在雲林縣各投開票所,雲林縣,　土庫鎮,北平里,0118,28,158,409,595,8,603,0,603,247,850,70.9412
第15任總統副總統,在雲林縣各投開票所,雲林縣,　土庫鎮,新庄里,0119,21,144,344,509,1,510,0,510,221,731,69.7674
第15任總統副總統,在雲林縣各投開票所,雲林縣,　土庫鎮,新庄里,0120,12,160,303,475,9,484,0,484,181,665,72.7820
第15任總統副總統,在雲林縣各投開票所,雲林縣,　北港鎮,東陽里,0274,18,155,345,518,8,526,0,526,169,695,75.6835
第15任總統副總統,在雲林縣各投開票所,雲林縣,　北港鎮,光民里,0275,16,131,360,507,9,516,0,516,138,654,78.8991
第15任總統副總統,在雲林縣各投開票所,雲林縣,　北港鎮,東華里,0276,8,118,207,333,1,334,0,334,111,445,75.0562
第15任總統副總統,在雲林縣各投開票所,雲林縣,　北港鎮,南安里,0277,16,184,427,627,13,640,0,640,187,827,77.3881
第15任總統副總統,在雲林縣各投開票所,雲林縣,　北港鎮,中和里,0278,6,62,164,232,3,235,0,235,95,330,71.2121
第15任總統副總統,在雲林縣各投開票所,雲林縣,　北港鎮,義民里,0279,8,93,173,274,5,279,0,279,96,375,74.4000
第15任總統副總統,在雲林縣各投開票所,雲林縣,　北港鎮,共榮里,0280,13,72,192,277,1,278,0,278,80,358,77.6536
第15任總統副總統,在雲林縣各投開票所,雲林縣,　北港鎮,西勢里,0281,25,218,425,668,8,676,0,676,229,905,74.6961
第15任總統副總統,在雲林縣各投開票所,雲林縣,　北港鎮,仁和里,0282,14,117,231,362,3,365,0,365,111,476,76.6807
第15任總統副總統,在雲林縣各投開票所,雲林縣,　北港鎮,賜福里,0283,13,77,146,236,5,241,0,241,68,309,77.9935
第15任總統副總統,在雲林縣各投開票所,雲林縣,　北港鎮,公舘里,0284,14,120,262,396,2,398,0,398,124,522,76.2452
第15任總統副總統,在雲林縣各投開票所,雲林縣,　北港鎮,大同里,0285,12,105,197,314,4,318,0,318,92,410,77.5610
第15任總統副總統,在雲林縣各投開票所,雲林縣,　北港鎮,大同里,0286,16,187,319,522,6,528,0,528,206,734,71.9346
第15任總統副總統,在雲林縣各投開票所,雲林縣,　北港鎮,仁安里,0287,16,140,163,319,5,324,0,324,103,427,75.8782
第15任總統副總統,在雲林縣各投開票所,雲林縣,　北港鎮,華勝里,0288,29,301,533,863,11,874,0,874,232,1106,79.0235
第15任總統副總統,在雲林縣各投開票所,雲林縣,　北港鎮,華勝里,0289,27,287,573,887,15,902,0,902,280,1182,76.3113
第15任總統副總統,在雲林縣各投開票所,雲林縣,　北港鎮,華勝里,0290,36,270,518,824,10,834,0,834,311,1145,72.8384
第15任總統副總統,在雲林縣各投開票所,雲林縣,　北港鎮,華勝里,0291,33,338,604,975,9,984,0,984,283,1267,77.6638
第15任總統副總統,在雲林縣各投開票所,雲林縣,　北港鎮,光復里,0292,24,233,287,544,5,549,0,549,163,712,77.1067
第15任總統副總統,在雲林縣各投開票所,雲林縣,　北港鎮,光復里,0293,28,265,398,691,7,698,0,698,230,928,75.2155
第15任總統副總統,在雲林縣各投開票所,雲林縣,　北港鎮,扶朝里,0294,20,103,549,672,10,682,0,682,245,927,73.5707
第15任總統副總統,在雲林縣各投開票所,雲林縣,　北港鎮,水埔里,0295,13,81,243,337,3,340,0,340,139,479,70.9812
第15任總統副總統,在雲林縣各投開票所,雲林縣,　北港鎮,新街里,0296,37,329,567,933,13,946,0,946,319,1265,74.7826
第15任總統副總統,在雲林縣各投開票所,雲林縣,　北港鎮,新街里,0297,32,251,505,788,8,796,0,796,271,1067,74.6017
第15任總統副總統,在雲林縣各投開票所,雲林縣,　北港鎮,新街里,0298,56,413,655,1124,16,1140,0,1140,309,1449,78.6749
第15任總統副總統,在雲林縣各投開票所,雲林縣,　北港鎮,新街里,0299,22,311,512,845,5,850,0,850,278,1128,75.3546
第15任總統副總統,在雲林縣各投開票所,雲林縣,　北港鎮,新街里,0300,25,241,534,800,7,807,0,807,302,1109,72.7683
第15任總統副總統,在雲林縣各投開票所,雲林縣,　北港鎮,劉厝里,0301,37,195,585,817,5,822,0,822,290,1112,73.9209
第15任總統副總統,在雲林縣各投開票所,雲林縣,　北港鎮,後溝里,0302,13,72,233,318,9,327,0,327,186,513,63.7427
第15任總統副總統,在雲林縣各投開票所,雲林縣,　北港鎮,後溝里,0303,13,78,242,333,1,334,0,334,86,420,79.5238
第15任總統副總統,在雲林縣各投開票所,雲林縣,　北港鎮,新厝里,0304,7,64,188,259,2,261,0,261,106,367,71.1172
第15任總統副總統,在雲林縣各投開票所,雲林縣,　北港鎮,府番里,0305,9,187,327,523,8,531,0,531,249,780,68.0769
第15任總統副總統,在雲林縣各投開票所,雲林縣,　北港鎮,草湖里,0306,18,82,326,426,2,428,0,428,184,612,69.9346
第15任總統副總統,在雲林縣各投開票所,雲林縣,　北港鎮,草湖里,0307,18,103,339,460,10,470,0,470,251,721,65.1872
第15任總統副總統,在雲林縣各投開票所,雲林縣,　北港鎮,溝皂里,0308,25,192,533,750,15,765,0,765,343,1108,69.0433
第15任總統副總統,在雲林縣各投開票所,雲林縣,　北港鎮,番溝里,0309,11,146,311,468,8,476,0,476,303,779,61.1040
第15任總統副總統,在雲林縣各投開票所,雲林縣,　北港鎮,大北里,0310,11,84,259,354,4,358,0,358,179,537,66.6667
第15任總統副總統,在雲林縣各投開票所,雲林縣,　北港鎮,好收里,0311,29,153,522,704,8,712,0,712,299,1011,70.4253
第15任總統副總統,在雲林縣各投開票所,雲林縣,　北港鎮,好收里,0312,16,132,250,398,6,404,0,404,161,565,71.5044
第15任總統副總統,在雲林縣各投開票所,雲林縣,　北港鎮,樹腳里,0313,18,97,519,634,5,639,0,639,264,903,70.7641
第15任總統副總統,在雲林縣各投開票所,雲林縣,　北港鎮,樹腳里,0314,29,256,449,734,9,743,0,743,248,991,74.9748
第15任總統副總統,在雲林縣各投開票所,雲林縣,　北港鎮,樹腳里,0315,24,244,484,752,16,768,0,768,222,990,77.5758
第15任總統副總統,在雲林縣各投開票所,雲林縣,　古坑鄉,棋盤村,0581,34,227,520,781,8,789,0,789,299,1088,72.5184
第15任總統副總統,在雲林縣各投開票所,雲林縣,　古坑鄉,棋盤村,0582,17,176,488,681,12,693,0,693,266,959,72.2628
第15任總統副總統,在雲林縣各投開票所,雲林縣,　古坑鄉,新庄村,0583,23,198,420,641,11,652,0,652,213,865,75.3757
第15任總統副總統,在雲林縣各投開票所,雲林縣,　古坑鄉,新庄村,0584,10,126,310,446,7,453,0,453,149,602,75.2492
第15任總統副總統,在雲林縣各投開票所,雲林縣,　古坑鄉,東和村,0585,28,232,417,677,8,685,0,685,211,896,76.4509
第15任總統副總統,在雲林縣各投開票所,雲林縣,　古坑鄉,東和村,0586,42,298,467,807,6,813,0,813,266,1079,75.3475
第15任總統副總統,在雲林縣各投開票所,雲林縣,　古坑鄉,東和村,0587,22,246,454,722,4,726,0,726,316,1042,69.6737
第15任總統副總統,在雲林縣各投開票所,雲林縣,　古坑鄉,荷苞村,0588,31,317,456,804,8,812,0,812,266,1078,75.3247
第15任總統副總統,在雲林縣各投開票所,雲林縣,　古坑鄉,荷苞村,0589,9,85,117,211,1,212,0,212,95,307,69.0554
第15任總統副總統,在雲林縣各投開票所,雲林縣,　古坑鄉,高林村,0590,22,262,543,827,14,841,0,841,281,1122,74.9554
第15任總統副總統,在雲林縣各投開票所,雲林縣,　古坑鄉,水碓村,0591,21,314,523,858,15,873,0,873,318,1191,73.2997
第15任總統副總統,在雲林縣各投開票所,雲林縣,　古坑鄉,田心村,0592,37,290,467,794,12,806,0,806,258,1064,75.7519
第15任總統副總統,在雲林縣各投開票所,雲林縣,　古坑鄉,古坑村,0593,22,256,356,634,12,646,0,646,281,927,69.6872
第15任總統副總統,在雲林縣各投開票所,雲林縣,　古坑鄉,古坑村,0594,35,335,519,889,15,904,0,904,355,1259,71.8030
第15任總統副總統,在雲林縣各投開票所,雲林縣,　古坑鄉,朝陽村,0595,22,292,373,687,7,694,0,694,241,935,74.2246
第15任總統副總統,在雲林縣各投開票所,雲林縣,　古坑鄉,朝陽村,0596,34,342,462,838,11,849,0,849,273,1122,75.6684
第15任總統副總統,在雲林縣各投開票所,雲林縣,　古坑鄉,西平村,0597,25,406,664,1095,14,1109,0,1109,332,1441,76.9604
第15任總統副總統,在雲林縣各投開票所,雲林縣,　古坑鄉,湳仔村,0598,19,198,274,491,5,496,0,496,154,650,76.3077
第15任總統副總統,在雲林縣各投開票所,雲林縣,　古坑鄉,永光村,0599,14,258,433,705,9,714,0,714,246,960,74.3750
第15任總統副總統,在雲林縣各投開票所,雲林縣,　古坑鄉,永光村,0600,26,311,467,804,8,812,0,812,304,1116,72.7599
第15任總統副總統,在雲林縣各投開票所,雲林縣,　古坑鄉,永昌村,0601,27,267,461,755,16,771,0,771,315,1086,70.9945
第15任總統副總統,在雲林縣各投開票所,雲林縣,　古坑鄉,永昌村,0602,24,269,382,675,8,683,0,683,248,931,73.3620
第15任總統副總統,在雲林縣各投開票所,雲林縣,　古坑鄉,麻園村,0603,11,161,379,551,4,555,0,555,170,725,76.5517
第15任總統副總統,在雲林縣各投開票所,雲林縣,　古坑鄉,崁腳村,0604,31,322,464,817,10,827,0,827,334,1161,71.2317
第15任總統副總統,在雲林縣各投開票所,雲林縣,　古坑鄉,華南村,0605,14,54,125,193,2,195,0,195,93,288,67.7083
第15任總統副總統,在雲林縣各投開票所,雲林縣,　古坑鄉,華山村,0606,18,197,295,510,4,514,0,514,200,714,71.9888
第15任總統副總統,在雲林縣各投開票所,雲林縣,　古坑鄉,桂林村,0607,22,216,529,767,4,771,0,771,330,1101,70.0272
第15任總統副總統,在雲林縣各投開票所,雲林縣,　古坑鄉,樟湖村,0608,7,121,159,287,4,291,0,291,140,431,67.5174
第15任總統副總統,在雲林縣各投開票所,雲林縣,　古坑鄉,草嶺村,0609,13,139,209,361,8,369,0,369,185,554,66.6065
第15任總統副總統,在雲林縣各投開票所,雲林縣,　大埤鄉,北和村,0527,19,179,307,505,6,511,0,511,218,729,70.0960
第15任總統副總統,在雲林縣各投開票所,雲林縣,　大埤鄉,吉田村,0528,22,128,366,516,3,519,0,519,177,696,74.5690
第15任總統副總統,在雲林縣各投開票所,雲林縣,　大埤鄉,豐岡村,0529,9,163,264,436,4,440,0,440,134,574,76.6551
第15任總統副總統,在雲林縣各投開票所,雲林縣,　大埤鄉,聯美村,0530,19,210,471,700,4,704,0,704,335,1039,67.7575
第15任總統副總統,在雲林縣各投開票所,雲林縣,　大埤鄉,南和村,0531,35,360,688,1083,11,1094,0,1094,359,1453,75.2925
第15任總統副總統,在雲林縣各投開票所,雲林縣,　大埤鄉,南和村,0532,14,144,300,458,6,464,0,464,126,590,78.6441
第15任總統副總統,在雲林縣各投開票所,雲林縣,　大埤鄉,大德村,0533,26,234,413,673,6,679,0,679,274,953,71.2487
第15任總統副總統,在雲林縣各投開票所,雲林縣,　大埤鄉,松竹村,0534,24,178,454,656,8,664,0,664,248,912,72.8070
第15任總統副總統,在雲林縣各投開票所,雲林縣,　大埤鄉,豐田村,0535,38,371,688,1097,16,1113,0,1113,389,1502,74.1012
第15任總統副總統,在雲林縣各投開票所,雲林縣,　大埤鄉,尚義村,0536,38,311,664,1013,11,1024,0,1024,361,1385,73.9350
第15任總統副總統,在雲林縣各投開票所,雲林縣,　大埤鄉,尚義村,0537,13,113,185,311,3,314,0,314,147,461,68.1128
第15任總統副總統,在雲林縣各投開票所,雲林縣,　大埤鄉,嘉興村,0538,33,315,573,921,10,931,0,931,330,1261,73.8303
第15任總統副總統,在雲林縣各投開票所,雲林縣,　大埤鄉,嘉興村,0539,10,89,224,323,6,329,0,329,137,466,70.6009
第15任總統副總統,在雲林縣各投開票所,雲林縣,　大埤鄉,三結村,0540,43,251,536,830,11,841,0,841,344,1185,70.9705
第15任總統副總統,在雲林縣各投開票所,雲林縣,　大埤鄉,怡然村,0541,22,173,315,510,5,515,0,515,194,709,72.6375
第15任總統副總統,在雲林縣各投開票所,雲林縣,　大埤鄉,北鎮村,0542,19,126,308,453,1,454,0,454,189,643,70.6065
第15任總統副總統,在雲林縣各投開票所,雲林縣,　大埤鄉,興安村,0543,16,132,320,468,5,473,0,473,215,688,68.7500
第15任總統副總統,在雲林縣各投開票所,雲林縣,　大埤鄉,西鎮村,0544,24,149,300,473,3,476,0,476,228,704,67.6136
第15任總統副總統,在雲林縣各投開票所,雲林縣,　莿桐鄉,莿桐村,0402,16,242,407,665,10,675,0,675,239,914,73.8512
第15任總統副總統,在雲林縣各投開票所,雲林縣,　莿桐鄉,莿桐村,0403,23,206,431,660,7,667,0,667,232,899,74.1935
第15任總統副總統,在雲林縣各投開票所,雲林縣,　莿桐鄉,莿桐村,0404,25,254,446,725,7,732,0,732,198,930,78.7097
第15任總統副總統,在雲林縣各投開票所,雲林縣,　莿桐鄉,莿桐村,0405,32,274,642,948,12,960,0,960,284,1244,77.1704
第15任總統副總統,在雲林縣各投開票所,雲林縣,　莿桐鄉,甘厝村,0406,15,129,484,628,8,636,0,636,190,826,76.9976
第15任總統副總統,在雲林縣各投開票所,雲林縣,　莿桐鄉,甘西村,0407,20,117,453,590,2,592,0,592,179,771,76.7834
第15任總統副總統,在雲林縣各投開票所,雲林縣,　莿桐鄉,甘西村,0408,16,151,373,540,5,545,0,545,211,756,72.0899
第15任總統副總統,在雲林縣各投開票所,雲林縣,　莿桐鄉,興桐村,0409,18,118,297,433,5,438,0,438,127,565,77.5221
第15任總統副總統,在雲林縣各投開票所,雲林縣,　莿桐鄉,興桐村,0410,10,133,323,466,8,474,0,474,142,616,76.9481
第15任總統副總統,在雲林縣各投開票所,雲林縣,　莿桐鄉,義和村,0411,22,183,566,771,12,783,0,783,280,1063,73.6595
第15任總統副總統,在雲林縣各投開票所,雲林縣,　莿桐鄉,埔子村,0412,33,202,517,752,9,761,0,761,219,980,77.6531
第15任總統副總統,在雲林縣各投開票所,雲林縣,　莿桐鄉,埔子村,0413,29,171,512,712,6,718,0,718,236,954,75.2621
第15任總統副總統,在雲林縣各投開票所,雲林縣,　莿桐鄉,大美村,0414,30,251,483,764,11,775,0,775,218,993,78.0463
第15任總統副總統,在雲林縣各投開票所,雲林縣,　莿桐鄉,大美村,0415,39,210,425,674,7,681,0,681,210,891,76.4310
第15任總統副總統,在雲林縣各投開票所,雲林縣,　莿桐鄉,大美村,0416,22,269,505,796,7,803,0,803,238,1041,77.1374
第15任總統副總統,在雲林縣各投開票所,雲林縣,　莿桐鄉,埔尾村,0417,40,319,623,982,14,996,0,996,262,1258,79.1733
第15任總統副總統,在雲林縣各投開票所,雲林縣,　莿桐鄉,興貴村,0418,23,251,353,627,7,634,0,634,223,857,73.9790
第15任總統副總統,在雲林縣各投開票所,雲林縣,　莿桐鄉,興貴村,0419,27,166,529,722,11,733,0,733,262,995,73.6683
第15任總統副總統,在雲林縣各投開票所,雲林縣,　莿桐鄉,饒平村,0420,34,248,509,791,9,800,0,800,323,1123,71.2378
第15任總統副總統,在雲林縣各投開票所,雲林縣,　莿桐鄉,四合村,0421,23,196,415,634,3,637,0,637,185,822,77.4939
第15任總統副總統,在雲林縣各投開票所,雲林縣,　莿桐鄉,四合村,0422,25,222,411,658,8,666,0,666,191,857,77.7130
第15任總統副總統,在雲林縣各投開票所,雲林縣,　莿桐鄉,麻園村,0423,45,179,458,682,8,690,0,690,247,937,73.6393
第15任總統副總統,在雲林縣各投開票所,雲林縣,　莿桐鄉,麻園村,0424,11,136,230,377,1,378,0,378,138,516,73.2558
第15任總統副總統,在雲林縣各投開票所,雲林縣,　莿桐鄉,五華村,0425,10,53,269,332,4,336,0,336,111,447,75.1678
第15任總統副總統,在雲林縣各投開票所,雲林縣,　莿桐鄉,五華村,0426,18,199,395,612,3,615,0,615,229,844,72.8673
第15任總統副總統,在雲林縣各投開票所,雲林縣,　莿桐鄉,六合村,0427,33,196,586,815,12,827,0,827,283,1110,74.5045
第15任總統副總統,在雲林縣各投開票所,雲林縣,　莿桐鄉,六合村,0428,18,175,287,480,5,485,0,485,143,628,77.2293
第15任總統副總統,在雲林縣各投開票所,雲林縣,　林內鄉,林南村,0429,44,297,399,740,9,749,0,749,241,990,75.6566
第15任總統副總統,在雲林縣各投開票所,雲林縣,　林內鄉,林中村,0430,28,291,556,875,16,891,0,891,299,1190,74.8739
第15任總統副總統,在雲林縣各投開票所,雲林縣,　林內鄉,林中村,0431,21,252,309,582,10,592,0,592,246,838,70.6444
第15任總統副總統,在雲林縣各投開票所,雲林縣,　林內鄉,林中村,0432,13,253,358,624,10,634,0,634,208,842,75.2969
第15任總統副總統,在雲林縣各投開票所,雲林縣,　林內鄉,林中村,0433,11,168,313,492,5,497,0,497,150,647,76.8161
第15任總統副總統,在雲林縣各投開票所,雲林縣,　林內鄉,林北村,0434,50,376,587,1013,16,1029,0,1029,363,1392,73.9224
第15任總統副總統,在雲林縣各投開票所,雲林縣,　林內鄉,林北村,0435,19,117,403,539,6,545,0,545,181,726,75.0689
第15任總統副總統,在雲林縣各投開票所,雲林縣,　林內鄉,坪頂村,0436,9,150,208,367,5,372,0,372,141,513,72.5146
第15任總統副總統,在雲林縣各投開票所,雲林縣,　林內鄉,林茂村,0437,20,220,312,552,12,564,0,564,225,789,71.4829
第15任總統副總統,在雲林縣各投開票所,雲林縣,　林內鄉,九芎村,0438,34,331,544,909,17,926,0,926,350,1276,72.5705
第15任總統副總統,在雲林縣各投開票所,雲林縣,　林內鄉,九芎村,0439,33,312,539,884,12,896,0,896,349,1245,71.9679
第15任總統副總統,在雲林縣各投開票所,雲林縣,　林內鄉,湖本村,0440,15,157,297,469,6,475,0,475,150,625,76.0000
第15任總統副總統,在雲林縣各投開票所,雲林縣,　林內鄉,烏塗村,0441,38,295,476,809,6,815,0,815,310,1125,72.4444
第15任總統副總統,在雲林縣各投開票所,雲林縣,　林內鄉,烏麻村,0442,42,286,415,743,10,753,0,753,266,1019,73.8960
第15任總統副總統,在雲林縣各投開票所,雲林縣,　林內鄉,重興村,0443,25,202,475,702,10,712,0,712,215,927,76.8069
第15任總統副總統,在雲林縣各投開票所,雲林縣,　林內鄉,重興村,0444,31,176,404,611,11,622,0,622,211,833,74.6699
第15任總統副總統,在雲林縣各投開票所,雲林縣,　二崙鄉,崙東村,0337,24,202,348,574,6,580,0,580,236,816,71.0784
第15任總統副總統,在雲林縣各投開票所,雲林縣,　二崙鄉,崙東村,0338,10,123,304,437,9,446,0,446,158,604,73.8411
第15任總統副總統,在雲林縣各投開票所,雲林縣,　二崙鄉,崙西村,0339,19,248,405,672,6,678,0,678,215,893,75.9239
第15任總統副總統,在雲林縣各投開票所,雲林縣,　二崙鄉,崙西村,0340,18,183,364,565,3,568,0,568,200,768,73.9583
第15任總統副總統,在雲林縣各投開票所,雲林縣,　二崙鄉,來惠村,0341,11,131,269,411,4,415,0,415,181,596,69.6309
第15任總統副總統,在雲林縣各投開票所,雲林縣,　二崙鄉,來惠村,0342,13,155,528,696,12,708,0,708,262,970,72.9897
第15任總統副總統,在雲林縣各投開票所,雲林縣,　二崙鄉,三和村,0343,5,70,216,291,5,296,0,296,143,439,67.4260
第15任總統副總統,在雲林縣各投開票所,雲林縣,　二崙鄉,三和村,0344,20,154,498,672,8,680,0,680,332,1012,67.1937
第15任總統副總統,在雲林縣各投開票所,雲林縣,　二崙鄉,湳仔村,0345,17,282,462,761,14,775,0,775,344,1119,69.2583
第15任總統副總統,在雲林縣各投開票所,雲林縣,　二崙鄉,田尾村,0346,13,225,438,676,6,682,0,682,274,956,71.3389
第15任總統副總統,在雲林縣各投開票所,雲林縣,　二崙鄉,田尾村,0347,17,203,397,617,4,621,1,622,179,801,77.5281
第15任總統副總統,在雲林縣各投開票所,雲林縣,　二崙鄉,定安村,0348,16,154,433,603,5,608,0,608,244,852,71.3615
第15任總統副總統,在雲林縣各投開票所,雲林縣,　二崙鄉,永定村,0349,19,143,406,568,6,574,0,574,194,768,74.7396
第15任總統副總統,在雲林縣各投開票所,雲林縣,　二崙鄉,永定村,0350,7,104,346,457,4,461,0,461,146,607,75.9473
第15任總統副總統,在雲林縣各投開票所,雲林縣,　二崙鄉,大華村,0351,18,139,444,601,8,609,0,609,238,847,71.9008
第15任總統副總統,在雲林縣各投開票所,雲林縣,　二崙鄉,義庄村,0352,6,106,397,509,5,514,0,514,212,726,70.7989
第15任總統副總統,在雲林縣各投開票所,雲林縣,　二崙鄉,楊賢村,0353,17,92,331,440,11,451,0,451,196,647,69.7063
第15任總統副總統,在雲林縣各投開票所,雲林縣,　二崙鄉,楊賢村,0354,14,116,435,565,10,575,0,575,220,795,72.3270
第15任總統副總統,在雲林縣各投開票所,雲林縣,　二崙鄉,港後村,0355,18,128,597,743,8,751,0,751,370,1121,66.9938
第15任總統副總統,在雲林縣各投開票所,雲林縣,　二崙鄉,港後村,0356,10,159,292,461,7,468,0,468,188,656,71.3415
第15任總統副總統,在雲林縣各投開票所,雲林縣,　二崙鄉,大義村,0357,10,162,366,538,4,542,0,542,274,816,66.4216
第15任總統副總統,在雲林縣各投開票所,雲林縣,　二崙鄉,油車村,0358,29,246,456,731,18,749,0,749,274,1023,73.2160
第15任總統副總統,在雲林縣各投開票所,雲林縣,　二崙鄉,油車村,0359,9,107,341,457,6,463,0,463,223,686,67.4927
第15任總統副總統,在雲林縣各投開票所,雲林縣,　二崙鄉,大庄村,0360,24,219,564,807,10,817,0,817,398,1215,67.2428
第15任總統副總統,在雲林縣各投開票所,雲林縣,　二崙鄉,庄西村,0361,12,181,367,560,1,561,0,561,330,891,62.9630
第15任總統副總統,在雲林縣各投開票所,雲林縣,　二崙鄉,大同村,0362,22,157,392,571,10,581,0,581,237,818,71.0269
第15任總統副總統,在雲林縣各投開票所,雲林縣,　二崙鄉,復興村,0363,13,209,460,682,5,687,0,687,305,992,69.2540
第15任總統副總統,在雲林縣各投開票所,雲林縣,　崙背鄉,東明村,0316,33,284,528,845,16,861,0,861,266,1127,76.3975
第15任總統副總統,在雲林縣各投開票所,雲林縣,　崙背鄉,西榮村,0317,43,311,631,985,9,994,0,994,388,1382,71.9247
第15任總統副總統,在雲林縣各投開票所,雲林縣,　崙背鄉,南陽村,0318,22,293,493,808,9,817,0,817,271,1088,75.0919
第15任總統副總統,在雲林縣各投開票所,雲林縣,　崙背鄉,南陽村,0319,37,328,499,864,13,877,0,877,279,1156,75.8651
第15任總統副總統,在雲林縣各投開票所,雲林縣,　崙背鄉,崙前村,0320,24,183,497,704,14,718,0,718,293,1011,71.0188
第15任總統副總統,在雲林縣各投開票所,雲林縣,　崙背鄉,崙前村,0321,24,180,457,661,7,668,0,668,312,980,68.1633
第15任總統副總統,在雲林縣各投開票所,雲林縣,　崙背鄉,羅厝村,0322,22,214,416,652,6,658,0,658,273,931,70.6767
第15任總統副總統,在雲林縣各投開票所,雲林縣,　崙背鄉,羅厝村,0323,23,221,527,771,5,776,0,776,243,1019,76.1531
第15任總統副總統,在雲林縣各投開票所,雲林縣,　崙背鄉,港尾村,0324,23,218,588,829,10,839,0,839,408,1247,67.2815
第15任總統副總統,在雲林縣各投開票所,雲林縣,　崙背鄉,阿勸村,0325,16,268,329,613,12,625,0,625,358,983,63.5809
第15任總統副總統,在雲林縣各投開票所,雲林縣,　崙背鄉,阿勸村,0326,36,182,461,679,13,692,0,692,267,959,72.1585
第15任總統副總統,在雲林縣各投開票所,雲林縣,　崙背鄉,五魁村,0327,12,310,218,540,7,547,0,547,240,787,69.5044
第15任總統副總統,在雲林縣各投開票所,雲林縣,　崙背鄉,大有村,0328,9,154,265,428,7,435,0,435,235,670,64.9254
第15任總統副總統,在雲林縣各投開票所,雲林縣,　崙背鄉,大有村,0329,15,198,310,523,12,535,0,535,242,777,68.8546
第15任總統副總統,在雲林縣各投開票所,雲林縣,　崙背鄉,豐榮村,0330,23,184,340,547,7,554,0,554,297,851,65.0999
第15任總統副總統,在雲林縣各投開票所,雲林縣,　崙背鄉,豐榮村,0331,17,153,328,498,5,503,0,503,335,838,60.0239
第15任總統副總統,在雲林縣各投開票所,雲林縣,　崙背鄉,草湖村,0332,15,167,265,447,9,456,0,456,197,653,69.8315
第15任總統副總統,在雲林縣各投開票所,雲林縣,　崙背鄉,草湖村,0333,25,187,309,521,4,525,1,526,220,746,70.3753
第15任總統副總統,在雲林縣各投開票所,雲林縣,　崙背鄉,舊庄村,0334,21,262,436,719,10,729,0,729,390,1119,65.1475
第15任總統副總統,在雲林縣各投開票所,雲林縣,　崙背鄉,水尾村,0335,11,194,640,845,13,858,0,858,323,1181,72.6503
第15任總統副總統,在雲林縣各投開票所,雲林縣,　崙背鄉,枋南村,0336,22,185,357,564,6,570,0,570,210,780,73.0769
第15任總統副總統,在雲林縣各投開票所,雲林縣,　麥寮鄉,麥豐村,0001,22,310,447,779,13,792,0,792,475,1267,62.5099
第15任總統副總統,在雲林縣各投開票所,雲林縣,　麥寮鄉,麥豐村,0002,34,318,397,749,8,757,0,757,376,1133,66.8138
第15任總統副總統,在雲林縣各投開票所,雲林縣,　麥寮鄉,麥豐村,0003,42,324,463,829,9,838,0,838,362,1200,69.8333
第15任總統副總統,在雲林縣各投開票所,雲林縣,　麥寮鄉,麥豐村,0004,43,378,488,909,12,921,0,921,436,1357,67.8703
第15任總統副總統,在雲林縣各投開票所,雲林縣,　麥寮鄉,麥豐村,0005,48,274,427,749,8,757,0,757,257,1014,74.6548
第15任總統副總統,在雲林縣各投開票所,雲林縣,　麥寮鄉,麥豐村,0006,32,262,314,608,16,624,0,624,322,946,65.9619
第15任總統副總統,在雲林縣各投開票所,雲林縣,　麥寮鄉,麥津村,0007,34,296,375,705,8,713,0,713,345,1058,67.3913
第15任總統副總統,在雲林縣各投開票所,雲林縣,　麥寮鄉,麥津村,0008,30,257,309,596,4,600,0,600,310,910,65.9341
第15任總統副總統,在雲林縣各投開票所,雲林縣,　麥寮鄉,麥津村,0009,40,311,378,729,9,738,0,738,320,1058,69.7543
第15任總統副總統,在雲林縣各投開票所,雲林縣,　麥寮鄉,麥津村,0010,33,259,327,619,11,630,0,630,335,965,65.2850
第15任總統副總統,在雲林縣各投開票所,雲林縣,　麥寮鄉,瓦磘村,0011,12,104,331,447,4,451,0,451,269,720,62.6389
第15任總統副總統,在雲林縣各投開票所,雲林縣,　麥寮鄉,瓦磘村,0012,27,244,503,774,9,783,0,783,402,1185,66.0759
第15任總統副總統,在雲林縣各投開票所,雲林縣,　麥寮鄉,興華村,0013,33,216,429,678,8,686,0,686,352,1038,66.0886
第15任總統副總統,在雲林縣各投開票所,雲林縣,　麥寮鄉,興華村,0014,19,219,342,580,3,583,0,583,331,914,63.7856
第15任總統副總統,在雲林縣各投開票所,雲林縣,　麥寮鄉,興華村,0015,27,141,268,436,16,452,0,452,187,639,70.7355
第15任總統副總統,在雲林縣各投開票所,雲林縣,　麥寮鄉,海豐村,0016,33,336,360,729,9,738,0,738,445,1183,62.3838
第15任總統副總統,在雲林縣各投開票所,雲林縣,　麥寮鄉,海豐村,0017,40,234,363,637,11,648,0,648,326,974,66.5298
第15任總統副總統,在雲林縣各投開票所,雲林縣,　麥寮鄉,後安村,0018,24,289,343,656,7,663,0,663,372,1035,64.0580
第15任總統副總統,在雲林縣各投開票所,雲林縣,　麥寮鄉,後安村,0019,32,261,232,525,11,536,0,536,369,905,59.2265
第15任總統副總統,在雲林縣各投開票所,雲林縣,　麥寮鄉,後安村,0020,28,286,299,613,10,623,0,623,357,980,63.5714
第15任總統副總統,在雲林縣各投開票所,雲林縣,　麥寮鄉,中興村,0021,26,196,256,478,7,485,0,485,262,747,64.9264
第15任總統副總統,在雲林縣各投開票所,雲林縣,　麥寮鄉,中興村,0022,24,166,272,462,6,468,0,468,249,717,65.2720
第15任總統副總統,在雲林縣各投開票所,雲林縣,　麥寮鄉,三盛村,0023,19,183,398,600,7,607,0,607,351,958,63.3612
第15任總統副總統,在雲林縣各投開票所,雲林縣,　麥寮鄉,三盛村,0024,38,195,414,647,5,652,0,652,376,1028,63.4241
第15任總統副總統,在雲林縣各投開票所,雲林縣,　麥寮鄉,崙後村,0025,41,350,379,770,7,777,0,777,461,1238,62.7625
第15任總統副總統,在雲林縣各投開票所,雲林縣,　麥寮鄉,崙後村,0026,42,325,460,827,11,838,0,838,476,1314,63.7747
第15任總統副總統,在雲林縣各投開票所,雲林縣,　麥寮鄉,橋頭村,0027,40,260,388,688,10,698,0,698,429,1127,61.9343
第15任總統副總統,在雲林縣各投開票所,雲林縣,　麥寮鄉,橋頭村,0028,24,217,381,622,9,631,0,631,269,900,70.1111
第15任總統副總統,在雲林縣各投開票所,雲林縣,　麥寮鄉,橋頭村,0029,32,202,356,590,10,600,0,600,269,869,69.0449
第15任總統副總統,在雲林縣各投開票所,雲林縣,　麥寮鄉,橋頭村,0030,34,235,305,574,11,585,0,585,308,893,65.5095
第15任總統副總統,在雲林縣各投開票所,雲林縣,　麥寮鄉,新吉村,0031,30,246,420,696,11,707,0,707,373,1080,65.4630
第15任總統副總統,在雲林縣各投開票所,雲林縣,　麥寮鄉,施厝村,0032,41,269,472,782,8,790,0,790,343,1133,69.7264
第15任總統副總統,在雲林縣各投開票所,雲林縣,　麥寮鄉,施厝村,0033,28,187,507,722,6,728,0,728,449,1177,61.8522
第15任總統副總統,在雲林縣各投開票所,雲林縣,　麥寮鄉,施厝村,0034,34,281,372,687,22,709,0,709,369,1078,65.7699
第15任總統副總統,在雲林縣各投開票所,雲林縣,　麥寮鄉,雷厝村,0035,24,263,469,756,8,764,0,764,378,1142,66.9002
第15任總統副總統,在雲林縣各投開票所,雲林縣,　麥寮鄉,雷厝村,0036,24,216,348,588,9,597,0,597,334,931,64.1246
第15任總統副總統,在雲林縣各投開票所,雲林縣,　東勢鄉,月眉村,0061,34,207,482,723,9,732,0,732,421,1153,63.4866
第15任總統副總統,在雲林縣各投開票所,雲林縣,　東勢鄉,復興村,0062,14,128,232,374,4,378,0,378,139,517,73.1141
第15任總統副總統,在雲林縣各投開票所,雲林縣,　東勢鄉,嘉隆村,0063,17,172,380,569,6,575,0,575,299,874,65.7895
第15任總統副總統,在雲林縣各投開票所,雲林縣,　東勢鄉,嘉隆村,0064,12,188,293,493,7,500,0,500,204,704,71.0227
第15任總統副總統,在雲林縣各投開票所,雲林縣,　東勢鄉,東南村,0065,20,253,340,613,9,622,0,622,209,831,74.8496
第15任總統副總統,在雲林縣各投開票所,雲林縣,　東勢鄉,東南村,0066,20,190,222,432,4,436,0,436,162,598,72.9097
第15任總統副總統,在雲林縣各投開票所,雲林縣,　東勢鄉,東北村,0067,31,320,459,810,14,824,0,824,339,1163,70.8512
第15任總統副總統,在雲林縣各投開票所,雲林縣,　東勢鄉,龍潭村,0068,22,161,326,509,5,514,0,514,288,802,64.0898
第15任總統副總統,在雲林縣各投開票所,雲林縣,　東勢鄉,程海村,0069,12,106,220,338,6,344,0,344,163,507,67.8501
第15任總統副總統,在雲林縣各投開票所,雲林縣,　東勢鄉,昌南村,0070,20,205,345,570,8,578,0,578,256,834,69.3046
第15任總統副總統,在雲林縣各投開票所,雲林縣,　東勢鄉,安南村,0071,21,167,307,495,1,496,0,496,307,803,61.7684
第15任總統副總統,在雲林縣各投開票所,雲林縣,　東勢鄉,同安村,0072,25,226,310,561,9,570,0,570,316,886,64.3341
第15任總統副總統,在雲林縣各投開票所,雲林縣,　東勢鄉,同安村,0073,24,249,334,607,12,619,0,619,368,987,62.7153
第15任總統副總統,在雲林縣各投開票所,雲林縣,　東勢鄉,四美村,0074,17,205,139,361,5,366,0,366,244,610,60.0000
第15任總統副總統,在雲林縣各投開票所,雲林縣,　東勢鄉,四美村,0075,7,49,180,236,2,238,0,238,148,386,61.6580
第15任總統副總統,在雲林縣各投開票所,雲林縣,　東勢鄉,新坤村,0076,19,271,374,664,6,670,0,670,360,1030,65.0485
第15任總統副總統,在雲林縣各投開票所,雲林縣,　褒忠鄉,中民村,0077,22,229,382,633,7,640,0,640,245,885,72.3164
第15任總統副總統,在雲林縣各投開票所,雲林縣,　褒忠鄉,中民村,0078,30,251,415,696,10,706,0,706,231,937,75.3469
第15任總統副總統,在雲林縣各投開票所,雲林縣,　褒忠鄉,埔姜村,0079,22,165,332,519,8,527,0,527,181,708,74.4350
第15任總統副總統,在雲林縣各投開票所,雲林縣,　褒忠鄉,埔姜村,0080,13,196,243,452,5,457,0,457,215,672,68.0060
第15任總統副總統,在雲林縣各投開票所,雲林縣,　褒忠鄉,中勝村,0081,18,177,321,516,10,526,0,526,201,727,72.3521
第15任總統副總統,在雲林縣各投開票所,雲林縣,　褒忠鄉,中勝村,0082,17,182,332,531,10,541,0,541,199,740,73.1081
第15任總統副總統,在雲林縣各投開票所,雲林縣,　褒忠鄉,馬鳴村,0083,11,103,225,339,2,341,0,341,128,469,72.7079
第15任總統副總統,在雲林縣各投開票所,雲林縣,　褒忠鄉,馬鳴村,0084,33,209,462,704,7,711,0,711,271,982,72.4033
第15任總統副總統,在雲林縣各投開票所,雲林縣,　褒忠鄉,新湖村,0085,11,104,210,325,5,330,0,330,128,458,72.0524
第15任總統副總統,在雲林縣各投開票所,雲林縣,　褒忠鄉,新湖村,0086,21,121,354,496,15,511,0,511,207,718,71.1699
第15任總統副總統,在雲林縣各投開票所,雲林縣,　褒忠鄉,有才村,0087,26,169,353,548,7,555,0,555,263,818,67.8484
第15任總統副總統,在雲林縣各投開票所,雲林縣,　褒忠鄉,田洋村,0088,25,174,342,541,9,550,0,550,201,751,73.2357
第15任總統副總統,在雲林縣各投開票所,雲林縣,　褒忠鄉,龍岩村,0089,28,323,459,810,14,824,0,824,352,1176,70.0680
第15任總統副總統,在雲林縣各投開票所,雲林縣,　褒忠鄉,潮厝村,0090,18,150,385,553,8,561,0,561,302,863,65.0058
第15任總統副總統,在雲林縣各投開票所,雲林縣,　臺西鄉,台西村,0037,36,419,355,810,13,823,0,823,363,1186,69.3929
第15任總統副總統,在雲林縣各投開票所,雲林縣,　臺西鄉,海南村,0038,36,321,321,678,6,684,0,684,388,1072,63.8060
第15任總統副總統,在雲林縣各投開票所,雲林縣,　臺西鄉,海北村,0039,33,292,326,651,9,660,0,660,380,1040,63.4615
第15任總統副總統,在雲林縣各投開票所,雲林縣,　臺西鄉,海口村,0040,12,279,317,608,8,616,0,616,384,1000,61.6000
第15任總統副總統,在雲林縣各投開票所,雲林縣,　臺西鄉,海口村,0041,30,264,314,608,10,618,0,618,362,980,63.0612
第15任總統副總統,在雲林縣各投開票所,雲林縣,　臺西鄉,山寮村,0042,23,190,254,467,11,478,0,478,345,823,58.0802
第15任總統副總統,在雲林縣各投開票所,雲林縣,　臺西鄉,溪頂村,0043,14,155,246,415,7,422,0,422,275,697,60.5452
第15任總統副總統,在雲林縣各投開票所,雲林縣,　臺西鄉,溪頂村,0044,15,137,269,421,7,428,0,428,299,727,58.8721
第15任總統副總統,在雲林縣各投開票所,雲林縣,　臺西鄉,牛厝村,0045,20,205,459,684,11,695,0,695,435,1130,61.5044
第15任總統副總統,在雲林縣各投開票所,雲林縣,　臺西鄉,牛厝村,0046,12,173,231,416,13,429,0,429,256,685,62.6277
第15任總統副總統,在雲林縣各投開票所,雲林縣,　臺西鄉,泉州村,0047,9,133,202,344,3,347,0,347,236,583,59.5197
第15任總統副總統,在雲林縣各投開票所,雲林縣,　臺西鄉,五榔村,0048,6,68,219,293,8,301,0,301,151,452,66.5929
第15任總統副總統,在雲林縣各投開票所,雲林縣,　臺西鄉,光華村,0049,17,172,247,436,9,445,0,445,215,660,67.4242
第15任總統副總統,在雲林縣各投開票所,雲林縣,　臺西鄉,五港村,0050,22,275,434,731,7,738,0,738,467,1205,61.2448
第15任總統副總統,在雲林縣各投開票所,雲林縣,　臺西鄉,五港村,0051,19,169,171,359,9,368,0,368,198,566,65.0177
第15任總統副總統,在雲林縣各投開票所,雲林縣,　臺西鄉,富琦村,0052,28,262,391,681,11,692,0,692,317,1009,68.5828
第15任總統副總統,在雲林縣各投開票所,雲林縣,　臺西鄉,富琦村,0053,17,148,123,288,4,292,0,292,154,446,65.4709
第15任總統副總統,在雲林縣各投開票所,雲林縣,　臺西鄉,永豐村,0054,20,249,240,509,6,515,0,515,265,780,66.0256
第15任總統副總統,在雲林縣各投開票所,雲林縣,　臺西鄉,永豐村,0055,13,145,193,351,7,358,0,358,190,548,65.3285
第15任總統副總統,在雲林縣各投開票所,雲林縣,　臺西鄉,和豐村,0056,28,295,299,622,10,632,0,632,383,1015,62.2660
第15任總統副總統,在雲林縣各投開票所,雲林縣,　臺西鄉,和豐村,0057,29,237,337,603,15,618,0,618,335,953,64.8478
第15任總統副總統,在雲林縣各投開票所,雲林縣,　臺西鄉,和豐村,0058,19,227,289,535,15,550,0,550,410,960,57.2917
第15任總統副總統,在雲林縣各投開票所,雲林縣,　臺西鄉,蚊港村,0059,31,329,431,791,20,811,0,811,371,1182,68.6125
第15任總統副總統,在雲林縣各投開票所,雲林縣,　臺西鄉,蚊港村,0060,13,196,143,352,7,359,0,359,224,583,61.5780
第15任總統副總統,在雲林縣各投開票所,雲林縣,　元長鄉,長南村,0196,24,207,362,593,6,599,0,599,276,875,68.4571
第15任總統副總統,在雲林縣各投開票所,雲林縣,　元長鄉,長南村,0197,42,321,484,847,10,857,0,857,345,1202,71.2978
第15任總統副總統,在雲林縣各投開票所,雲林縣,　元長鄉,長南村,0198,24,230,460,714,11,725,0,725,364,1089,66.5748
第15任總統副總統,在雲林縣各投開票所,雲林縣,　元長鄉,長北村,0199,15,127,310,452,7,459,0,459,245,704,65.1989
第15任總統副總統,在雲林縣各投開票所,雲林縣,　元長鄉,長北村,0200,20,188,300,508,6,514,0,514,254,768,66.9271
第15任總統副總統,在雲林縣各投開票所,雲林縣,　元長鄉,子茂村,0201,27,294,530,851,14,865,0,865,435,1300,66.5385
第15任總統副總統,在雲林縣各投開票所,雲林縣,　元長鄉,後湖村,0202,13,130,364,507,8,515,0,515,200,715,72.0280
第15任總統副總統,在雲林縣各投開票所,雲林縣,　元長鄉,山內村,0203,11,241,354,606,8,614,0,614,307,921,66.6667
第15任總統副總統,在雲林縣各投開票所,雲林縣,　元長鄉,合和村,0204,22,186,466,674,7,681,0,681,349,1030,66.1165
第15任總統副總統,在雲林縣各投開票所,雲林縣,　元長鄉,五塊村,0205,27,238,346,611,8,619,0,619,282,901,68.7014
第15任總統副總統,在雲林縣各投開票所,雲林縣,　元長鄉,潭西村,0206,10,87,355,452,12,464,0,464,271,735,63.1293
第15任總統副總統,在雲林縣各投開票所,雲林縣,　元長鄉,潭東村,0207,17,165,194,376,10,386,0,386,177,563,68.5613
第15任總統副總統,在雲林縣各投開票所,雲林縣,　元長鄉,客厝村,0208,22,201,341,564,9,573,0,573,268,841,68.1332
第15任總統副總統,在雲林縣各投開票所,雲林縣,　元長鄉,卓運村,0209,7,50,180,237,2,239,0,239,120,359,66.5738
第15任總統副總統,在雲林縣各投開票所,雲林縣,　元長鄉,頂寮村,0210,30,219,465,714,8,722,0,722,383,1105,65.3394
第15任總統副總統,在雲林縣各投開票所,雲林縣,　元長鄉,下寮村,0211,13,124,239,376,6,382,0,382,191,573,66.6667
第15任總統副總統,在雲林縣各投開票所,雲林縣,　元長鄉,下寮村,0212,23,215,347,585,10,595,0,595,271,866,68.7067
第15任總統副總統,在雲林縣各投開票所,雲林縣,　元長鄉,龍岩村,0213,18,154,493,665,8,673,0,673,293,966,69.6687
第15任總統副總統,在雲林縣各投開票所,雲林縣,　元長鄉,西莊村,0214,21,153,380,554,10,564,0,564,250,814,69.2875
第15任總統副總統,在雲林縣各投開票所,雲林縣,　元長鄉,鹿北村,0215,30,246,497,773,7,780,0,780,343,1123,69.4568
第15任總統副總統,在雲林縣各投開票所,雲林縣,　元長鄉,鹿南村,0216,23,144,354,521,4,525,0,525,299,824,63.7136
第15任總統副總統,在雲林縣各投開票所,雲林縣,　元長鄉,瓦磘村,0217,11,115,278,404,4,408,0,408,242,650,62.7692
第15任總統副總統,在雲林縣各投開票所,雲林縣,　元長鄉,瓦磘村,0218,18,185,340,543,6,549,0,549,291,840,65.3571
第15任總統副總統,在雲林縣各投開票所,雲林縣,　元長鄉,內寮村,0219,12,100,274,386,8,394,0,394,200,594,66.3300
第15任總統副總統,在雲林縣各投開票所,雲林縣,　元長鄉,崙仔村,0220,15,163,338,516,7,523,0,523,286,809,64.6477
第15任總統副總統,在雲林縣各投開票所,雲林縣,　元長鄉,新吉村,0221,12,160,294,466,8,474,0,474,195,669,70.8520
第15任總統副總統,在雲林縣各投開票所,雲林縣,　四湖鄉,四湖村,0171,21,260,367,648,10,658,0,658,376,1034,63.6364
第15任總統副總統,在雲林縣各投開票所,雲林縣,　四湖鄉,四湖村,0172,23,186,250,459,7,466,0,466,165,631,73.8510
第15任總統副總統,在雲林縣各投開票所,雲林縣,　四湖鄉,湖西村,0173,23,268,269,560,8,568,0,568,270,838,67.7804
第15任總統副總統,在雲林縣各投開票所,雲林縣,　四湖鄉,湖西村,0174,9,62,230,301,8,309,0,309,151,460,67.1739
第15任總統副總統,在雲林縣各投開票所,雲林縣,　四湖鄉,湖西村,0175,27,268,354,649,13,662,0,662,248,910,72.7473
第15任總統副總統,在雲林縣各投開票所,雲林縣,　四湖鄉,新庄村,0176,10,119,285,414,5,419,0,419,213,632,66.2975
第15任總統副總統,在雲林縣各投開票所,雲林縣,　四湖鄉,溪底村,0177,15,194,379,588,2,590,0,590,322,912,64.6930
第15任總統副總統,在雲林縣各投開票所,雲林縣,　四湖鄉,鹿場村,0178,23,186,335,544,7,551,0,551,347,898,61.3586
第15任總統副總統,在雲林縣各投開票所,雲林縣,　四湖鄉,蔡厝村,0179,10,184,319,513,9,522,0,522,313,835,62.5150
第15任總統副總統,在雲林縣各投開票所,雲林縣,　四湖鄉,湖寮村,0180,7,127,257,391,4,395,0,395,319,714,55.3221
第15任總統副總統,在雲林縣各投開票所,雲林縣,　四湖鄉,施湖村,0181,26,282,375,683,29,712,0,712,459,1171,60.8027
第15任總統副總統,在雲林縣各投開票所,雲林縣,　四湖鄉,羊調村,0182,15,218,290,523,9,532,0,532,361,893,59.5745
第15任總統副總統,在雲林縣各投開票所,雲林縣,　四湖鄉,內湖村,0183,9,134,254,397,9,406,0,406,332,738,55.0136
第15任總統副總統,在雲林縣各投開票所,雲林縣,　四湖鄉,飛東村,0184,14,102,178,294,3,297,0,297,238,535,55.5140
第15任總統副總統,在雲林縣各投開票所,雲林縣,　四湖鄉,飛沙村,0185,17,181,256,454,6,460,0,460,382,842,54.6318
第15任總統副總統,在雲林縣各投開票所,雲林縣,　四湖鄉,三姓村,0186,6,76,139,221,7,228,0,228,130,358,63.6872
第15任總統副總統,在雲林縣各投開票所,雲林縣,　四湖鄉,崙北村,0187,9,176,282,467,4,471,0,471,397,868,54.2627
第15任總統副總統,在雲林縣各投開票所,雲林縣,　四湖鄉,崙北村,0188,16,199,231,446,7,453,0,453,337,790,57.3418
第15任總統副總統,在雲林縣各投開票所,雲林縣,　四湖鄉,崙南村,0189,16,178,242,436,7,443,0,443,338,781,56.7222
第15任總統副總統,在雲林縣各投開票所,雲林縣,　四湖鄉,廣溝村,0190,23,155,194,372,6,378,0,378,307,685,55.1825
第15任總統副總統,在雲林縣各投開票所,雲林縣,　四湖鄉,萡子村,0191,14,132,345,491,6,497,0,497,403,900,55.2222
第15任總統副總統,在雲林縣各投開票所,雲林縣,　四湖鄉,萡東村,0192,18,94,450,562,10,572,0,572,451,1023,55.9140
第15任總統副總統,在雲林縣各投開票所,雲林縣,　四湖鄉,林厝村,0193,13,209,354,576,9,585,0,585,448,1033,56.6312
第15任總統副總統,在雲林縣各投開票所,雲林縣,　四湖鄉,林東村,0194,11,210,305,526,3,529,0,529,439,968,54.6488
第15任總統副總統,在雲林縣各投開票所,雲林縣,　四湖鄉,溪尾村,0195,12,182,209,403,8,411,0,411,298,709,57.9690
第15任總統副總統,在雲林縣各投開票所,雲林縣,　口湖鄉,口湖村,0222,39,272,418,729,13,742,0,742,339,1081,68.6401
第15任總統副總統,在雲林縣各投開票所,雲林縣,　口湖鄉,湖東村,0223,23,327,446,796,10,806,0,806,390,1196,67.3913
第15任總統副總統,在雲林縣各投開票所,雲林縣,　口湖鄉,頂湖村,0224,7,147,208,362,4,366,0,366,248,614,59.6091
第15任總統副總統,在雲林縣各投開票所,雲林縣,　口湖鄉,埔南村,0225,21,138,329,488,8,496,0,496,201,697,71.1621
第15任總統副總統,在雲林縣各投開票所,雲林縣,　口湖鄉,埔北村,0226,21,135,332,488,8,496,0,496,352,848,58.4906
第15任總統副總統,在雲林縣各投開票所,雲林縣,　口湖鄉,謝厝村,0227,13,168,485,666,13,679,0,679,290,969,70.0722
第15任總統副總統,在雲林縣各投開票所,雲林縣,　口湖鄉,蚵寮村,0228,36,247,598,881,9,890,0,890,499,1389,64.0749
第15任總統副總統,在雲林縣各投開票所,雲林縣,　口湖鄉,下崙村,0229,21,116,324,461,4,465,0,465,347,812,57.2660
第15任總統副總統,在雲林縣各投開票所,雲林縣,　口湖鄉,下崙村,0230,22,209,505,736,7,743,0,743,415,1158,64.1623
第15任總統副總統,在雲林縣各投開票所,雲林縣,　口湖鄉,崙中村,0231,18,115,294,427,6,433,0,433,293,726,59.6419
第15任總統副總統,在雲林縣各投開票所,雲林縣,　口湖鄉,崙中村,0232,24,134,293,451,8,459,0,459,314,773,59.3790
第15任總統副總統,在雲林縣各投開票所,雲林縣,　口湖鄉,崙東村,0233,36,270,562,868,17,885,0,885,526,1411,62.7215
第15任總統副總統,在雲林縣各投開票所,雲林縣,　口湖鄉,青蚶村,0234,10,86,230,326,10,336,0,336,195,531,63.2768
第15任總統副總統,在雲林縣各投開票所,雲林縣,　口湖鄉,港東村,0235,38,328,515,881,7,888,1,889,592,1481,59.9595
第15任總統副總統,在雲林縣各投開票所,雲林縣,　口湖鄉,港西村,0236,20,187,300,507,5,512,0,512,307,819,62.5153
第15任總統副總統,在雲林縣各投開票所,雲林縣,　口湖鄉,台子村,0237,5,59,170,234,4,238,0,238,123,361,65.9280
第15任總統副總統,在雲林縣各投開票所,雲林縣,　口湖鄉,台子村,0238,11,96,383,490,11,501,0,501,208,709,70.6629
第15任總統副總統,在雲林縣各投開票所,雲林縣,　口湖鄉,台子村,0239,14,81,420,515,4,519,0,519,226,745,69.6644
第15任總統副總統,在雲林縣各投開票所,雲林縣,　口湖鄉,成龍村,0240,24,184,350,558,6,564,0,564,340,904,62.3894
第15任總統副總統,在雲林縣各投開票所,雲林縣,　口湖鄉,梧南村,0241,17,162,446,625,8,633,0,633,261,894,70.8054
第15任總統副總統,在雲林縣各投開票所,雲林縣,　口湖鄉,梧南村,0242,27,214,339,580,7,587,0,587,258,845,69.4675
第15任總統副總統,在雲林縣各投開票所,雲林縣,　口湖鄉,梧北村,0243,11,153,599,763,16,779,0,779,379,1158,67.2712
第15任總統副總統,在雲林縣各投開票所,雲林縣,　口湖鄉,水井村,0244,17,240,367,624,7,631,0,631,288,919,68.6616
第15任總統副總統,在雲林縣各投開票所,雲林縣,　口湖鄉,後厝村,0245,17,125,305,447,3,450,0,450,243,693,64.9351
第15任總統副總統,在雲林縣各投開票所,雲林縣,　口湖鄉,湖口村,0246,20,171,417,608,14,622,0,622,359,981,63.4047
第15任總統副總統,在雲林縣各投開票所,雲林縣,　口湖鄉,過港村,0247,9,114,227,350,4,354,0,354,226,580,61.0345
第15任總統副總統,在雲林縣各投開票所,雲林縣,　水林鄉,水北村,0248,34,260,536,830,13,843,0,843,449,1292,65.2477
第15任總統副總統,在雲林縣各投開票所,雲林縣,　水林鄉,水北村,0249,23,169,409,601,7,608,0,608,245,853,71.2778
第15任總統副總統,在雲林縣各投開票所,雲林縣,　水林鄉,水南村,0250,28,254,588,870,12,882,0,882,305,1187,74.3050
第15任總統副總統,在雲林縣各投開票所,雲林縣,　水林鄉,水南村,0251,21,141,350,512,7,519,0,519,213,732,70.9016
第15任總統副總統,在雲林縣各投開票所,雲林縣,　水林鄉,萬興村,0252,12,95,342,449,6,455,0,455,243,698,65.1862
第15任總統副總統,在雲林縣各投開票所,雲林縣,　水林鄉,尖山村,0253,12,116,289,417,5,422,0,422,202,624,67.6282
第15任總統副總統,在雲林縣各投開票所,雲林縣,　水林鄉,大溝村,0254,19,159,462,640,8,648,0,648,315,963,67.2897
第15任總統副總統,在雲林縣各投開票所,雲林縣,　水林鄉,順興村,0255,12,105,372,489,9,498,0,498,304,802,62.0948
第15任總統副總統,在雲林縣各投開票所,雲林縣,　水林鄉,大山村,0256,30,159,532,721,4,725,0,725,297,1022,70.9393
第15任總統副總統,在雲林縣各投開票所,雲林縣,　水林鄉,後寮村,0257,19,93,318,430,6,436,0,436,216,652,66.8712
第15任總統副總統,在雲林縣各投開票所,雲林縣,　水林鄉,春埔村,0258,16,157,437,610,9,619,0,619,323,942,65.7113
第15任總統副總統,在雲林縣各投開票所,雲林縣,　水林鄉,西井村,0259,13,124,242,379,15,394,0,394,219,613,64.2741
第15任總統副總統,在雲林縣各投開票所,雲林縣,　水林鄉,車港村,0260,8,98,253,359,3,362,0,362,229,591,61.2521
第15任總統副總統,在雲林縣各投開票所,雲林縣,　水林鄉,蘇秦村,0261,21,129,439,589,10,599,0,599,380,979,61.1849
第15任總統副總統,在雲林縣各投開票所,雲林縣,　水林鄉,灣東村,0262,16,142,208,366,4,370,0,370,245,615,60.1626
第15任總統副總統,在雲林縣各投開票所,雲林縣,　水林鄉,灣西村,0263,22,186,343,551,9,560,0,560,363,923,60.6717
第15任總統副總統,在雲林縣各投開票所,雲林縣,　水林鄉,蕃薯村,0264,20,157,425,602,1,603,0,603,321,924,65.2597
第15任總統副總統,在雲林縣各投開票所,雲林縣,　水林鄉,山腳村,0265,10,109,389,508,4,512,0,512,269,781,65.5570
第15任總統副總統,在雲林縣各投開票所,雲林縣,　水林鄉,松北村,0266,35,203,421,659,16,675,0,675,329,1004,67.2311
第15任總統副總統,在雲林縣各投開票所,雲林縣,　水林鄉,松中村,0267,6,79,238,323,6,329,0,329,160,489,67.2802
第15任總統副總統,在雲林縣各投開票所,雲林縣,　水林鄉,松西村,0268,13,81,308,402,10,412,0,412,236,648,63.5802
第15任總統副總統,在雲林縣各投開票所,雲林縣,　水林鄉,瓊埔村,0269,14,69,321,404,8,412,0,412,250,662,62.2356
第15任總統副總統,在雲林縣各投開票所,雲林縣,　水林鄉,塭底村,0270,10,95,284,389,3,392,0,392,270,662,59.2145
第15任總統副總統,在雲林縣各投開票所,雲林縣,　水林鄉,海埔村,0271,14,131,468,613,9,622,0,622,348,970,64.1237
第15任總統副總統,在雲林縣各投開票所,雲林縣,　水林鄉,土厝村,0272,18,152,587,757,10,767,0,767,355,1122,68.3601
第15任總統副總統,在雲林縣各投開票所,雲林縣,　水林鄉,溪墘村,0273,17,142,350,509,8,517,0,517,232,749,69.0254
第15任總統副總統,在彰化縣各投開票所,彰化縣,　彰化市,桃源里,0247,42,273,357,672,7,679,0,679,177,856,79.3224
第15任總統副總統,在彰化縣各投開票所,彰化縣,　彰化市,桃源里,0248,13,208,218,439,7,446,0,446,247,693,64.3579
第15任總統副總統,在彰化縣各投開票所,彰化縣,　彰化市,桃源里,0249,36,280,389,705,3,708,0,708,179,887,79.8196
第15任總統副總統,在彰化縣各投開票所,彰化縣,　彰化市,東興里,0250,28,225,333,586,5,591,0,591,165,756,78.1746
第15任總統副總統,在彰化縣各投開票所,彰化縣,　彰化市,東興里,0251,22,239,297,558,9,567,0,567,197,764,74.2147
第15任總統副總統,在彰化縣各投開票所,彰化縣,　彰化市,華北里,0252,31,250,266,547,10,557,0,557,147,704,79.1193
第15任總統副總統,在彰化縣各投開票所,彰化縣,　彰化市,華北里,0253,23,169,336,528,3,531,0,531,181,712,74.5787
第15任總統副總統,在彰化縣各投開票所,彰化縣,　彰化市,華陽里,0254,16,295,233,544,5,549,0,549,185,734,74.7956
第15任總統副總統,在彰化縣各投開票所,彰化縣,　彰化市,華陽里,0255,28,341,388,757,10,767,0,767,265,1032,74.3217
第15任總統副總統,在彰化縣各投開票所,彰化縣,　彰化市,大同里,0256,30,313,417,760,9,769,0,769,237,1006,76.4414
第15任總統副總統,在彰化縣各投開票所,彰化縣,　彰化市,永生里,0257,57,377,520,954,11,965,0,965,257,1222,78.9689
第15任總統副總統,在彰化縣各投開票所,彰化縣,　彰化市,建寶里,0258,37,405,382,824,8,832,0,832,239,1071,77.6844
第15任總統副總統,在彰化縣各投開票所,彰化縣,　彰化市,建寶里,0259,32,422,414,868,18,886,0,886,267,1153,76.8430
第15任總統副總統,在彰化縣各投開票所,彰化縣,　彰化市,光南里,0260,29,232,356,617,7,624,0,624,136,760,82.1053
第15任總統副總統,在彰化縣各投開票所,彰化縣,　彰化市,光南里,0261,26,180,262,468,4,472,0,472,149,621,76.0064
第15任總統副總統,在彰化縣各投開票所,彰化縣,　彰化市,介壽里,0262,31,525,360,916,17,933,0,933,260,1193,78.2062
第15任總統副總統,在彰化縣各投開票所,彰化縣,　彰化市,介壽里,0263,44,274,371,689,13,702,0,702,647,1349,52.0385
第15任總統副總統,在彰化縣各投開票所,彰化縣,　彰化市,延平里,0264,64,387,522,973,9,982,1,983,267,1250,78.5600
第15任總統副總統,在彰化縣各投開票所,彰化縣,　彰化市,延平里,0265,44,353,482,879,11,890,0,890,257,1147,77.5937
第15任總統副總統,在彰化縣各投開票所,彰化縣,　彰化市,延平里,0266,32,359,455,846,12,858,0,858,267,1125,76.2667
第15任總統副總統,在彰化縣各投開票所,彰化縣,　彰化市,延平里,0267,35,316,572,923,16,939,0,939,280,1219,77.0304
第15任總統副總統,在彰化縣各投開票所,彰化縣,　彰化市,延平里,0268,55,442,595,1092,11,1103,0,1103,247,1350,81.7037
第15任總統副總統,在彰化縣各投開票所,彰化縣,　彰化市,延平里,0269,53,354,493,900,10,910,0,910,277,1187,76.6639
第15任總統副總統,在彰化縣各投開票所,彰化縣,　彰化市,延平里,0270,52,383,479,914,16,930,0,930,244,1174,79.2164
第15任總統副總統,在彰化縣各投開票所,彰化縣,　彰化市,延和里,0271,45,388,488,921,17,938,0,938,303,1241,75.5842
第15任總統副總統,在彰化縣各投開票所,彰化縣,　彰化市,延和里,0272,43,327,424,794,11,805,0,805,243,1048,76.8130
第15任總統副總統,在彰化縣各投開票所,彰化縣,　彰化市,延和里,0273,37,308,552,897,12,909,0,909,290,1199,75.8132
第15任總統副總統,在彰化縣各投開票所,彰化縣,　彰化市,延和里,0274,56,407,578,1041,12,1053,0,1053,247,1300,81.0000
第15任總統副總統,在彰化縣各投開票所,彰化縣,　彰化市,南興里,0275,53,363,614,1030,14,1044,0,1044,274,1318,79.2109
第15任總統副總統,在彰化縣各投開票所,彰化縣,　彰化市,南興里,0276,48,293,463,804,11,815,0,815,233,1048,77.7672
第15任總統副總統,在彰化縣各投開票所,彰化縣,　彰化市,南興里,0277,38,340,538,916,16,932,0,932,253,1185,78.6498
第15任總統副總統,在彰化縣各投開票所,彰化縣,　彰化市,南興里,0278,48,355,559,962,9,971,0,971,258,1229,79.0073
第15任總統副總統,在彰化縣各投開票所,彰化縣,　彰化市,南興里,0279,35,390,523,948,8,956,0,956,262,1218,78.4893
第15任總統副總統,在彰化縣各投開票所,彰化縣,　彰化市,南興里,0280,55,331,531,917,14,931,0,931,254,1185,78.5654
第15任總統副總統,在彰化縣各投開票所,彰化縣,　彰化市,南瑶里,0281,44,312,422,778,8,786,0,786,244,1030,76.3107
第15任總統副總統,在彰化縣各投開票所,彰化縣,　彰化市,南瑶里,0282,30,326,471,827,11,838,0,838,216,1054,79.5066
第15任總統副總統,在彰化縣各投開票所,彰化縣,　彰化市,南瑶里,0283,45,364,499,908,9,917,0,917,244,1161,78.9836
第15任總統副總統,在彰化縣各投開票所,彰化縣,　彰化市,南瑶里,0284,41,314,489,844,14,858,0,858,200,1058,81.0964
第15任總統副總統,在彰化縣各投開票所,彰化縣,　彰化市,南瑶里,0285,39,351,424,814,10,824,0,824,240,1064,77.4436
第15任總統副總統,在彰化縣各投開票所,彰化縣,　彰化市,南瑶里,0286,31,279,475,785,9,794,0,794,218,1012,78.4585
第15任總統副總統,在彰化縣各投開票所,彰化縣,　彰化市,南瑶里,0287,28,280,417,725,8,733,0,733,205,938,78.1450
第15任總統副總統,在彰化縣各投開票所,彰化縣,　彰化市,成功里,0288,28,202,322,552,5,557,0,557,131,688,80.9593
第15任總統副總統,在彰化縣各投開票所,彰化縣,　彰化市,成功里,0289,31,224,312,567,10,577,0,577,180,757,76.2219
第15任總統副總統,在彰化縣各投開票所,彰化縣,　彰化市,福安里,0290,39,305,409,753,15,768,0,768,213,981,78.2875
第15任總統副總統,在彰化縣各投開票所,彰化縣,　彰化市,西安里,0291,24,231,361,616,7,623,0,623,240,863,72.1900
第15任總統副總統,在彰化縣各投開票所,彰化縣,　彰化市,西安里,0292,40,249,390,679,9,688,0,688,230,918,74.9455
第15任總統副總統,在彰化縣各投開票所,彰化縣,　彰化市,西安里,0293,48,291,428,767,10,777,0,777,249,1026,75.7310
第15任總統副總統,在彰化縣各投開票所,彰化縣,　彰化市,彰安里,0294,28,289,420,737,4,741,0,741,237,978,75.7669
第15任總統副總統,在彰化縣各投開票所,彰化縣,　彰化市,彰安里,0295,39,227,406,672,9,681,0,681,194,875,77.8286
第15任總統副總統,在彰化縣各投開票所,彰化縣,　彰化市,彰安里,0296,34,292,419,745,7,752,0,752,231,983,76.5005
第15任總統副總統,在彰化縣各投開票所,彰化縣,　彰化市,中央里,0297,15,217,361,593,6,599,0,599,160,759,78.9196
第15任總統副總統,在彰化縣各投開票所,彰化縣,　彰化市,富貴里,0298,28,258,391,677,6,683,0,683,168,851,80.2585
第15任總統副總統,在彰化縣各投開票所,彰化縣,　彰化市,民權里,0299,29,309,475,813,7,820,0,820,257,1077,76.1374
第15任總統副總統,在彰化縣各投開票所,彰化縣,　彰化市,萬壽里,0300,16,193,445,654,5,659,0,659,205,864,76.2731
第15任總統副總統,在彰化縣各投開票所,彰化縣,　彰化市,長樂里,0301,25,254,475,754,6,760,0,760,183,943,80.5938
第15任總統副總統,在彰化縣各投開票所,彰化縣,　彰化市,西興里,0302,52,287,465,804,11,815,0,815,228,1043,78.1400
第15任總統副總統,在彰化縣各投開票所,彰化縣,　彰化市,西興里,0303,74,381,506,961,10,971,0,971,247,1218,79.7209
第15任總統副總統,在彰化縣各投開票所,彰化縣,　彰化市,西興里,0304,50,284,439,773,11,784,0,784,210,994,78.8732
第15任總統副總統,在彰化縣各投開票所,彰化縣,　彰化市,西勢里,0305,37,376,482,895,13,908,0,908,226,1134,80.0705
第15任總統副總統,在彰化縣各投開票所,彰化縣,　彰化市,西勢里,0306,45,383,515,943,12,955,0,955,267,1222,78.1506
第15任總統副總統,在彰化縣各投開票所,彰化縣,　彰化市,西勢里,0307,52,402,470,924,10,934,0,934,221,1155,80.8658
第15任總統副總統,在彰化縣各投開票所,彰化縣,　彰化市,忠權里,0308,40,298,421,759,7,766,0,766,237,1003,76.3709
第15任總統副總統,在彰化縣各投開票所,彰化縣,　彰化市,忠權里,0309,41,342,446,829,9,838,0,838,213,1051,79.7336
第15任總統副總統,在彰化縣各投開票所,彰化縣,　彰化市,忠權里,0310,36,319,379,734,9,743,0,743,252,995,74.6734
第15任總統副總統,在彰化縣各投開票所,彰化縣,　彰化市,忠孝里,0311,55,367,479,901,16,917,0,917,233,1150,79.7391
第15任總統副總統,在彰化縣各投開票所,彰化縣,　彰化市,五權里,0312,28,284,403,715,6,721,0,721,268,989,72.9019
第15任總統副總統,在彰化縣各投開票所,彰化縣,　彰化市,五權里,0313,40,310,398,748,9,757,0,757,260,1017,74.4346
第15任總統副總統,在彰化縣各投開票所,彰化縣,　彰化市,五權里,0314,41,257,402,700,6,706,0,706,217,923,76.4897
第15任總統副總統,在彰化縣各投開票所,彰化縣,　彰化市,五權里,0315,44,324,408,776,14,790,0,790,294,1084,72.8782
第15任總統副總統,在彰化縣各投開票所,彰化縣,　彰化市,平和里,0316,39,304,387,730,9,739,0,739,202,941,78.5335
第15任總統副總統,在彰化縣各投開票所,彰化縣,　彰化市,平和里,0317,42,293,500,835,5,840,0,840,224,1064,78.9474
第15任總統副總統,在彰化縣各投開票所,彰化縣,　彰化市,平和里,0318,35,342,445,822,5,827,0,827,233,1060,78.0189
第15任總統副總統,在彰化縣各投開票所,彰化縣,　彰化市,平和里,0319,33,283,440,756,11,767,0,767,237,1004,76.3944
第15任總統副總統,在彰化縣各投開票所,彰化縣,　彰化市,崙平里,0320,42,382,491,915,11,926,0,926,278,1204,76.9103
第15任總統副總統,在彰化縣各投開票所,彰化縣,　彰化市,崙平里,0321,45,313,441,799,15,814,0,814,257,1071,76.0037
第15任總統副總統,在彰化縣各投開票所,彰化縣,　彰化市,崙平里,0322,35,302,432,769,7,776,0,776,215,991,78.3047
第15任總統副總統,在彰化縣各投開票所,彰化縣,　彰化市,崙平里,0323,26,297,396,719,10,729,0,729,236,965,75.5440
第15任總統副總統,在彰化縣各投開票所,彰化縣,　彰化市,崙平里,0324,29,306,396,731,11,742,0,742,216,958,77.4530
第15任總統副總統,在彰化縣各投開票所,彰化縣,　彰化市,向陽里,0325,47,388,455,890,17,907,0,907,211,1118,81.1270
第15任總統副總統,在彰化縣各投開票所,彰化縣,　彰化市,向陽里,0326,38,264,368,670,5,675,0,675,219,894,75.5034
第15任總統副總統,在彰化縣各投開票所,彰化縣,　彰化市,向陽里,0327,34,303,426,763,7,770,0,770,182,952,80.8824
第15任總統副總統,在彰化縣各投開票所,彰化縣,　彰化市,向陽里,0328,31,330,403,764,9,773,0,773,182,955,80.9424
第15任總統副總統,在彰化縣各投開票所,彰化縣,　彰化市,向陽里,0329,44,347,445,836,7,843,0,843,233,1076,78.3457
第15任總統副總統,在彰化縣各投開票所,彰化縣,　彰化市,莿桐里,0330,35,253,372,660,5,665,0,665,210,875,76.0000
第15任總統副總統,在彰化縣各投開票所,彰化縣,　彰化市,莿桐里,0331,37,360,458,855,11,866,1,867,214,1081,80.1110
第15任總統副總統,在彰化縣各投開票所,彰化縣,　彰化市,莿桐里,0332,36,297,477,810,16,826,0,826,241,1067,77.4133
第15任總統副總統,在彰化縣各投開票所,彰化縣,　彰化市,南美里,0333,21,219,354,594,10,604,0,604,195,799,75.5945
第15任總統副總統,在彰化縣各投開票所,彰化縣,　彰化市,南美里,0334,51,301,433,785,12,797,0,797,194,991,80.4238
第15任總統副總統,在彰化縣各投開票所,彰化縣,　彰化市,南安里,0335,47,339,447,833,8,841,0,841,285,1126,74.6892
第15任總統副總統,在彰化縣各投開票所,彰化縣,　彰化市,南安里,0336,44,269,426,739,8,747,0,747,198,945,79.0476
第15任總統副總統,在彰化縣各投開票所,彰化縣,　彰化市,東芳里,0337,47,317,514,878,13,891,0,891,266,1157,77.0095
第15任總統副總統,在彰化縣各投開票所,彰化縣,　彰化市,東芳里,0338,48,281,488,817,11,828,0,828,205,1033,80.1549
第15任總統副總統,在彰化縣各投開票所,彰化縣,　彰化市,東芳里,0339,48,339,531,918,7,925,0,925,276,1201,77.0192
第15任總統副總統,在彰化縣各投開票所,彰化縣,　彰化市,磚磘里,0340,46,329,510,885,11,896,1,897,269,1166,76.8439
第15任總統副總統,在彰化縣各投開票所,彰化縣,　彰化市,磚磘里,0341,34,317,423,774,6,780,0,780,224,1004,77.6892
第15任總統副總統,在彰化縣各投開票所,彰化縣,　彰化市,磚磘里,0342,38,286,477,801,8,809,0,809,232,1041,77.7137
第15任總統副總統,在彰化縣各投開票所,彰化縣,　彰化市,卦山里,0343,55,379,448,882,13,895,0,895,295,1190,75.2101
第15任總統副總統,在彰化縣各投開票所,彰化縣,　彰化市,卦山里,0344,53,424,485,962,15,977,0,977,271,1248,78.2853
第15任總統副總統,在彰化縣各投開票所,彰化縣,　彰化市,光復里,0345,22,143,347,512,7,519,0,519,129,648,80.0926
第15任總統副總統,在彰化縣各投開票所,彰化縣,　彰化市,永福里,0346,38,230,395,663,7,670,0,670,195,865,77.4566
第15任總統副總統,在彰化縣各投開票所,彰化縣,　彰化市,光華里,0347,19,212,324,555,5,560,0,560,142,702,79.7721
第15任總統副總統,在彰化縣各投開票所,彰化縣,　彰化市,中正里,0348,28,193,300,521,3,524,0,524,132,656,79.8780
第15任總統副總統,在彰化縣各投開票所,彰化縣,　彰化市,中正里,0349,22,225,309,556,7,563,1,564,175,739,76.1840
第15任總統副總統,在彰化縣各投開票所,彰化縣,　彰化市,中山里,0350,24,274,274,572,11,583,0,583,160,743,78.4657
第15任總統副總統,在彰化縣各投開票所,彰化縣,　彰化市,龍山里,0351,38,318,388,744,10,754,0,754,203,957,78.7879
第15任總統副總統,在彰化縣各投開票所,彰化縣,　彰化市,龍山里,0352,32,259,379,670,5,675,0,675,211,886,76.1851
第15任總統副總統,在彰化縣各投開票所,彰化縣,　彰化市,新興里,0353,58,322,516,896,14,910,0,910,218,1128,80.6738
第15任總統副總統,在彰化縣各投開票所,彰化縣,　彰化市,新興里,0354,30,284,395,709,8,717,0,717,180,897,79.9331
第15任總統副總統,在彰化縣各投開票所,彰化縣,　彰化市,新興里,0355,31,235,460,726,7,733,0,733,191,924,79.3290
第15任總統副總統,在彰化縣各投開票所,彰化縣,　彰化市,新興里,0356,34,281,401,716,10,726,0,726,230,956,75.9414
第15任總統副總統,在彰化縣各投開票所,彰化縣,　彰化市,新興里,0357,55,382,484,921,15,936,0,936,226,1162,80.5508
第15任總統副總統,在彰化縣各投開票所,彰化縣,　彰化市,新華里,0358,31,235,361,627,7,634,0,634,184,818,77.5061
第15任總統副總統,在彰化縣各投開票所,彰化縣,　彰化市,新華里,0359,36,265,341,642,3,645,0,645,182,827,77.9927
第15任總統副總統,在彰化縣各投開票所,彰化縣,　彰化市,興北里,0360,33,221,297,551,7,558,0,558,172,730,76.4384
第15任總統副總統,在彰化縣各投開票所,彰化縣,　彰化市,興北里,0361,25,242,386,653,3,656,1,657,192,849,77.2674
第15任總統副總統,在彰化縣各投開票所,彰化縣,　彰化市,信義里,0362,19,235,355,609,6,615,0,615,162,777,79.1506
第15任總統副總統,在彰化縣各投開票所,彰化縣,　彰化市,民生里,0363,20,182,281,483,9,492,0,492,159,651,75.5760
第15任總統副總統,在彰化縣各投開票所,彰化縣,　彰化市,民生里,0364,21,224,305,550,7,557,0,557,135,692,80.4913
第15任總統副總統,在彰化縣各投開票所,彰化縣,　彰化市,文化里,0365,19,210,276,505,3,508,0,508,145,653,77.7948
第15任總統副總統,在彰化縣各投開票所,彰化縣,　彰化市,文化里,0366,27,198,230,455,5,460,0,460,137,597,77.0519
第15任總統副總統,在彰化縣各投開票所,彰化縣,　彰化市,陽明里,0367,36,267,369,672,9,681,0,681,197,878,77.5626
第15任總統副總統,在彰化縣各投開票所,彰化縣,　彰化市,陽明里,0368,30,246,341,617,8,625,0,625,198,823,75.9417
第15任總統副總統,在彰化縣各投開票所,彰化縣,　彰化市,萬安里,0369,43,292,421,756,11,767,0,767,203,970,79.0722
第15任總統副總統,在彰化縣各投開票所,彰化縣,　彰化市,萬安里,0370,25,320,385,730,8,738,0,738,209,947,77.9303
第15任總統副總統,在彰化縣各投開票所,彰化縣,　彰化市,萬安里,0371,38,227,363,628,7,635,0,635,189,824,77.0631
第15任總統副總統,在彰化縣各投開票所,彰化縣,　彰化市,萬安里,0372,50,326,478,854,8,862,0,862,210,1072,80.4104
第15任總統副總統,在彰化縣各投開票所,彰化縣,　彰化市,下廍里,0373,41,322,453,816,8,824,0,824,235,1059,77.8093
第15任總統副總統,在彰化縣各投開票所,彰化縣,　彰化市,下廍里,0374,27,334,410,771,12,783,0,783,217,1000,78.3000
第15任總統副總統,在彰化縣各投開票所,彰化縣,　彰化市,下廍里,0375,36,325,422,783,6,789,0,789,196,985,80.1015
第15任總統副總統,在彰化縣各投開票所,彰化縣,　彰化市,下廍里,0376,32,301,329,662,6,668,0,668,188,856,78.0374
第15任總統副總統,在彰化縣各投開票所,彰化縣,　彰化市,下廍里,0377,37,285,406,728,11,739,0,739,181,920,80.3261
第15任總統副總統,在彰化縣各投開票所,彰化縣,　彰化市,茄苳里,0378,37,269,395,701,10,711,0,711,185,896,79.3527
第15任總統副總統,在彰化縣各投開票所,彰化縣,　彰化市,茄南里,0379,35,302,371,708,7,715,0,715,197,912,78.3991
第15任總統副總統,在彰化縣各投開票所,彰化縣,　彰化市,茄南里,0380,38,262,438,738,12,750,0,750,183,933,80.3859
第15任總統副總統,在彰化縣各投開票所,彰化縣,　彰化市,茄南里,0381,34,342,384,760,13,773,0,773,188,961,80.4370
第15任總統副總統,在彰化縣各投開票所,彰化縣,　彰化市,寶廍里,0382,66,361,498,925,15,940,0,940,242,1182,79.5262
第15任總統副總統,在彰化縣各投開票所,彰化縣,　彰化市,古夷里,0383,29,226,370,625,7,632,0,632,163,795,79.4969
第15任總統副總統,在彰化縣各投開票所,彰化縣,　彰化市,古夷里,0384,35,239,354,628,11,639,0,639,197,836,76.4354
第15任總統副總統,在彰化縣各投開票所,彰化縣,　彰化市,古夷里,0385,37,179,311,527,5,532,0,532,162,694,76.6571
第15任總統副總統,在彰化縣各投開票所,彰化縣,　彰化市,阿夷里,0386,44,386,475,905,11,916,0,916,199,1115,82.1525
第15任總統副總統,在彰化縣各投開票所,彰化縣,　彰化市,阿夷里,0387,47,400,509,956,12,968,0,968,276,1244,77.8135
第15任總統副總統,在彰化縣各投開票所,彰化縣,　彰化市,阿夷里,0388,52,328,495,875,9,884,0,884,276,1160,76.2069
第15任總統副總統,在彰化縣各投開票所,彰化縣,　彰化市,阿夷里,0389,43,358,461,862,12,874,0,874,215,1089,80.2571
第15任總統副總統,在彰化縣各投開票所,彰化縣,　彰化市,阿夷里,0390,55,376,489,920,13,933,0,933,277,1210,77.1074
第15任總統副總統,在彰化縣各投開票所,彰化縣,　彰化市,阿夷里,0391,38,343,475,856,10,866,0,866,253,1119,77.3905
第15任總統副總統,在彰化縣各投開票所,彰化縣,　彰化市,阿夷里,0392,59,312,519,890,9,899,0,899,268,1167,77.0351
第15任總統副總統,在彰化縣各投開票所,彰化縣,　彰化市,和調里,0393,41,252,372,665,7,672,0,672,168,840,80.0000
第15任總統副總統,在彰化縣各投開票所,彰化縣,　彰化市,和調里,0394,42,257,333,632,5,637,0,637,197,834,76.3789
第15任總統副總統,在彰化縣各投開票所,彰化縣,　彰化市,和調里,0395,40,310,351,701,8,709,0,709,172,881,80.4767
第15任總統副總統,在彰化縣各投開票所,彰化縣,　彰化市,復興里,0396,31,287,412,730,8,738,0,738,224,962,76.7152
第15任總統副總統,在彰化縣各投開票所,彰化縣,　彰化市,復興里,0397,35,274,379,688,8,696,0,696,205,901,77.2475
第15任總統副總統,在彰化縣各投開票所,彰化縣,　彰化市,復興里,0398,37,367,454,858,7,865,0,865,233,1098,78.7796
第15任總統副總統,在彰化縣各投開票所,彰化縣,　彰化市,復興里,0399,38,310,467,815,14,829,0,829,213,1042,79.5585
第15任總統副總統,在彰化縣各投開票所,彰化縣,　彰化市,中庄里,0400,67,375,539,981,7,988,0,988,315,1303,75.8250
第15任總統副總統,在彰化縣各投開票所,彰化縣,　彰化市,中庄里,0401,34,270,528,832,9,841,1,842,231,1073,78.3784
第15任總統副總統,在彰化縣各投開票所,彰化縣,　彰化市,竹中里,0402,30,275,283,588,8,596,0,596,172,768,77.6042
第15任總統副總統,在彰化縣各投開票所,彰化縣,　彰化市,竹中里,0403,31,251,390,672,8,680,0,680,187,867,78.4314
第15任總統副總統,在彰化縣各投開票所,彰化縣,　彰化市,香山里,0404,32,281,459,772,21,793,0,793,175,968,81.9215
第15任總統副總統,在彰化縣各投開票所,彰化縣,　彰化市,香山里,0405,51,304,529,884,21,905,0,905,240,1145,79.0393
第15任總統副總統,在彰化縣各投開票所,彰化縣,　彰化市,香山里,0406,34,347,461,842,8,850,0,850,260,1110,76.5766
第15任總統副總統,在彰化縣各投開票所,彰化縣,　彰化市,牛埔里,0407,33,233,439,705,5,710,0,710,186,896,79.2411
第15任總統副總統,在彰化縣各投開票所,彰化縣,　彰化市,牛埔里,0408,38,287,450,775,14,789,0,789,225,1014,77.8107
第15任總統副總統,在彰化縣各投開票所,彰化縣,　彰化市,牛埔里,0409,43,253,480,776,15,791,0,791,181,972,81.3786
第15任總統副總統,在彰化縣各投開票所,彰化縣,　彰化市,台鳳里,0410,50,337,386,773,11,784,0,784,224,1008,77.7778
第15任總統副總統,在彰化縣各投開票所,彰化縣,　彰化市,台鳳里,0411,61,352,422,835,11,846,0,846,260,1106,76.4919
第15任總統副總統,在彰化縣各投開票所,彰化縣,　彰化市,台鳳里,0412,49,382,397,828,17,845,0,845,267,1112,75.9892
第15任總統副總統,在彰化縣各投開票所,彰化縣,　彰化市,台鳳里,0413,50,357,393,800,10,810,0,810,227,1037,78.1099
第15任總統副總統,在彰化縣各投開票所,彰化縣,　彰化市,國聖里,0414,34,209,358,601,7,608,0,608,145,753,80.7437
第15任總統副總統,在彰化縣各投開票所,彰化縣,　彰化市,國聖里,0415,29,246,397,672,10,682,0,682,181,863,79.0267
第15任總統副總統,在彰化縣各投開票所,彰化縣,　彰化市,國聖里,0416,28,256,329,613,4,617,0,617,155,772,79.9223
第15任總統副總統,在彰化縣各投開票所,彰化縣,　彰化市,福山里,0417,30,350,447,827,10,837,0,837,252,1089,76.8595
第15任總統副總統,在彰化縣各投開票所,彰化縣,　彰化市,福山里,0418,64,377,496,937,11,948,0,948,279,1227,77.2616
第15任總統副總統,在彰化縣各投開票所,彰化縣,　彰化市,福山里,0419,46,298,533,877,5,882,0,882,264,1146,76.9634
第15任總統副總統,在彰化縣各投開票所,彰化縣,　彰化市,福山里,0420,44,303,554,901,7,908,0,908,249,1157,78.4788
第15任總統副總統,在彰化縣各投開票所,彰化縣,　彰化市,福山里,0421,38,312,471,821,9,830,0,830,232,1062,78.1544
第15任總統副總統,在彰化縣各投開票所,彰化縣,　彰化市,福山里,0422,26,280,398,704,12,716,0,716,218,934,76.6595
第15任總統副總統,在彰化縣各投開票所,彰化縣,　彰化市,安溪里,0423,41,265,369,675,16,691,0,691,200,891,77.5533
第15任總統副總統,在彰化縣各投開票所,彰化縣,　彰化市,安溪里,0424,39,327,398,764,8,772,0,772,181,953,81.0073
第15任總統副總統,在彰化縣各投開票所,彰化縣,　彰化市,三村里,0425,49,305,519,873,17,890,0,890,264,1154,77.1231
第15任總統副總統,在彰化縣各投開票所,彰化縣,　彰化市,大竹里,0426,44,286,428,758,10,768,0,768,212,980,78.3673
第15任總統副總統,在彰化縣各投開票所,彰化縣,　彰化市,大竹里,0427,44,363,461,868,6,874,0,874,240,1114,78.4560
第15任總統副總統,在彰化縣各投開票所,彰化縣,　彰化市,大竹里,0428,46,318,491,855,7,862,0,862,231,1093,78.8655
第15任總統副總統,在彰化縣各投開票所,彰化縣,　彰化市,田中里,0429,38,245,410,693,10,703,0,703,183,886,79.3454
第15任總統副總統,在彰化縣各投開票所,彰化縣,　彰化市,快官里,0430,39,310,444,793,14,807,0,807,244,1051,76.7840
第15任總統副總統,在彰化縣各投開票所,彰化縣,　彰化市,竹巷里,0431,29,226,345,600,8,608,0,608,193,801,75.9051
第15任總統副總統,在彰化縣各投開票所,彰化縣,　彰化市,福田里,0432,44,344,574,962,17,979,0,979,246,1225,79.9184
第15任總統副總統,在彰化縣各投開票所,彰化縣,　彰化市,石牌里,0433,39,363,439,841,12,853,0,853,256,1109,76.9161
第15任總統副總統,在彰化縣各投開票所,彰化縣,　鹿港鎮,大有里,0111,40,230,543,813,10,823,0,823,269,1092,75.3663
第15任總統副總統,在彰化縣各投開票所,彰化縣,　鹿港鎮,中興里,0112,18,97,260,375,5,380,0,380,118,498,76.3052
第15任總統副總統,在彰化縣各投開票所,彰化縣,　鹿港鎮,洛津里,0113,38,178,409,625,9,634,0,634,198,832,76.2019
第15任總統副總統,在彰化縣各投開票所,彰化縣,　鹿港鎮,順興里,0114,27,240,394,661,7,668,0,668,234,902,74.0576
第15任總統副總統,在彰化縣各投開票所,彰化縣,　鹿港鎮,埔崙里,0115,28,179,489,696,8,704,0,704,236,940,74.8936
第15任總統副總統,在彰化縣各投開票所,彰化縣,　鹿港鎮,埔崙里,0116,30,228,546,804,9,813,0,813,238,1051,77.3549
第15任總統副總統,在彰化縣各投開票所,彰化縣,　鹿港鎮,埔崙里,0117,46,324,713,1083,17,1100,0,1100,369,1469,74.8809
第15任總統副總統,在彰化縣各投開票所,彰化縣,　鹿港鎮,埔崙里,0118,42,273,703,1018,12,1030,0,1030,344,1374,74.9636
第15任總統副總統,在彰化縣各投開票所,彰化縣,　鹿港鎮,新宮里,0119,21,173,456,650,9,659,0,659,189,848,77.7123
第15任總統副總統,在彰化縣各投開票所,彰化縣,　鹿港鎮,玉順里,0120,28,229,578,835,16,851,0,851,299,1150,74.0000
第15任總統副總統,在彰化縣各投開票所,彰化縣,　鹿港鎮,東石里,0121,30,184,556,770,11,781,2,783,227,1010,77.3267
第15任總統副總統,在彰化縣各投開票所,彰化縣,　鹿港鎮,東石里,0122,23,205,576,804,11,815,0,815,258,1073,75.9553
第15任總統副總統,在彰化縣各投開票所,彰化縣,　鹿港鎮,東石里,0123,30,214,497,741,13,754,0,754,247,1001,75.3247
第15任總統副總統,在彰化縣各投開票所,彰化縣,　鹿港鎮,東石里,0124,55,271,492,818,12,830,0,830,309,1139,72.8709
第15任總統副總統,在彰化縣各投開票所,彰化縣,　鹿港鎮,郭厝里,0125,11,120,248,379,4,383,0,383,138,521,73.5125
第15任總統副總統,在彰化縣各投開票所,彰化縣,　鹿港鎮,永安里,0126,31,267,493,791,10,801,0,801,290,1091,73.4189
第15任總統副總統,在彰化縣各投開票所,彰化縣,　鹿港鎮,永安里,0127,31,277,517,825,9,834,0,834,295,1129,73.8707
第15任總統副總統,在彰化縣各投開票所,彰化縣,　鹿港鎮,永安里,0128,38,269,491,798,15,813,0,813,260,1073,75.7689
第15任總統副總統,在彰化縣各投開票所,彰化縣,　鹿港鎮,永安里,0129,34,217,501,752,12,764,0,764,239,1003,76.1715
第15任總統副總統,在彰化縣各投開票所,彰化縣,　鹿港鎮,景福里,0130,48,313,461,822,13,835,0,835,258,1093,76.3952
第15任總統副總統,在彰化縣各投開票所,彰化縣,　鹿港鎮,泰興里,0131,35,300,565,900,9,909,0,909,233,1142,79.5972
第15任總統副總統,在彰化縣各投開票所,彰化縣,　鹿港鎮,長興里,0132,1,69,126,196,4,200,0,200,75,275,72.7273
第15任總統副總統,在彰化縣各投開票所,彰化縣,　鹿港鎮,興化里,0133,16,134,251,401,5,406,0,406,156,562,72.2420
第15任總統副總統,在彰化縣各投開票所,彰化縣,　鹿港鎮,龍山里,0134,17,156,300,473,5,478,0,478,147,625,76.4800
第15任總統副總統,在彰化縣各投開票所,彰化縣,　鹿港鎮,菜園里,0135,31,154,515,700,12,712,0,712,180,892,79.8206
第15任總統副總統,在彰化縣各投開票所,彰化縣,　鹿港鎮,街尾里,0136,30,245,518,793,8,801,0,801,247,1048,76.4313
第15任總統副總統,在彰化縣各投開票所,彰化縣,　鹿港鎮,街尾里,0137,27,286,526,839,14,853,0,853,261,1114,76.5709
第15任總統副總統,在彰化縣各投開票所,彰化縣,　鹿港鎮,詔安里,0138,50,333,534,917,20,937,0,937,318,1255,74.6614
第15任總統副總統,在彰化縣各投開票所,彰化縣,　鹿港鎮,詔安里,0139,17,156,340,513,10,523,0,523,200,723,72.3375
第15任總統副總統,在彰化縣各投開票所,彰化縣,　鹿港鎮,海埔里,0140,34,241,500,775,18,793,0,793,323,1116,71.0573
第15任總統副總統,在彰化縣各投開票所,彰化縣,　鹿港鎮,海埔里,0141,46,270,467,783,20,803,0,803,359,1162,69.1050
第15任總統副總統,在彰化縣各投開票所,彰化縣,　鹿港鎮,海埔里,0142,39,239,537,815,8,823,0,823,379,1202,68.4692
第15任總統副總統,在彰化縣各投開票所,彰化縣,　鹿港鎮,洋厝里,0143,37,258,374,669,10,679,0,679,242,921,73.7242
第15任總統副總統,在彰化縣各投開票所,彰化縣,　鹿港鎮,洋厝里,0144,17,155,360,532,8,540,0,540,187,727,74.2779
第15任總統副總統,在彰化縣各投開票所,彰化縣,　鹿港鎮,洋厝里,0145,17,129,366,512,8,520,0,520,192,712,73.0337
第15任總統副總統,在彰化縣各投開票所,彰化縣,　鹿港鎮,草中里,0146,24,324,356,704,7,711,0,711,263,974,72.9979
第15任總統副總統,在彰化縣各投開票所,彰化縣,　鹿港鎮,草中里,0147,29,301,394,724,9,733,0,733,243,976,75.1025
第15任總統副總統,在彰化縣各投開票所,彰化縣,　鹿港鎮,草中里,0148,48,275,479,802,10,812,0,812,317,1129,71.9221
第15任總統副總統,在彰化縣各投開票所,彰化縣,　鹿港鎮,頭南里,0149,45,365,383,793,16,809,0,809,308,1117,72.4261
第15任總統副總統,在彰化縣各投開票所,彰化縣,　鹿港鎮,頭南里,0150,42,297,398,737,16,753,0,753,234,987,76.2918
第15任總統副總統,在彰化縣各投開票所,彰化縣,　鹿港鎮,山崙里,0151,27,217,484,728,11,739,0,739,284,1023,72.2385
第15任總統副總統,在彰化縣各投開票所,彰化縣,　鹿港鎮,山崙里,0152,36,272,438,746,10,756,0,756,224,980,77.1429
第15任總統副總統,在彰化縣各投開票所,彰化縣,　鹿港鎮,山崙里,0153,32,245,423,700,10,710,0,710,248,958,74.1127
第15任總統副總統,在彰化縣各投開票所,彰化縣,　鹿港鎮,頂番里,0154,44,444,578,1066,13,1079,0,1079,367,1446,74.6196
第15任總統副總統,在彰化縣各投開票所,彰化縣,　鹿港鎮,頂番里,0155,44,344,378,766,9,775,0,775,268,1043,74.3049
第15任總統副總統,在彰化縣各投開票所,彰化縣,　鹿港鎮,頂番里,0156,65,360,458,883,15,898,0,898,319,1217,73.7880
第15任總統副總統,在彰化縣各投開票所,彰化縣,　鹿港鎮,頭崙里,0157,48,445,551,1044,17,1061,0,1061,444,1505,70.4983
第15任總統副總統,在彰化縣各投開票所,彰化縣,　鹿港鎮,頭崙里,0158,34,274,436,744,14,758,0,758,210,968,78.3058
第15任總統副總統,在彰化縣各投開票所,彰化縣,　鹿港鎮,溝墘里,0159,38,311,328,677,15,692,0,692,219,911,75.9605
第15任總統副總統,在彰化縣各投開票所,彰化縣,　鹿港鎮,溝墘里,0160,38,341,442,821,10,831,0,831,239,1070,77.6636
第15任總統副總統,在彰化縣各投開票所,彰化縣,　鹿港鎮,溝墘里,0161,30,322,300,652,6,658,0,658,214,872,75.4587
第15任總統副總統,在彰化縣各投開票所,彰化縣,　鹿港鎮,溝墘里,0162,41,303,516,860,22,882,0,882,293,1175,75.0638
第15任總統副總統,在彰化縣各投開票所,彰化縣,　鹿港鎮,廖厝里,0163,56,414,572,1042,10,1052,0,1052,338,1390,75.6835
第15任總統副總統,在彰化縣各投開票所,彰化縣,　鹿港鎮,廖厝里,0164,48,368,458,874,7,881,0,881,291,1172,75.1706
第15任總統副總統,在彰化縣各投開票所,彰化縣,　鹿港鎮,廖厝里,0165,50,371,599,1020,19,1039,0,1039,377,1416,73.3757
第15任總統副總統,在彰化縣各投開票所,彰化縣,　鹿港鎮,東崎里,0166,46,294,473,813,14,827,0,827,351,1178,70.2037
第15任總統副總統,在彰化縣各投開票所,彰化縣,　鹿港鎮,東崎里,0167,43,281,513,837,13,850,0,850,296,1146,74.1710
第15任總統副總統,在彰化縣各投開票所,彰化縣,　鹿港鎮,東崎里,0168,40,255,655,950,14,964,0,964,308,1272,75.7862
第15任總統副總統,在彰化縣各投開票所,彰化縣,　鹿港鎮,東崎里,0169,53,347,628,1028,7,1035,0,1035,384,1419,72.9387
第15任總統副總統,在彰化縣各投開票所,彰化縣,　鹿港鎮,頂厝里,0170,31,264,609,904,12,916,0,916,339,1255,72.9880
第15任總統副總統,在彰化縣各投開票所,彰化縣,　鹿港鎮,頂厝里,0171,45,346,591,982,14,996,0,996,315,1311,75.9725
第15任總統副總統,在彰化縣各投開票所,彰化縣,　鹿港鎮,頂厝里,0172,62,348,644,1054,9,1063,0,1063,374,1437,73.9736
第15任總統副總統,在彰化縣各投開票所,彰化縣,　鹿港鎮,頂厝里,0173,45,311,530,886,10,896,0,896,231,1127,79.5031
第15任總統副總統,在彰化縣各投開票所,彰化縣,　鹿港鎮,頂厝里,0174,35,247,577,859,11,870,0,870,284,1154,75.3899
第15任總統副總統,在彰化縣各投開票所,彰化縣,　鹿港鎮,頂厝里,0175,43,273,568,884,10,894,0,894,299,1193,74.9371
第15任總統副總統,在彰化縣各投開票所,彰化縣,　和美鎮,竹營里,0041,47,276,485,808,13,821,0,821,298,1119,73.3691
第15任總統副總統,在彰化縣各投開票所,彰化縣,　和美鎮,竹營里,0042,32,345,562,939,15,954,0,954,349,1303,73.2157
第15任總統副總統,在彰化縣各投開票所,彰化縣,　和美鎮,竹營里,0043,43,392,487,922,12,934,0,934,331,1265,73.8340
第15任總統副總統,在彰化縣各投開票所,彰化縣,　和美鎮,竹營里,0044,54,377,505,936,13,949,0,949,279,1228,77.2801
第15任總統副總統,在彰化縣各投開票所,彰化縣,　和美鎮,竹營里,0045,28,269,430,727,15,742,0,742,240,982,75.5601
第15任總統副總統,在彰化縣各投開票所,彰化縣,　和美鎮,和東里,0046,42,272,466,780,18,798,0,798,218,1016,78.5433
第15任總統副總統,在彰化縣各投開票所,彰化縣,　和美鎮,和東里,0047,40,284,404,728,10,738,0,738,268,1006,73.3598
第15任總統副總統,在彰化縣各投開票所,彰化縣,　和美鎮,和東里,0048,29,325,416,770,10,780,0,780,217,997,78.2347
第15任總統副總統,在彰化縣各投開票所,彰化縣,　和美鎮,和東里,0049,41,346,531,918,9,927,0,927,257,1184,78.2939
第15任總統副總統,在彰化縣各投開票所,彰化縣,　和美鎮,和南里,0050,13,131,165,309,5,314,0,314,86,400,78.5000
第15任總統副總統,在彰化縣各投開票所,彰化縣,　和美鎮,和北里,0051,29,222,357,608,9,617,0,617,199,816,75.6127
第15任總統副總統,在彰化縣各投開票所,彰化縣,　和美鎮,和北里,0052,44,265,367,676,14,690,0,690,245,935,73.7968
第15任總統副總統,在彰化縣各投開票所,彰化縣,　和美鎮,和西里,0053,31,302,440,773,12,785,0,785,241,1026,76.5107
第15任總統副總統,在彰化縣各投開票所,彰化縣,　和美鎮,和西里,0054,46,324,430,800,7,807,0,807,251,1058,76.2760
第15任總統副總統,在彰化縣各投開票所,彰化縣,　和美鎮,和西里,0055,37,308,395,740,7,747,0,747,283,1030,72.5243
第15任總統副總統,在彰化縣各投開票所,彰化縣,　和美鎮,四張里,0056,41,274,590,905,9,914,0,914,302,1216,75.1645
第15任總統副總統,在彰化縣各投開票所,彰化縣,　和美鎮,四張里,0057,58,447,563,1068,10,1078,0,1078,385,1463,73.6842
第15任總統副總統,在彰化縣各投開票所,彰化縣,　和美鎮,頭前里,0058,21,217,313,551,7,558,0,558,229,787,70.9022
第15任總統副總統,在彰化縣各投開票所,彰化縣,　和美鎮,頭前里,0059,33,241,313,587,8,595,0,595,232,827,71.9468
第15任總統副總統,在彰化縣各投開票所,彰化縣,　和美鎮,面前里,0060,62,327,592,981,10,991,0,991,347,1338,74.0658
第15任總統副總統,在彰化縣各投開票所,彰化縣,　和美鎮,面前里,0061,26,208,323,557,8,565,0,565,185,750,75.3333
第15任總統副總統,在彰化縣各投開票所,彰化縣,　和美鎮,鎮平里,0062,67,407,594,1068,9,1077,0,1077,340,1417,76.0056
第15任總統副總統,在彰化縣各投開票所,彰化縣,　和美鎮,鎮平里,0063,66,375,609,1050,11,1061,0,1061,307,1368,77.5585
第15任總統副總統,在彰化縣各投開票所,彰化縣,　和美鎮,大霞里,0064,25,168,222,415,5,420,0,420,216,636,66.0377
第15任總統副總統,在彰化縣各投開票所,彰化縣,　和美鎮,大霞里,0065,33,276,271,580,4,584,0,584,195,779,74.9679
第15任總統副總統,在彰化縣各投開票所,彰化縣,　和美鎮,源埤里,0066,27,247,374,648,9,657,0,657,270,927,70.8738
第15任總統副總統,在彰化縣各投開票所,彰化縣,　和美鎮,源埤里,0067,39,254,355,648,7,655,0,655,216,871,75.2009
第15任總統副總統,在彰化縣各投開票所,彰化縣,　和美鎮,南佃里,0068,28,291,515,834,7,841,0,841,273,1114,75.4937
第15任總統副總統,在彰化縣各投開票所,彰化縣,　和美鎮,南佃里,0069,48,301,433,782,16,798,0,798,242,1040,76.7308
第15任總統副總統,在彰化縣各投開票所,彰化縣,　和美鎮,雅溝里,0070,52,308,557,917,14,931,0,931,369,1300,71.6154
第15任總統副總統,在彰化縣各投開票所,彰化縣,　和美鎮,山犁里,0071,33,357,467,857,15,872,0,872,246,1118,77.9964
第15任總統副總統,在彰化縣各投開票所,彰化縣,　和美鎮,山犁里,0072,51,334,540,925,7,932,0,932,305,1237,75.3436
第15任總統副總統,在彰化縣各投開票所,彰化縣,　和美鎮,山犁里,0073,42,359,526,927,13,940,0,940,276,1216,77.3026
第15任總統副總統,在彰化縣各投開票所,彰化縣,　和美鎮,山犁里,0074,48,422,601,1071,17,1088,0,1088,357,1445,75.2941
第15任總統副總統,在彰化縣各投開票所,彰化縣,　和美鎮,仁愛里,0075,59,319,571,949,7,956,0,956,389,1345,71.0781
第15任總統副總統,在彰化縣各投開票所,彰化縣,　和美鎮,仁愛里,0076,50,404,502,956,12,968,0,968,334,1302,74.3472
第15任總統副總統,在彰化縣各投開票所,彰化縣,　和美鎮,嘉犁里,0077,43,326,370,739,4,743,0,743,236,979,75.8938
第15任總統副總統,在彰化縣各投開票所,彰化縣,　和美鎮,嘉犁里,0078,43,285,297,625,4,629,0,629,249,878,71.6401
第15任總統副總統,在彰化縣各投開票所,彰化縣,　和美鎮,詔安里,0079,33,257,420,710,11,721,0,721,266,987,73.0496
第15任總統副總統,在彰化縣各投開票所,彰化縣,　和美鎮,詔安里,0080,22,301,375,698,8,706,0,706,284,990,71.3131
第15任總統副總統,在彰化縣各投開票所,彰化縣,　和美鎮,鐵山里,0081,49,374,564,987,11,998,0,998,279,1277,78.1519
第15任總統副總統,在彰化縣各投開票所,彰化縣,　和美鎮,鐵山里,0082,61,372,550,983,13,996,0,996,309,1305,76.3218
第15任總統副總統,在彰化縣各投開票所,彰化縣,　和美鎮,柑井里,0083,39,270,501,810,21,831,0,831,279,1110,74.8649
第15任總統副總統,在彰化縣各投開票所,彰化縣,　和美鎮,柑井里,0084,42,299,447,788,7,795,0,795,294,1089,73.0028
第15任總統副總統,在彰化縣各投開票所,彰化縣,　和美鎮,柑井里,0085,57,321,494,872,11,883,0,883,284,1167,75.6641
第15任總統副總統,在彰化縣各投開票所,彰化縣,　和美鎮,竹園里,0086,31,209,437,677,12,689,0,689,174,863,79.8378
第15任總統副總統,在彰化縣各投開票所,彰化縣,　和美鎮,新庄里,0087,27,304,461,792,15,807,0,807,278,1085,74.3779
第15任總統副總統,在彰化縣各投開票所,彰化縣,　和美鎮,新庄里,0088,50,428,493,971,16,987,0,987,280,1267,77.9006
第15任總統副總統,在彰化縣各投開票所,彰化縣,　和美鎮,犁盛里,0089,40,278,487,805,17,822,0,822,235,1057,77.7673
第15任總統副總統,在彰化縣各投開票所,彰化縣,　和美鎮,犁盛里,0090,33,327,533,893,11,904,0,904,272,1176,76.8707
第15任總統副總統,在彰化縣各投開票所,彰化縣,　和美鎮,中寮里,0091,45,273,439,757,11,768,0,768,319,1087,70.6532
第15任總統副總統,在彰化縣各投開票所,彰化縣,　和美鎮,中圍里,0092,19,250,398,667,13,680,0,680,217,897,75.8082
第15任總統副總統,在彰化縣各投開票所,彰化縣,　和美鎮,中圍里,0093,26,227,418,671,13,684,1,685,254,939,72.8435
第15任總統副總統,在彰化縣各投開票所,彰化縣,　和美鎮,中圍里,0094,28,265,403,696,12,708,0,708,225,933,75.8842
第15任總統副總統,在彰化縣各投開票所,彰化縣,　和美鎮,糖友里,0095,35,286,392,713,7,720,0,720,232,952,75.6303
第15任總統副總統,在彰化縣各投開票所,彰化縣,　和美鎮,糖友里,0096,43,353,406,802,15,817,0,817,242,1059,77.1483
第15任總統副總統,在彰化縣各投開票所,彰化縣,　和美鎮,糖友里,0097,38,361,471,870,8,878,0,878,217,1095,80.1826
第15任總統副總統,在彰化縣各投開票所,彰化縣,　和美鎮,糖友里,0098,43,293,461,797,4,801,0,801,233,1034,77.4662
第15任總統副總統,在彰化縣各投開票所,彰化縣,　和美鎮,還社里,0099,25,240,340,605,9,614,0,614,213,827,74.2443
第15任總統副總統,在彰化縣各投開票所,彰化縣,　和美鎮,塗厝里,0100,28,261,306,595,8,603,0,603,227,830,72.6506
第15任總統副總統,在彰化縣各投開票所,彰化縣,　和美鎮,塗厝里,0101,28,240,346,614,14,628,0,628,220,848,74.0566
第15任總統副總統,在彰化縣各投開票所,彰化縣,　和美鎮,地潭里,0102,28,267,296,591,11,602,0,602,238,840,71.6667
第15任總統副總統,在彰化縣各投開票所,彰化縣,　和美鎮,湖內里,0103,35,249,608,892,5,897,0,897,294,1191,75.3149
第15任總統副總統,在彰化縣各投開票所,彰化縣,　和美鎮,嘉寶里,0104,37,292,420,749,14,763,0,763,272,1035,73.7198
第15任總統副總統,在彰化縣各投開票所,彰化縣,　和美鎮,嘉寶里,0105,33,208,400,641,5,646,0,646,285,931,69.3878
第15任總統副總統,在彰化縣各投開票所,彰化縣,　和美鎮,月眉里,0106,38,234,433,705,4,709,0,709,278,987,71.8338
第15任總統副總統,在彰化縣各投開票所,彰化縣,　和美鎮,月眉里,0107,36,264,446,746,12,758,0,758,224,982,77.1894
第15任總統副總統,在彰化縣各投開票所,彰化縣,　和美鎮,月眉里,0108,39,253,424,716,12,728,0,728,263,991,73.4612
第15任總統副總統,在彰化縣各投開票所,彰化縣,　和美鎮,好修里,0109,26,186,298,510,6,516,0,516,186,702,73.5043
第15任總統副總統,在彰化縣各投開票所,彰化縣,　和美鎮,好修里,0110,17,208,395,620,7,627,0,627,243,870,72.0690
第15任總統副總統,在彰化縣各投開票所,彰化縣,　線西鄉,線西村,0029,36,336,384,756,11,767,0,767,261,1028,74.6109
第15任總統副總統,在彰化縣各投開票所,彰化縣,　線西鄉,線西村,0030,46,361,426,833,14,847,0,847,277,1124,75.3559
第15任總統副總統,在彰化縣各投開票所,彰化縣,　線西鄉,頂庄村,0031,59,426,388,873,14,887,0,887,332,1219,72.7646
第15任總統副總統,在彰化縣各投開票所,彰化縣,　線西鄉,寓埔村,0032,41,334,417,792,8,800,0,800,325,1125,71.1111
第15任總統副總統,在彰化縣各投開票所,彰化縣,　線西鄉,寓埔村,0033,46,338,426,810,15,825,0,825,271,1096,75.2737
第15任總統副總統,在彰化縣各投開票所,彰化縣,　線西鄉,塭仔村,0034,63,349,510,922,11,933,0,933,301,1234,75.6078
第15任總統副總統,在彰化縣各投開票所,彰化縣,　線西鄉,溝內村,0035,51,327,426,804,11,815,0,815,327,1142,71.3660
第15任總統副總統,在彰化縣各投開票所,彰化縣,　線西鄉,下犁村,0036,29,256,433,718,7,725,0,725,222,947,76.5576
第15任總統副總統,在彰化縣各投開票所,彰化縣,　線西鄉,下犁村,0037,37,268,368,673,6,679,0,679,249,928,73.1681
第15任總統副總統,在彰化縣各投開票所,彰化縣,　線西鄉,頂犁村,0038,45,389,418,852,20,872,0,872,365,1237,70.4931
第15任總統副總統,在彰化縣各投開票所,彰化縣,　線西鄉,頂犁村,0039,60,353,489,902,13,915,0,915,328,1243,73.6122
第15任總統副總統,在彰化縣各投開票所,彰化縣,　線西鄉,德興村,0040,64,422,503,989,19,1008,0,1008,304,1312,76.8293
第15任總統副總統,在彰化縣各投開票所,彰化縣,　伸港鄉,大同村,0001,54,305,475,834,15,849,0,849,296,1145,74.1485
第15任總統副總統,在彰化縣各投開票所,彰化縣,　伸港鄉,大同村,0002,60,316,545,921,16,937,0,937,293,1230,76.1789
第15任總統副總統,在彰化縣各投開票所,彰化縣,　伸港鄉,海尾村,0003,39,287,366,692,7,699,0,699,237,936,74.6795
第15任總統副總統,在彰化縣各投開票所,彰化縣,　伸港鄉,海尾村,0004,16,223,393,632,14,646,0,646,208,854,75.6440
第15任總統副總統,在彰化縣各投開票所,彰化縣,　伸港鄉,全興村,0005,18,304,215,537,7,544,0,544,237,781,69.6543
第15任總統副總統,在彰化縣各投開票所,彰化縣,　伸港鄉,全興村,0006,27,291,275,593,14,607,0,607,243,850,71.4118
第15任總統副總統,在彰化縣各投開票所,彰化縣,　伸港鄉,溪底村,0007,30,214,389,633,16,649,0,649,240,889,73.0034
第15任總統副總統,在彰化縣各投開票所,彰化縣,　伸港鄉,溪底村,0008,33,267,474,774,5,779,0,779,246,1025,76.0000
第15任總統副總統,在彰化縣各投開票所,彰化縣,　伸港鄉,定興村,0009,46,398,531,975,23,998,0,998,330,1328,75.1506
第15任總統副總統,在彰化縣各投開票所,彰化縣,　伸港鄉,定興村,0010,46,333,486,865,17,882,0,882,364,1246,70.7865
第15任總統副總統,在彰化縣各投開票所,彰化縣,　伸港鄉,什股村,0011,36,346,329,711,15,726,0,726,345,1071,67.7871
第15任總統副總統,在彰化縣各投開票所,彰化縣,　伸港鄉,什股村,0012,45,324,411,780,15,795,0,795,313,1108,71.7509
第15任總統副總統,在彰化縣各投開票所,彰化縣,　伸港鄉,泉州村,0013,48,337,407,792,11,803,0,803,251,1054,76.1860
第15任總統副總統,在彰化縣各投開票所,彰化縣,　伸港鄉,泉州村,0014,36,270,332,638,17,655,0,655,225,880,74.4318
第15任總統副總統,在彰化縣各投開票所,彰化縣,　伸港鄉,泉厝村,0015,43,346,537,926,14,940,0,940,284,1224,76.7974
第15任總統副總統,在彰化縣各投開票所,彰化縣,　伸港鄉,曾家村,0016,18,174,413,605,5,610,0,610,230,840,72.6190
第15任總統副總統,在彰化縣各投開票所,彰化縣,　伸港鄉,曾家村,0017,30,248,287,565,10,575,0,575,258,833,69.0276
第15任總統副總統,在彰化縣各投開票所,彰化縣,　伸港鄉,蚵寮村,0018,18,213,579,810,8,818,0,818,282,1100,74.3636
第15任總統副總統,在彰化縣各投開票所,彰化縣,　伸港鄉,新港村,0019,40,396,569,1005,12,1017,0,1017,286,1303,78.0507
第15任總統副總統,在彰化縣各投開票所,彰化縣,　伸港鄉,新港村,0020,48,402,529,979,7,986,0,986,337,1323,74.5276
第15任總統副總統,在彰化縣各投開票所,彰化縣,　伸港鄉,新港村,0021,39,300,462,801,7,808,0,808,318,1126,71.7584
第15任總統副總統,在彰化縣各投開票所,彰化縣,　伸港鄉,新港村,0022,40,341,518,899,9,908,0,908,346,1254,72.4083
第15任總統副總統,在彰化縣各投開票所,彰化縣,　伸港鄉,埤墘村,0023,45,364,622,1031,15,1046,0,1046,319,1365,76.6300
第15任總統副總統,在彰化縣各投開票所,彰化縣,　伸港鄉,七嘉村,0024,29,285,401,715,15,730,0,730,232,962,75.8836
第15任總統副總統,在彰化縣各投開票所,彰化縣,　伸港鄉,七嘉村,0025,34,310,385,729,3,732,0,732,256,988,74.0891
第15任總統副總統,在彰化縣各投開票所,彰化縣,　伸港鄉,七嘉村,0026,47,250,391,688,7,695,0,695,257,952,73.0042
第15任總統副總統,在彰化縣各投開票所,彰化縣,　伸港鄉,汴頭村,0027,33,328,420,781,10,791,1,792,253,1045,75.6938
第15任總統副總統,在彰化縣各投開票所,彰化縣,　伸港鄉,汴頭村,0028,41,319,466,826,11,837,0,837,279,1116,75.0000
第15任總統副總統,在彰化縣各投開票所,彰化縣,　福興鄉,三汴村,0176,46,302,674,1022,11,1033,0,1033,288,1321,78.1983
第15任總統副總統,在彰化縣各投開票所,彰化縣,　福興鄉,萬豐村,0177,27,204,378,609,10,619,0,619,184,803,77.0859
第15任總統副總統,在彰化縣各投開票所,彰化縣,　福興鄉,元中村,0178,37,312,536,885,14,899,0,899,323,1222,73.5679
第15任總統副總統,在彰化縣各投開票所,彰化縣,　福興鄉,外中村,0179,40,243,569,852,12,864,0,864,260,1124,76.8683
第15任總統副總統,在彰化縣各投開票所,彰化縣,　福興鄉,外埔村,0180,56,307,686,1049,14,1063,0,1063,405,1468,72.4114
第15任總統副總統,在彰化縣各投開票所,彰化縣,　福興鄉,大崙村,0181,41,281,557,879,15,894,0,894,314,1208,74.0066
第15任總統副總統,在彰化縣各投開票所,彰化縣,　福興鄉,番婆村,0182,52,365,570,987,16,1003,0,1003,431,1434,69.9442
第15任總統副總統,在彰化縣各投開票所,彰化縣,　福興鄉,番婆村,0183,29,231,401,661,8,669,0,669,270,939,71.2460
第15任總統副總統,在彰化縣各投開票所,彰化縣,　福興鄉,橋頭村,0184,44,288,601,933,19,952,0,952,318,1270,74.9606
第15任總統副總統,在彰化縣各投開票所,彰化縣,　福興鄉,橋頭村,0185,33,352,559,944,13,957,0,957,380,1337,71.5782
第15任總統副總統,在彰化縣各投開票所,彰化縣,　福興鄉,社尾村,0186,46,337,660,1043,14,1057,0,1057,359,1416,74.6469
第15任總統副總統,在彰化縣各投開票所,彰化縣,　福興鄉,番社村,0187,29,249,788,1066,13,1079,0,1079,355,1434,75.2441
第15任總統副總統,在彰化縣各投開票所,彰化縣,　福興鄉,西勢村,0188,26,229,391,646,10,656,0,656,226,882,74.3764
第15任總統副總統,在彰化縣各投開票所,彰化縣,　福興鄉,西勢村,0189,34,260,444,738,12,750,0,750,265,1015,73.8916
第15任總統副總統,在彰化縣各投開票所,彰化縣,　福興鄉,同安村,0190,28,230,455,713,9,722,0,722,286,1008,71.6270
第15任總統副總統,在彰化縣各投開票所,彰化縣,　福興鄉,同安村,0191,44,317,577,938,7,945,0,945,361,1306,72.3583
第15任總統副總統,在彰化縣各投開票所,彰化縣,　福興鄉,秀厝村,0192,33,265,469,767,6,773,0,773,269,1042,74.1843
第15任總統副總統,在彰化縣各投開票所,彰化縣,　福興鄉,秀厝村,0193,46,327,680,1053,12,1065,0,1065,331,1396,76.2894
第15任總統副總統,在彰化縣各投開票所,彰化縣,　福興鄉,福興村,0194,42,288,603,933,13,946,0,946,321,1267,74.6646
第15任總統副總統,在彰化縣各投開票所,彰化縣,　福興鄉,福興村,0195,43,323,526,892,12,904,0,904,312,1216,74.3421
第15任總統副總統,在彰化縣各投開票所,彰化縣,　福興鄉,福興村,0196,44,227,497,768,7,775,0,775,316,1091,71.0357
第15任總統副總統,在彰化縣各投開票所,彰化縣,　福興鄉,福南村,0197,29,280,454,763,8,771,0,771,349,1120,68.8393
第15任總統副總統,在彰化縣各投開票所,彰化縣,　福興鄉,福南村,0198,49,318,559,926,12,938,0,938,425,1363,68.8188
第15任總統副總統,在彰化縣各投開票所,彰化縣,　福興鄉,鎮平村,0199,37,320,437,794,8,802,0,802,338,1140,70.3509
第15任總統副總統,在彰化縣各投開票所,彰化縣,　福興鄉,三和村,0200,23,188,568,779,10,789,0,789,238,1027,76.8257
第15任總統副總統,在彰化縣各投開票所,彰化縣,　福興鄉,二港村,0201,32,367,509,908,10,918,0,918,339,1257,73.0310
第15任總統副總統,在彰化縣各投開票所,彰化縣,　福興鄉,福寶村,0202,35,336,454,825,17,842,0,842,407,1249,67.4139
第15任總統副總統,在彰化縣各投開票所,彰化縣,　福興鄉,頂粘村,0203,22,274,403,699,11,710,0,710,265,975,72.8205
第15任總統副總統,在彰化縣各投開票所,彰化縣,　福興鄉,頂粘村,0204,48,383,471,902,12,914,0,914,349,1263,72.3674
第15任總統副總統,在彰化縣各投開票所,彰化縣,　福興鄉,廈粘村,0205,41,256,354,651,6,657,0,657,235,892,73.6547
第15任總統副總統,在彰化縣各投開票所,彰化縣,　福興鄉,廈粘村,0206,28,253,384,665,3,668,0,668,300,968,69.0083
第15任總統副總統,在彰化縣各投開票所,彰化縣,　福興鄉,麥厝村,0207,26,216,503,745,14,759,0,759,284,1043,72.7709
第15任總統副總統,在彰化縣各投開票所,彰化縣,　福興鄉,麥厝村,0208,26,240,464,730,9,739,0,739,366,1105,66.8778
第15任總統副總統,在彰化縣各投開票所,彰化縣,　秀水鄉,秀水村,0209,21,206,338,565,4,569,0,569,226,795,71.5723
第15任總統副總統,在彰化縣各投開票所,彰化縣,　秀水鄉,秀水村,0210,27,197,428,652,8,660,0,660,174,834,79.1367
第15任總統副總統,在彰化縣各投開票所,彰化縣,　秀水鄉,安溪村,0211,26,264,469,759,8,767,0,767,248,1015,75.5665
第15任總統副總統,在彰化縣各投開票所,彰化縣,　秀水鄉,安溪村,0212,29,254,475,758,9,767,0,767,220,987,77.7102
第15任總統副總統,在彰化縣各投開票所,彰化縣,　秀水鄉,莊雅村,0213,32,258,442,732,7,739,0,739,213,952,77.6261
第15任總統副總統,在彰化縣各投開票所,彰化縣,　秀水鄉,莊雅村,0214,20,232,336,588,11,599,0,599,171,770,77.7922
第15任總統副總統,在彰化縣各投開票所,彰化縣,　秀水鄉,莊雅村,0215,25,284,353,662,6,668,0,668,169,837,79.8088
第15任總統副總統,在彰化縣各投開票所,彰化縣,　秀水鄉,陝西村,0216,22,199,306,527,3,530,0,530,146,676,78.4024
第15任總統副總統,在彰化縣各投開票所,彰化縣,　秀水鄉,陝西村,0217,25,200,271,496,8,504,0,504,196,700,72.0000
第15任總統副總統,在彰化縣各投開票所,彰化縣,　秀水鄉,金興村,0218,27,286,408,721,8,729,0,729,203,932,78.2189
第15任總統副總統,在彰化縣各投開票所,彰化縣,　秀水鄉,金興村,0219,24,270,372,666,7,673,0,673,210,883,76.2174
第15任總統副總統,在彰化縣各投開票所,彰化縣,　秀水鄉,安東村,0220,25,260,360,645,7,652,0,652,200,852,76.5258
第15任總統副總統,在彰化縣各投開票所,彰化縣,　秀水鄉,安東村,0221,26,264,342,632,4,636,0,636,201,837,75.9857
第15任總統副總統,在彰化縣各投開票所,彰化縣,　秀水鄉,安東村,0222,23,267,484,774,8,782,0,782,240,1022,76.5166
第15任總統副總統,在彰化縣各投開票所,彰化縣,　秀水鄉,安東村,0223,34,280,462,776,11,787,0,787,260,1047,75.1671
第15任總統副總統,在彰化縣各投開票所,彰化縣,　秀水鄉,鶴鳴村,0224,27,194,339,560,8,568,0,568,149,717,79.2190
第15任總統副總統,在彰化縣各投開票所,彰化縣,　秀水鄉,鶴鳴村,0225,40,205,527,772,6,778,0,778,209,987,78.8247
第15任總統副總統,在彰化縣各投開票所,彰化縣,　秀水鄉,鶴鳴村,0226,29,193,319,541,6,547,0,547,219,766,71.4099
第15任總統副總統,在彰化縣各投開票所,彰化縣,　秀水鄉,鶴鳴村,0227,28,209,229,466,9,475,0,475,160,635,74.8031
第15任總統副總統,在彰化縣各投開票所,彰化縣,　秀水鄉,馬興村,0228,21,188,334,543,9,552,0,552,168,720,76.6667
第15任總統副總統,在彰化縣各投開票所,彰化縣,　秀水鄉,馬興村,0229,20,183,280,483,6,489,0,489,152,641,76.2871
第15任總統副總統,在彰化縣各投開票所,彰化縣,　秀水鄉,馬興村,0230,41,214,399,654,9,663,0,663,212,875,75.7714
第15任總統副總統,在彰化縣各投開票所,彰化縣,　秀水鄉,義興村,0231,20,183,261,464,7,471,0,471,190,661,71.2557
第15任總統副總統,在彰化縣各投開票所,彰化縣,　秀水鄉,義興村,0232,26,191,296,513,8,521,0,521,202,723,72.0609
第15任總統副總統,在彰化縣各投開票所,彰化縣,　秀水鄉,福安村,0233,35,232,376,643,12,655,0,655,216,871,75.2009
第15任總統副總統,在彰化縣各投開票所,彰化縣,　秀水鄉,福安村,0234,30,206,327,563,12,575,0,575,202,777,74.0026
第15任總統副總統,在彰化縣各投開票所,彰化縣,　秀水鄉,福安村,0235,27,261,321,609,13,622,0,622,176,798,77.9449
第15任總統副總統,在彰化縣各投開票所,彰化縣,　秀水鄉,福安村,0236,38,269,418,725,11,736,0,736,242,978,75.2556
第15任總統副總統,在彰化縣各投開票所,彰化縣,　秀水鄉,福安村,0237,33,241,432,706,7,713,0,713,200,913,78.0942
第15任總統副總統,在彰化縣各投開票所,彰化縣,　秀水鄉,埔崙村,0238,35,196,403,634,10,644,0,644,172,816,78.9216
第15任總統副總統,在彰化縣各投開票所,彰化縣,　秀水鄉,埔崙村,0239,44,326,463,833,11,844,0,844,215,1059,79.6978
第15任總統副總統,在彰化縣各投開票所,彰化縣,　秀水鄉,曾厝村,0240,25,236,391,652,6,658,0,658,205,863,76.2457
第15任總統副總統,在彰化縣各投開票所,彰化縣,　秀水鄉,曾厝村,0241,28,223,353,604,2,606,0,606,169,775,78.1935
第15任總統副總統,在彰化縣各投開票所,彰化縣,　秀水鄉,金陵村,0242,30,182,361,573,11,584,0,584,169,753,77.5564
第15任總統副總統,在彰化縣各投開票所,彰化縣,　秀水鄉,金陵村,0243,25,211,445,681,5,686,0,686,215,901,76.1376
第15任總統副總統,在彰化縣各投開票所,彰化縣,　秀水鄉,下崙村,0244,20,195,288,503,10,513,0,513,160,673,76.2259
第15任總統副總統,在彰化縣各投開票所,彰化縣,　秀水鄉,下崙村,0245,29,172,367,568,13,581,0,581,149,730,79.5890
第15任總統副總統,在彰化縣各投開票所,彰化縣,　秀水鄉,下崙村,0246,19,128,314,461,4,465,0,465,171,636,73.1132
第15任總統副總統,在彰化縣各投開票所,彰化縣,　花壇鄉,花壇村,0434,30,244,380,654,10,664,0,664,198,862,77.0302
第15任總統副總統,在彰化縣各投開票所,彰化縣,　花壇鄉,花壇村,0435,35,321,415,771,10,781,0,781,203,984,79.3699
第15任總統副總統,在彰化縣各投開票所,彰化縣,　花壇鄉,花壇村,0436,44,344,575,963,15,978,0,978,297,1275,76.7059
第15任總統副總統,在彰化縣各投開票所,彰化縣,　花壇鄉,金墩村,0437,15,230,343,588,12,600,0,600,180,780,76.9231
第15任總統副總統,在彰化縣各投開票所,彰化縣,　花壇鄉,金墩村,0438,39,289,421,749,5,754,0,754,221,975,77.3333
第15任總統副總統,在彰化縣各投開票所,彰化縣,　花壇鄉,中庄村,0439,40,342,465,847,8,855,0,855,243,1098,77.8689
第15任總統副總統,在彰化縣各投開票所,彰化縣,　花壇鄉,中庄村,0440,37,433,430,900,9,909,0,909,292,1201,75.6869
第15任總統副總統,在彰化縣各投開票所,彰化縣,　花壇鄉,崙雅村,0441,52,350,627,1029,19,1048,0,1048,336,1384,75.7225
第15任總統副總統,在彰化縣各投開票所,彰化縣,　花壇鄉,劉厝村,0442,37,269,537,843,16,859,0,859,197,1056,81.3447
第15任總統副總統,在彰化縣各投開票所,彰化縣,　花壇鄉,南口村,0443,30,272,388,690,12,702,0,702,190,892,78.6996
第15任總統副總統,在彰化縣各投開票所,彰化縣,　花壇鄉,南口村,0444,21,322,397,740,12,752,0,752,219,971,77.4459
第15任總統副總統,在彰化縣各投開票所,彰化縣,　花壇鄉,北口村,0445,34,301,467,802,13,815,0,815,253,1068,76.3109
第15任總統副總統,在彰化縣各投開票所,彰化縣,　花壇鄉,北口村,0446,23,182,308,513,7,520,0,520,177,697,74.6055
第15任總統副總統,在彰化縣各投開票所,彰化縣,　花壇鄉,中口村,0447,19,207,320,546,8,554,0,554,194,748,74.0642
第15任總統副總統,在彰化縣各投開票所,彰化縣,　花壇鄉,文德村,0448,35,264,402,701,6,707,0,707,247,954,74.1090
第15任總統副總統,在彰化縣各投開票所,彰化縣,　花壇鄉,文德村,0449,41,251,397,689,9,698,0,698,234,932,74.8927
第15任總統副總統,在彰化縣各投開票所,彰化縣,　花壇鄉,文德村,0450,48,335,449,832,15,847,0,847,247,1094,77.4223
第15任總統副總統,在彰化縣各投開票所,彰化縣,　花壇鄉,白沙村,0451,39,360,434,833,7,840,0,840,265,1105,76.0181
第15任總統副總統,在彰化縣各投開票所,彰化縣,　花壇鄉,白沙村,0452,34,383,349,766,10,776,0,776,301,1077,72.0520
第15任總統副總統,在彰化縣各投開票所,彰化縣,　花壇鄉,白沙村,0453,53,372,512,937,14,951,0,951,274,1225,77.6327
第15任總統副總統,在彰化縣各投開票所,彰化縣,　花壇鄉,白沙村,0454,35,316,476,827,9,836,0,836,231,1067,78.3505
第15任總統副總統,在彰化縣各投開票所,彰化縣,　花壇鄉,岩竹村,0455,44,372,541,957,15,972,0,972,319,1291,75.2905
第15任總統副總統,在彰化縣各投開票所,彰化縣,　花壇鄉,長沙村,0456,35,349,435,819,14,833,0,833,276,1109,75.1127
第15任總統副總統,在彰化縣各投開票所,彰化縣,　花壇鄉,長沙村,0457,38,338,519,895,10,905,0,905,298,1203,75.2286
第15任總統副總統,在彰化縣各投開票所,彰化縣,　花壇鄉,長沙村,0458,47,409,489,945,15,960,0,960,260,1220,78.6885
第15任總統副總統,在彰化縣各投開票所,彰化縣,　花壇鄉,長沙村,0459,36,386,502,924,9,933,1,934,257,1191,78.3375
第15任總統副總統,在彰化縣各投開票所,彰化縣,　花壇鄉,橋頭村,0460,49,350,427,826,6,832,0,832,300,1132,73.4982
第15任總統副總統,在彰化縣各投開票所,彰化縣,　花壇鄉,橋頭村,0461,54,300,389,743,8,751,0,751,248,999,75.1752
第15任總統副總統,在彰化縣各投開票所,彰化縣,　花壇鄉,橋頭村,0462,39,324,431,794,13,807,0,807,264,1071,75.3501
第15任總統副總統,在彰化縣各投開票所,彰化縣,　花壇鄉,灣雅村,0463,41,306,327,674,6,680,0,680,203,883,77.0102
第15任總統副總統,在彰化縣各投開票所,彰化縣,　花壇鄉,灣東村,0464,36,279,366,681,4,685,0,685,234,919,74.5375
第15任總統副總統,在彰化縣各投開票所,彰化縣,　花壇鄉,三春村,0465,35,299,379,713,6,719,0,719,241,960,74.8958
第15任總統副總統,在彰化縣各投開票所,彰化縣,　花壇鄉,三春村,0466,24,260,375,659,6,665,0,665,234,899,73.9711
第15任總統副總統,在彰化縣各投開票所,彰化縣,　花壇鄉,永春村,0467,31,283,318,632,10,642,0,642,285,927,69.2557
第15任總統副總統,在彰化縣各投開票所,彰化縣,　花壇鄉,永春村,0468,46,312,335,693,2,695,0,695,248,943,73.7010
第15任總統副總統,在彰化縣各投開票所,彰化縣,　花壇鄉,長春村,0469,31,277,338,646,10,656,0,656,221,877,74.8005
第15任總統副總統,在彰化縣各投開票所,彰化縣,　花壇鄉,長春村,0470,25,197,261,483,6,489,0,489,202,691,70.7670
第15任總統副總統,在彰化縣各投開票所,彰化縣,　芬園鄉,舊社村,0471,26,267,394,687,9,696,0,696,234,930,74.8387
第15任總統副總統,在彰化縣各投開票所,彰化縣,　芬園鄉,舊社村,0472,32,190,322,544,10,554,0,554,224,778,71.2082
第15任總統副總統,在彰化縣各投開票所,彰化縣,　芬園鄉,大埔村,0473,26,204,283,513,9,522,0,522,154,676,77.2189
第15任總統副總統,在彰化縣各投開票所,彰化縣,　芬園鄉,大埔村,0474,35,207,296,538,10,548,0,548,148,696,78.7356
第15任總統副總統,在彰化縣各投開票所,彰化縣,　芬園鄉,竹林村,0475,31,248,425,704,8,712,0,712,190,902,78.9357
第15任總統副總統,在彰化縣各投開票所,彰化縣,　芬園鄉,竹林村,0476,39,245,330,614,8,622,0,622,183,805,77.2671
第15任總統副總統,在彰化縣各投開票所,彰化縣,　芬園鄉,楓坑村,0477,25,157,239,421,5,426,0,426,134,560,76.0714
第15任總統副總統,在彰化縣各投開票所,彰化縣,　芬園鄉,社口村,0478,40,352,494,886,16,902,0,902,293,1195,75.4812
第15任總統副總統,在彰化縣各投開票所,彰化縣,　芬園鄉,社口村,0479,39,351,502,892,10,902,0,902,304,1206,74.7927
第15任總統副總統,在彰化縣各投開票所,彰化縣,　芬園鄉,茄荖村,0480,33,325,485,843,12,855,0,855,303,1158,73.8342
第15任總統副總統,在彰化縣各投開票所,彰化縣,　芬園鄉,茄荖村,0481,42,289,540,871,6,877,0,877,254,1131,77.5420
第15任總統副總統,在彰化縣各投開票所,彰化縣,　芬園鄉,嘉興村,0482,40,266,455,761,11,772,0,772,245,1017,75.9095
第15任總統副總統,在彰化縣各投開票所,彰化縣,　芬園鄉,嘉興村,0483,23,208,221,452,9,461,0,461,118,579,79.6200
第15任總統副總統,在彰化縣各投開票所,彰化縣,　芬園鄉,芬園村,0484,30,230,389,649,5,654,0,654,193,847,77.2137
第15任總統副總統,在彰化縣各投開票所,彰化縣,　芬園鄉,縣庄村,0485,44,255,536,835,10,845,0,845,258,1103,76.6092
第15任總統副總統,在彰化縣各投開票所,彰化縣,　芬園鄉,圳墘村,0486,17,162,296,475,10,485,0,485,163,648,74.8457
第15任總統副總統,在彰化縣各投開票所,彰化縣,　芬園鄉,溪頭村,0487,26,205,390,621,11,632,0,632,176,808,78.2178
第15任總統副總統,在彰化縣各投開票所,彰化縣,　芬園鄉,溪頭村,0488,19,197,398,614,11,625,0,625,196,821,76.1267
第15任總統副總統,在彰化縣各投開票所,彰化縣,　芬園鄉,進芬村,0489,32,279,379,690,10,700,0,700,244,944,74.1525
第15任總統副總統,在彰化縣各投開票所,彰化縣,　芬園鄉,同安村,0490,20,271,547,838,13,851,0,851,291,1142,74.5184
第15任總統副總統,在彰化縣各投開票所,彰化縣,　芬園鄉,中崙村,0491,27,202,360,589,7,596,0,596,242,838,71.1217
第15任總統副總統,在彰化縣各投開票所,彰化縣,　芬園鄉,大竹村,0492,36,194,482,712,8,720,0,720,234,954,75.4717
第15任總統副總統,在彰化縣各投開票所,彰化縣,　員林市,崙雅里,0823,42,394,331,767,8,775,0,775,266,1041,74.4476
第15任總統副總統,在彰化縣各投開票所,彰化縣,　員林市,崙雅里,0824,26,386,545,957,11,968,0,968,323,1291,74.9806
第15任總統副總統,在彰化縣各投開票所,彰化縣,　員林市,振興里,0825,47,378,541,966,11,977,0,977,331,1308,74.6942
第15任總統副總統,在彰化縣各投開票所,彰化縣,　員林市,振興里,0826,46,414,487,947,14,961,0,961,336,1297,74.0941
第15任總統副總統,在彰化縣各投開票所,彰化縣,　員林市,林厝里,0827,40,258,437,735,8,743,0,743,263,1006,73.8569
第15任總統副總統,在彰化縣各投開票所,彰化縣,　員林市,林厝里,0828,34,264,378,676,8,684,0,684,245,929,73.6276
第15任總統副總統,在彰化縣各投開票所,彰化縣,　員林市,林厝里,0829,29,173,332,534,5,539,0,539,202,741,72.7395
第15任總統副總統,在彰化縣各投開票所,彰化縣,　員林市,出水里,0830,29,194,352,575,3,578,0,578,209,787,73.4435
第15任總統副總統,在彰化縣各投開票所,彰化縣,　員林市,出水里,0831,20,188,370,578,5,583,0,583,227,810,71.9753
第15任總統副總統,在彰化縣各投開票所,彰化縣,　員林市,湖水里,0832,36,259,525,820,19,839,0,839,302,1141,73.5320
第15任總統副總統,在彰化縣各投開票所,彰化縣,　員林市,大峯里,0833,15,266,235,516,5,521,0,521,163,684,76.1696
第15任總統副總統,在彰化縣各投開票所,彰化縣,　員林市,鎮興里,0834,26,301,463,790,13,803,0,803,284,1087,73.8730
第15任總統副總統,在彰化縣各投開票所,彰化縣,　員林市,鎮興里,0835,21,220,374,615,13,628,0,628,228,856,73.3645
第15任總統副總統,在彰化縣各投開票所,彰化縣,　員林市,浮圳里,0836,37,300,455,792,15,807,0,807,267,1074,75.1397
第15任總統副總統,在彰化縣各投開票所,彰化縣,　員林市,浮圳里,0837,37,309,438,784,12,796,0,796,259,1055,75.4502
第15任總統副總統,在彰化縣各投開票所,彰化縣,　員林市,西東里,0838,31,195,435,661,9,670,0,670,288,958,69.9374
第15任總統副總統,在彰化縣各投開票所,彰化縣,　員林市,西東里,0839,33,235,424,692,14,706,0,706,243,949,74.3941
第15任總統副總統,在彰化縣各投開票所,彰化縣,　員林市,南東里,0840,35,263,418,716,15,731,0,731,230,961,76.0666
第15任總統副總統,在彰化縣各投開票所,彰化縣,　員林市,南東里,0841,14,207,315,536,7,543,0,543,213,756,71.8254
第15任總統副總統,在彰化縣各投開票所,彰化縣,　員林市,中東里,0842,31,264,314,609,8,617,0,617,236,853,72.3329
第15任總統副總統,在彰化縣各投開票所,彰化縣,　員林市,中東里,0843,32,233,359,624,9,633,0,633,228,861,73.5192
第15任總統副總統,在彰化縣各投開票所,彰化縣,　員林市,東北里,0844,29,278,458,765,13,778,0,778,278,1056,73.6742
第15任總統副總統,在彰化縣各投開票所,彰化縣,　員林市,東北里,0845,33,331,483,847,7,854,0,854,329,1183,72.1893
第15任總統副總統,在彰化縣各投開票所,彰化縣,　員林市,東和里,0846,32,342,410,784,10,794,0,794,245,1039,76.4196
第15任總統副總統,在彰化縣各投開票所,彰化縣,　員林市,民生里,0847,41,268,335,644,10,654,0,654,246,900,72.6667
第15任總統副總統,在彰化縣各投開票所,彰化縣,　員林市,民生里,0848,29,247,385,661,6,667,0,667,248,915,72.8962
第15任總統副總統,在彰化縣各投開票所,彰化縣,　員林市,民生里,0849,21,294,354,669,8,677,0,677,196,873,77.5487
第15任總統副總統,在彰化縣各投開票所,彰化縣,　員林市,黎明里,0850,23,222,350,595,11,606,0,606,238,844,71.8009
第15任總統副總統,在彰化縣各投開票所,彰化縣,　員林市,黎明里,0851,40,270,401,711,4,715,0,715,249,964,74.1701
第15任總統副總統,在彰化縣各投開票所,彰化縣,　員林市,惠來里,0852,31,297,452,780,10,790,0,790,261,1051,75.1665
第15任總統副總統,在彰化縣各投開票所,彰化縣,　員林市,惠來里,0853,40,328,467,835,4,839,0,839,235,1074,78.1192
第15任總統副總統,在彰化縣各投開票所,彰化縣,　員林市,惠來里,0854,32,275,473,780,8,788,0,788,281,1069,73.7138
第15任總統副總統,在彰化縣各投開票所,彰化縣,　員林市,惠來里,0855,42,363,558,963,19,982,0,982,263,1245,78.8755
第15任總統副總統,在彰化縣各投開票所,彰化縣,　員林市,惠來里,0856,31,323,453,807,10,817,0,817,254,1071,76.2838
第15任總統副總統,在彰化縣各投開票所,彰化縣,　員林市,中央里,0857,29,324,413,766,6,772,0,772,250,1022,75.5382
第15任總統副總統,在彰化縣各投開票所,彰化縣,　員林市,中央里,0858,27,212,409,648,7,655,0,655,198,853,76.7878
第15任總統副總統,在彰化縣各投開票所,彰化縣,　員林市,溝皂里,0859,53,324,520,897,7,904,0,904,271,1175,76.9362
第15任總統副總統,在彰化縣各投開票所,彰化縣,　員林市,溝皂里,0860,45,374,498,917,7,924,0,924,222,1146,80.6283
第15任總統副總統,在彰化縣各投開票所,彰化縣,　員林市,大饒里,0861,26,302,398,726,9,735,0,735,236,971,75.6952
第15任總統副總統,在彰化縣各投開票所,彰化縣,　員林市,大饒里,0862,34,308,391,733,7,740,0,740,244,984,75.2033
第15任總統副總統,在彰化縣各投開票所,彰化縣,　員林市,大饒里,0863,43,363,480,886,9,895,0,895,302,1197,74.7703
第15任總統副總統,在彰化縣各投開票所,彰化縣,　員林市,大明里,0864,38,352,610,1000,3,1003,0,1003,290,1293,77.5715
第15任總統副總統,在彰化縣各投開票所,彰化縣,　員林市,大明里,0865,33,270,448,751,11,762,0,762,301,1063,71.6839
第15任總統副總統,在彰化縣各投開票所,彰化縣,　員林市,萬年里,0866,26,225,346,597,8,605,0,605,217,822,73.6010
第15任總統副總統,在彰化縣各投開票所,彰化縣,　員林市,萬年里,0867,35,359,408,802,7,809,0,809,239,1048,77.1947
第15任總統副總統,在彰化縣各投開票所,彰化縣,　員林市,萬年里,0868,26,243,373,642,5,647,0,647,210,857,75.4959
第15任總統副總統,在彰化縣各投開票所,彰化縣,　員林市,萬年里,0869,29,303,309,641,14,655,0,655,152,807,81.1648
第15任總統副總統,在彰化縣各投開票所,彰化縣,　員林市,中正里,0870,26,244,332,602,11,613,0,613,227,840,72.9762
第15任總統副總統,在彰化縣各投開票所,彰化縣,　員林市,中正里,0871,41,372,456,869,10,879,0,879,276,1155,76.1039
第15任總統副總統,在彰化縣各投開票所,彰化縣,　員林市,中正里,0872,47,353,418,818,8,826,0,826,253,1079,76.5524
第15任總統副總統,在彰化縣各投開票所,彰化縣,　員林市,仁美里,0873,30,238,337,605,7,612,0,612,195,807,75.8364
第15任總統副總統,在彰化縣各投開票所,彰化縣,　員林市,仁美里,0874,19,293,351,663,9,672,0,672,202,874,76.8879
第15任總統副總統,在彰化縣各投開票所,彰化縣,　員林市,仁美里,0875,19,262,338,619,5,624,0,624,188,812,76.8473
第15任總統副總統,在彰化縣各投開票所,彰化縣,　員林市,新興里,0876,20,205,313,538,8,546,0,546,155,701,77.8887
第15任總統副總統,在彰化縣各投開票所,彰化縣,　員林市,和平里,0877,30,263,327,620,7,627,0,627,231,858,73.0769
第15任總統副總統,在彰化縣各投開票所,彰化縣,　員林市,和平里,0878,31,281,356,668,8,676,0,676,191,867,77.9700
第15任總統副總統,在彰化縣各投開票所,彰化縣,　員林市,和平里,0879,26,318,419,763,6,769,0,769,245,1014,75.8383
第15任總統副總統,在彰化縣各投開票所,彰化縣,　員林市,光明里,0880,28,252,355,635,3,638,0,638,144,782,81.5857
第15任總統副總統,在彰化縣各投開票所,彰化縣,　員林市,中山里,0881,18,197,242,457,5,462,0,462,110,572,80.7692
第15任總統副總統,在彰化縣各投開票所,彰化縣,　員林市,三條里,0882,45,362,561,968,17,985,0,985,316,1301,75.7110
第15任總統副總統,在彰化縣各投開票所,彰化縣,　員林市,三條里,0883,49,394,555,998,11,1009,0,1009,308,1317,76.6135
第15任總統副總統,在彰化縣各投開票所,彰化縣,　員林市,忠孝里,0884,42,314,469,825,6,831,0,831,263,1094,75.9598
第15任總統副總統,在彰化縣各投開票所,彰化縣,　員林市,忠孝里,0885,34,325,411,770,12,782,0,782,251,1033,75.7018
第15任總統副總統,在彰化縣各投開票所,彰化縣,　員林市,仁愛里,0886,33,217,308,558,8,566,0,566,150,716,79.0503
第15任總統副總統,在彰化縣各投開票所,彰化縣,　員林市,仁愛里,0887,22,185,275,482,5,487,0,487,114,601,81.0316
第15任總統副總統,在彰化縣各投開票所,彰化縣,　員林市,三和里,0888,36,337,475,848,14,862,0,862,251,1113,77.4483
第15任總統副總統,在彰化縣各投開票所,彰化縣,　員林市,三和里,0889,30,226,328,584,2,586,0,586,249,835,70.1796
第15任總統副總統,在彰化縣各投開票所,彰化縣,　員林市,三和里,0890,36,317,455,808,8,816,0,816,288,1104,73.9130
第15任總統副總統,在彰化縣各投開票所,彰化縣,　員林市,三和里,0891,23,300,424,747,10,757,0,757,403,1160,65.2586
第15任總統副總統,在彰化縣各投開票所,彰化縣,　員林市,三和里,0892,33,295,338,666,17,683,0,683,224,907,75.3032
第15任總統副總統,在彰化縣各投開票所,彰化縣,　員林市,三和里,0893,32,261,374,667,7,674,0,674,210,884,76.2443
第15任總統副總統,在彰化縣各投開票所,彰化縣,　員林市,三橋里,0894,33,255,415,703,10,713,0,713,225,938,76.0128
第15任總統副總統,在彰化縣各投開票所,彰化縣,　員林市,三橋里,0895,43,300,372,715,11,726,0,726,214,940,77.2340
第15任總統副總統,在彰化縣各投開票所,彰化縣,　員林市,三橋里,0896,47,266,387,700,6,706,0,706,211,917,76.9902
第15任總統副總統,在彰化縣各投開票所,彰化縣,　員林市,三愛里,0897,30,288,418,736,7,743,0,743,220,963,77.1547
第15任總統副總統,在彰化縣各投開票所,彰化縣,　員林市,三愛里,0898,23,272,392,687,7,694,0,694,178,872,79.5872
第15任總統副總統,在彰化縣各投開票所,彰化縣,　員林市,三愛里,0899,33,312,397,742,3,745,0,745,226,971,76.7250
第15任總統副總統,在彰化縣各投開票所,彰化縣,　員林市,三信里,0900,43,419,475,937,11,948,0,948,243,1191,79.5970
第15任總統副總統,在彰化縣各投開票所,彰化縣,　員林市,三信里,0901,23,342,427,792,11,803,0,803,231,1034,77.6596
第15任總統副總統,在彰化縣各投開票所,彰化縣,　員林市,三多里,0902,58,413,532,1003,9,1012,0,1012,314,1326,76.3198
第15任總統副總統,在彰化縣各投開票所,彰化縣,　員林市,三多里,0903,42,312,535,889,11,900,0,900,174,1074,83.7989
第15任總統副總統,在彰化縣各投開票所,彰化縣,　員林市,三義里,0904,35,327,457,819,14,833,0,833,280,1113,74.8428
第15任總統副總統,在彰化縣各投開票所,彰化縣,　員林市,三義里,0905,52,403,542,997,16,1013,0,1013,351,1364,74.2669
第15任總統副總統,在彰化縣各投開票所,彰化縣,　員林市,新生里,0906,48,363,606,1017,12,1029,0,1029,300,1329,77.4266
第15任總統副總統,在彰化縣各投開票所,彰化縣,　員林市,新生里,0907,28,289,450,767,18,785,0,785,263,1048,74.9046
第15任總統副總統,在彰化縣各投開票所,彰化縣,　員林市,新生里,0908,30,250,347,627,5,632,0,632,157,789,80.1014
第15任總統副總統,在彰化縣各投開票所,彰化縣,　員林市,新生里,0909,35,286,332,653,8,661,0,661,198,859,76.9499
第15任總統副總統,在彰化縣各投開票所,彰化縣,　員林市,南平里,0910,39,353,486,878,4,882,0,882,281,1163,75.8383
第15任總統副總統,在彰化縣各投開票所,彰化縣,　員林市,南平里,0911,52,367,608,1027,9,1036,0,1036,298,1334,77.6612
第15任總統副總統,在彰化縣各投開票所,彰化縣,　員林市,南平里,0912,35,478,630,1143,18,1161,0,1161,344,1505,77.1429
第15任總統副總統,在彰化縣各投開票所,彰化縣,　員林市,南平里,0913,33,309,484,826,8,834,0,834,200,1034,80.6576
第15任總統副總統,在彰化縣各投開票所,彰化縣,　員林市,南興里,0914,47,384,604,1035,13,1048,0,1048,300,1348,77.7448
第15任總統副總統,在彰化縣各投開票所,彰化縣,　員林市,南興里,0915,41,336,439,816,10,826,0,826,253,1079,76.5524
第15任總統副總統,在彰化縣各投開票所,彰化縣,　員林市,南興里,0916,28,365,327,720,12,732,0,732,237,969,75.5418
第15任總統副總統,在彰化縣各投開票所,彰化縣,　員林市,南興里,0917,37,299,400,736,11,747,0,747,311,1058,70.6049
第15任總統副總統,在彰化縣各投開票所,彰化縣,　員林市,源潭里,0918,33,212,398,643,7,650,0,650,190,840,77.3810
第15任總統副總統,在彰化縣各投開票所,彰化縣,　員林市,源潭里,0919,32,201,351,584,10,594,0,594,217,811,73.2429
第15任總統副總統,在彰化縣各投開票所,彰化縣,　員林市,大埔里,0920,36,307,446,789,12,801,0,801,261,1062,75.4237
第15任總統副總統,在彰化縣各投開票所,彰化縣,　員林市,大埔里,0921,42,272,438,752,12,764,0,764,275,1039,73.5322
第15任總統副總統,在彰化縣各投開票所,彰化縣,　溪湖鎮,光平里,0601,41,361,493,895,7,902,0,902,280,1182,76.3113
第15任總統副總統,在彰化縣各投開票所,彰化縣,　溪湖鎮,平和里,0602,18,208,274,500,8,508,0,508,97,605,83.9669
第15任總統副總統,在彰化縣各投開票所,彰化縣,　溪湖鎮,太平里,0603,30,249,313,592,5,597,0,597,199,796,75.0000
第15任總統副總統,在彰化縣各投開票所,彰化縣,　溪湖鎮,太平里,0604,33,330,353,716,8,724,0,724,231,955,75.8115
第15任總統副總統,在彰化縣各投開票所,彰化縣,　溪湖鎮,光華里,0605,19,150,154,323,7,330,0,330,83,413,79.9031
第15任總統副總統,在彰化縣各投開票所,彰化縣,　溪湖鎮,湖東里,0606,23,243,458,724,16,740,0,740,313,1053,70.2754
第15任總統副總統,在彰化縣各投開票所,彰化縣,　溪湖鎮,湖東里,0607,40,340,461,841,10,851,0,851,284,1135,74.9780
第15任總統副總統,在彰化縣各投開票所,彰化縣,　溪湖鎮,湖東里,0608,30,338,476,844,11,855,0,855,285,1140,75.0000
第15任總統副總統,在彰化縣各投開票所,彰化縣,　溪湖鎮,湖東里,0609,41,347,519,907,12,919,0,919,280,1199,76.6472
第15任總統副總統,在彰化縣各投開票所,彰化縣,　溪湖鎮,中山里,0610,33,331,428,792,10,802,0,802,301,1103,72.7108
第15任總統副總統,在彰化縣各投開票所,彰化縣,　溪湖鎮,中山里,0611,41,322,464,827,4,831,0,831,309,1140,72.8947
第15任總統副總統,在彰化縣各投開票所,彰化縣,　溪湖鎮,西溪里,0612,31,222,366,619,7,626,0,626,241,867,72.2030
第15任總統副總統,在彰化縣各投開票所,彰化縣,　溪湖鎮,西溪里,0613,38,284,364,686,4,690,0,690,221,911,75.7409
第15任總統副總統,在彰化縣各投開票所,彰化縣,　溪湖鎮,中竹里,0614,25,218,380,623,6,629,0,629,188,817,76.9890
第15任總統副總統,在彰化縣各投開票所,彰化縣,　溪湖鎮,東寮里,0615,28,331,402,761,7,768,0,768,289,1057,72.6585
第15任總統副總統,在彰化縣各投開票所,彰化縣,　溪湖鎮,東寮里,0616,48,321,422,791,6,797,0,797,278,1075,74.1395
第15任總統副總統,在彰化縣各投開票所,彰化縣,　溪湖鎮,東寮里,0617,42,334,382,758,13,771,0,771,315,1086,70.9945
第15任總統副總統,在彰化縣各投開票所,彰化縣,　溪湖鎮,西寮里,0618,32,379,436,847,12,859,0,859,315,1174,73.1687
第15任總統副總統,在彰化縣各投開票所,彰化縣,　溪湖鎮,西寮里,0619,33,284,398,715,14,729,0,729,207,936,77.8846
第15任總統副總統,在彰化縣各投開票所,彰化縣,　溪湖鎮,大突里,0620,34,364,432,830,11,841,0,841,295,1136,74.0317
第15任總統副總統,在彰化縣各投開票所,彰化縣,　溪湖鎮,大突里,0621,32,315,385,732,6,738,0,738,260,998,73.9479
第15任總統副總統,在彰化縣各投開票所,彰化縣,　溪湖鎮,大突里,0622,42,379,439,860,15,875,0,875,272,1147,76.2860
第15任總統副總統,在彰化縣各投開票所,彰化縣,　溪湖鎮,北勢里,0623,46,363,594,1003,10,1013,0,1013,360,1373,73.7800
第15任總統副總統,在彰化縣各投開票所,彰化縣,　溪湖鎮,汴頭里,0624,23,260,439,722,8,730,0,730,271,1001,72.9271
第15任總統副總統,在彰化縣各投開票所,彰化縣,　溪湖鎮,汴頭里,0625,24,297,403,724,11,735,0,735,247,982,74.8473
第15任總統副總統,在彰化縣各投開票所,彰化縣,　溪湖鎮,汴頭里,0626,29,283,379,691,11,702,0,702,227,929,75.5651
第15任總統副總統,在彰化縣各投開票所,彰化縣,　溪湖鎮,大竹里,0627,39,401,486,926,11,937,0,937,322,1259,74.4241
第15任總統副總統,在彰化縣各投開票所,彰化縣,　溪湖鎮,大竹里,0628,39,360,453,852,11,863,0,863,311,1174,73.5094
第15任總統副總統,在彰化縣各投開票所,彰化縣,　溪湖鎮,湖西里,0629,44,396,509,949,9,958,0,958,305,1263,75.8511
第15任總統副總統,在彰化縣各投開票所,彰化縣,　溪湖鎮,湖西里,0630,22,309,355,686,5,691,0,691,255,946,73.0444
第15任總統副總統,在彰化縣各投開票所,彰化縣,　溪湖鎮,田中里,0631,20,217,358,595,10,605,0,605,198,803,75.3425
第15任總統副總統,在彰化縣各投開票所,彰化縣,　溪湖鎮,河東里,0632,32,252,365,649,12,661,0,661,244,905,73.0387
第15任總統副總統,在彰化縣各投開票所,彰化縣,　溪湖鎮,河東里,0633,28,256,352,636,6,642,0,642,228,870,73.7931
第15任總統副總統,在彰化縣各投開票所,彰化縣,　溪湖鎮,頂庄里,0634,29,185,248,462,5,467,0,467,158,625,74.7200
第15任總統副總統,在彰化縣各投開票所,彰化縣,　溪湖鎮,忠覺里,0635,35,379,485,899,17,916,0,916,312,1228,74.5928
第15任總統副總統,在彰化縣各投開票所,彰化縣,　溪湖鎮,湳底里,0636,25,200,292,517,5,522,0,522,162,684,76.3158
第15任總統副總統,在彰化縣各投開票所,彰化縣,　溪湖鎮,大庭里,0637,36,427,515,978,18,996,0,996,349,1345,74.0520
第15任總統副總統,在彰化縣各投開票所,彰化縣,　溪湖鎮,媽厝里,0638,23,283,519,825,15,840,0,840,367,1207,69.5940
第15任總統副總統,在彰化縣各投開票所,彰化縣,　溪湖鎮,番婆里,0639,31,263,389,683,12,695,0,695,268,963,72.1703
第15任總統副總統,在彰化縣各投開票所,彰化縣,　溪湖鎮,番婆里,0640,36,206,289,531,12,543,0,543,195,738,73.5772
第15任總統副總統,在彰化縣各投開票所,彰化縣,　溪湖鎮,西勢里,0641,42,259,450,751,13,764,0,764,312,1076,71.0037
第15任總統副總統,在彰化縣各投開票所,彰化縣,　溪湖鎮,西勢里,0642,41,265,459,765,8,773,0,773,289,1062,72.7872
第15任總統副總統,在彰化縣各投開票所,彰化縣,　溪湖鎮,東溪里,0643,56,284,652,992,11,1003,0,1003,337,1340,74.8507
第15任總統副總統,在彰化縣各投開票所,彰化縣,　田中鎮,香山里,1019,11,217,350,578,4,582,0,582,248,830,70.1205
第15任總統副總統,在彰化縣各投開票所,彰化縣,　田中鎮,碧峰里,1020,20,337,336,693,21,714,0,714,359,1073,66.5424
第15任總統副總統,在彰化縣各投開票所,彰化縣,　田中鎮,東源里,1021,24,222,291,537,4,541,0,541,208,749,72.2296
第15任總統副總統,在彰化縣各投開票所,彰化縣,　田中鎮,復興里,1022,19,240,273,532,11,543,0,543,226,769,70.6112
第15任總統副總統,在彰化縣各投開票所,彰化縣,　田中鎮,復興里,1023,25,238,254,517,6,523,0,523,213,736,71.0598
第15任總統副總統,在彰化縣各投開票所,彰化縣,　田中鎮,平和里,1024,24,227,267,518,8,526,0,526,199,725,72.5517
第15任總統副總統,在彰化縣各投開票所,彰化縣,　田中鎮,平和里,1025,25,213,266,504,8,512,0,512,212,724,70.7182
第15任總統副總統,在彰化縣各投開票所,彰化縣,　田中鎮,頂潭里,1026,21,365,535,921,11,932,0,932,310,1242,75.0403
第15任總統副總統,在彰化縣各投開票所,彰化縣,　田中鎮,新庄里,1027,23,295,397,715,3,718,0,718,281,999,71.8719
第15任總統副總統,在彰化縣各投開票所,彰化縣,　田中鎮,新庄里,1028,34,422,560,1016,7,1023,0,1023,294,1317,77.6765
第15任總統副總統,在彰化縣各投開票所,彰化縣,　田中鎮,中潭里,1029,21,224,367,612,12,624,0,624,197,821,76.0049
第15任總統副總統,在彰化縣各投開票所,彰化縣,　田中鎮,中潭里,1030,29,264,366,659,9,668,0,668,229,897,74.4705
第15任總統副總統,在彰化縣各投開票所,彰化縣,　田中鎮,龍潭里,1031,17,147,272,436,2,438,0,438,143,581,75.3873
第15任總統副總統,在彰化縣各投開票所,彰化縣,　田中鎮,北路里,1032,28,341,412,781,4,785,0,785,252,1037,75.6991
第15任總統副總統,在彰化縣各投開票所,彰化縣,　田中鎮,北路里,1033,25,361,452,838,9,847,0,847,276,1123,75.4230
第15任總統副總統,在彰化縣各投開票所,彰化縣,　田中鎮,北路里,1034,39,378,409,826,3,829,0,829,242,1071,77.4043
第15任總統副總統,在彰化縣各投開票所,彰化縣,　田中鎮,西路里,1035,35,368,515,918,16,934,0,934,338,1272,73.4277
第15任總統副總統,在彰化縣各投開票所,彰化縣,　田中鎮,西路里,1036,30,312,476,818,7,825,0,825,235,1060,77.8302
第15任總統副總統,在彰化縣各投開票所,彰化縣,　田中鎮,東路里,1037,32,290,454,776,10,786,0,786,260,1046,75.1434
第15任總統副總統,在彰化縣各投開票所,彰化縣,　田中鎮,南路里,1038,33,334,472,839,7,846,0,846,254,1100,76.9091
第15任總統副總統,在彰化縣各投開票所,彰化縣,　田中鎮,中路里,1039,37,367,462,866,9,875,0,875,286,1161,75.3661
第15任總統副總統,在彰化縣各投開票所,彰化縣,　田中鎮,中路里,1040,19,263,269,551,10,561,0,561,195,756,74.2063
第15任總統副總統,在彰化縣各投開票所,彰化縣,　田中鎮,梅州里,1041,32,310,566,908,18,926,0,926,311,1237,74.8585
第15任總統副總統,在彰化縣各投開票所,彰化縣,　田中鎮,三安里,1042,15,224,381,620,9,629,0,629,226,855,73.5673
第15任總統副總統,在彰化縣各投開票所,彰化縣,　田中鎮,三安里,1043,19,192,297,508,7,515,0,515,188,703,73.2575
第15任總統副總統,在彰化縣各投開票所,彰化縣,　田中鎮,大崙里,1044,38,347,527,912,11,923,0,923,380,1303,70.8365
第15任總統副總統,在彰化縣各投開票所,彰化縣,　田中鎮,沙崙里,1045,27,195,368,590,6,596,0,596,262,858,69.4639
第15任總統副總統,在彰化縣各投開票所,彰化縣,　田中鎮,沙崙里,1046,28,226,366,620,5,625,0,625,250,875,71.4286
第15任總統副總統,在彰化縣各投開票所,彰化縣,　田中鎮,新民里,1047,40,324,401,765,10,775,0,775,244,1019,76.0550
第15任總統副總統,在彰化縣各投開票所,彰化縣,　田中鎮,新民里,1048,31,254,431,716,3,719,0,719,272,991,72.5530
第15任總統副總統,在彰化縣各投開票所,彰化縣,　田中鎮,新民里,1049,33,299,449,781,5,786,0,786,230,1016,77.3622
第15任總統副總統,在彰化縣各投開票所,彰化縣,　田中鎮,新民里,1050,31,320,439,790,10,800,0,800,228,1028,77.8210
第15任總統副總統,在彰化縣各投開票所,彰化縣,　田中鎮,三民里,1051,21,225,280,526,6,532,0,532,209,741,71.7949
第15任總統副總統,在彰化縣各投開票所,彰化縣,　田中鎮,三民里,1052,23,241,294,558,8,566,0,566,216,782,72.3785
第15任總統副總統,在彰化縣各投開票所,彰化縣,　田中鎮,三光里,1053,38,248,384,670,6,676,0,676,244,920,73.4783
第15任總統副總統,在彰化縣各投開票所,彰化縣,　田中鎮,大社里,1054,35,214,395,644,6,650,0,650,227,877,74.1163
第15任總統副總統,在彰化縣各投開票所,彰化縣,　大村鄉,大村村,0794,25,277,336,638,9,647,0,647,295,942,68.6837
第15任總統副總統,在彰化縣各投開票所,彰化縣,　大村鄉,大村村,0795,38,267,466,771,12,783,0,783,195,978,80.0613
第15任總統副總統,在彰化縣各投開票所,彰化縣,　大村鄉,大村村,0796,49,360,510,919,9,928,0,928,258,1186,78.2462
第15任總統副總統,在彰化縣各投開票所,彰化縣,　大村鄉,茄苳村,0797,29,232,325,586,8,594,0,594,187,781,76.0563
第15任總統副總統,在彰化縣各投開票所,彰化縣,　大村鄉,茄苳村,0798,12,194,339,545,10,555,0,555,153,708,78.3898
第15任總統副總統,在彰化縣各投開票所,彰化縣,　大村鄉,田洋村,0799,29,312,461,802,7,809,0,809,282,1091,74.1522
第15任總統副總統,在彰化縣各投開票所,彰化縣,　大村鄉,貢旗村,0800,22,177,296,495,2,497,0,497,147,644,77.1739
第15任總統副總統,在彰化縣各投開票所,彰化縣,　大村鄉,貢旗村,0801,29,221,367,617,8,625,0,625,203,828,75.4831
第15任總統副總統,在彰化縣各投開票所,彰化縣,　大村鄉,南勢村,0802,38,371,677,1086,6,1092,0,1092,322,1414,77.2277
第15任總統副總統,在彰化縣各投開票所,彰化縣,　大村鄉,大橋村,0803,24,279,301,604,7,611,0,611,187,798,76.5664
第15任總統副總統,在彰化縣各投開票所,彰化縣,　大村鄉,大橋村,0804,31,350,470,851,10,861,0,861,290,1151,74.8045
第15任總統副總統,在彰化縣各投開票所,彰化縣,　大村鄉,加錫村,0805,54,374,649,1077,14,1091,0,1091,337,1428,76.4006
第15任總統副總統,在彰化縣各投開票所,彰化縣,　大村鄉,大崙村,0806,25,194,325,544,9,553,0,553,218,771,71.7250
第15任總統副總統,在彰化縣各投開票所,彰化縣,　大村鄉,大崙村,0807,20,170,379,569,4,573,0,573,211,784,73.0867
第15任總統副總統,在彰化縣各投開票所,彰化縣,　大村鄉,新興村,0808,45,267,505,817,8,825,0,825,290,1115,73.9910
第15任總統副總統,在彰化縣各投開票所,彰化縣,　大村鄉,擺塘村,0809,42,318,539,899,5,904,0,904,317,1221,74.0377
第15任總統副總統,在彰化縣各投開票所,彰化縣,　大村鄉,擺塘村,0810,33,302,568,903,9,912,0,912,310,1222,74.6318
第15任總統副總統,在彰化縣各投開票所,彰化縣,　大村鄉,過溝村,0811,61,478,533,1072,7,1079,0,1079,319,1398,77.1817
第15任總統副總統,在彰化縣各投開票所,彰化縣,　大村鄉,過溝村,0812,52,433,587,1072,11,1083,0,1083,310,1393,77.7459
第15任總統副總統,在彰化縣各投開票所,彰化縣,　大村鄉,村上村,0813,43,419,569,1031,9,1040,0,1040,335,1375,75.6364
第15任總統副總統,在彰化縣各投開票所,彰化縣,　大村鄉,美港村,0814,27,280,419,726,7,733,0,733,239,972,75.4115
第15任總統副總統,在彰化縣各投開票所,彰化縣,　大村鄉,美港村,0815,35,274,429,738,8,746,0,746,257,1003,74.3769
第15任總統副總統,在彰化縣各投開票所,彰化縣,　大村鄉,美港村,0816,36,256,402,694,11,705,0,705,249,954,73.8994
第15任總統副總統,在彰化縣各投開票所,彰化縣,　大村鄉,黃厝村,0817,43,260,440,743,13,756,0,756,287,1043,72.4832
第15任總統副總統,在彰化縣各投開票所,彰化縣,　大村鄉,黃厝村,0818,38,329,491,858,3,861,0,861,350,1211,71.0983
第15任總統副總統,在彰化縣各投開票所,彰化縣,　大村鄉,福興村,0819,43,216,447,706,9,715,0,715,269,984,72.6626
第15任總統副總統,在彰化縣各投開票所,彰化縣,　大村鄉,福興村,0820,32,286,435,753,6,759,0,759,289,1048,72.4237
第15任總統副總統,在彰化縣各投開票所,彰化縣,　大村鄉,平和村,0821,29,284,539,852,16,868,0,868,287,1155,75.1515
第15任總統副總統,在彰化縣各投開票所,彰化縣,　大村鄉,平和村,0822,44,318,516,878,12,890,0,890,376,1266,70.3002
第15任總統副總統,在彰化縣各投開票所,彰化縣,　埔鹽鄉,埔鹽村,0570,35,281,371,687,9,696,0,696,230,926,75.1620
第15任總統副總統,在彰化縣各投開票所,彰化縣,　埔鹽鄉,埔鹽村,0571,31,248,280,559,5,564,0,564,169,733,76.9441
第15任總統副總統,在彰化縣各投開票所,彰化縣,　埔鹽鄉,埔南村,0572,19,251,292,562,2,564,0,564,180,744,75.8065
第15任總統副總統,在彰化縣各投開票所,彰化縣,　埔鹽鄉,埔南村,0573,31,240,313,584,8,592,0,592,186,778,76.0925
第15任總統副總統,在彰化縣各投開票所,彰化縣,　埔鹽鄉,廍子村,0574,46,471,423,940,16,956,0,956,284,1240,77.0968
第15任總統副總統,在彰化縣各投開票所,彰化縣,　埔鹽鄉,出水村,0575,35,307,326,668,12,680,0,680,201,881,77.1850
第15任總統副總統,在彰化縣各投開票所,彰化縣,　埔鹽鄉,南港村,0576,37,265,365,667,7,674,0,674,188,862,78.1903
第15任總統副總統,在彰化縣各投開票所,彰化縣,　埔鹽鄉,南港村,0577,29,254,287,570,11,581,0,581,218,799,72.7159
第15任總統副總統,在彰化縣各投開票所,彰化縣,　埔鹽鄉,打廉村,0578,46,229,387,662,18,680,0,680,242,922,73.7527
第15任總統副總統,在彰化縣各投開票所,彰化縣,　埔鹽鄉,豐澤村,0579,51,396,481,928,17,945,0,945,360,1305,72.4138
第15任總統副總統,在彰化縣各投開票所,彰化縣,　埔鹽鄉,崑崙村,0580,31,331,428,790,14,804,0,804,269,1073,74.9301
第15任總統副總統,在彰化縣各投開票所,彰化縣,　埔鹽鄉,角樹村,0581,25,228,264,517,2,519,0,519,142,661,78.5174
第15任總統副總統,在彰化縣各投開票所,彰化縣,　埔鹽鄉,瓦磘村,0582,49,368,461,878,8,886,0,886,306,1192,74.3289
第15任總統副總統,在彰化縣各投開票所,彰化縣,　埔鹽鄉,好修村,0583,30,270,264,564,5,569,0,569,246,815,69.8160
第15任總統副總統,在彰化縣各投開票所,彰化縣,　埔鹽鄉,好修村,0584,38,274,321,633,5,638,0,638,247,885,72.0904
第15任總統副總統,在彰化縣各投開票所,彰化縣,　埔鹽鄉,西湖村,0585,21,236,330,587,11,598,0,598,261,859,69.6158
第15任總統副總統,在彰化縣各投開票所,彰化縣,　埔鹽鄉,西湖村,0586,38,409,390,837,14,851,0,851,290,1141,74.5837
第15任總統副總統,在彰化縣各投開票所,彰化縣,　埔鹽鄉,大有村,0587,49,299,510,858,11,869,0,869,310,1179,73.7065
第15任總統副總統,在彰化縣各投開票所,彰化縣,　埔鹽鄉,新興村,0588,13,181,116,310,4,314,0,314,98,412,76.2136
第15任總統副總統,在彰化縣各投開票所,彰化縣,　埔鹽鄉,永平村,0589,23,342,394,759,12,771,0,771,300,1071,71.9888
第15任總統副總統,在彰化縣各投開票所,彰化縣,　埔鹽鄉,永樂村,0590,30,251,330,611,11,622,0,622,218,840,74.0476
第15任總統副總統,在彰化縣各投開票所,彰化縣,　埔鹽鄉,石埤村,0591,16,180,325,521,7,528,0,528,196,724,72.9282
第15任總統副總統,在彰化縣各投開票所,彰化縣,　埔鹽鄉,石埤村,0592,25,152,302,479,9,488,0,488,200,688,70.9302
第15任總統副總統,在彰化縣各投開票所,彰化縣,　埔鹽鄉,天盛村,0593,24,301,293,618,5,623,0,623,203,826,75.4237
第15任總統副總統,在彰化縣各投開票所,彰化縣,　埔鹽鄉,太平村,0594,25,265,283,573,7,580,0,580,217,797,72.7729
第15任總統副總統,在彰化縣各投開票所,彰化縣,　埔鹽鄉,太平村,0595,20,216,248,484,2,486,0,486,180,666,72.9730
第15任總統副總統,在彰化縣各投開票所,彰化縣,　埔鹽鄉,新水村,0596,21,276,201,498,6,504,0,504,202,706,71.3881
第15任總統副總統,在彰化縣各投開票所,彰化縣,　埔鹽鄉,新水村,0597,25,321,238,584,6,590,0,590,196,786,75.0636
第15任總統副總統,在彰化縣各投開票所,彰化縣,　埔鹽鄉,三省村,0598,28,242,229,499,11,510,0,510,172,682,74.7801
第15任總統副總統,在彰化縣各投開票所,彰化縣,　埔鹽鄉,三省村,0599,12,209,244,465,3,468,0,468,193,661,70.8018
第15任總統副總統,在彰化縣各投開票所,彰化縣,　埔鹽鄉,南新村,0600,45,475,439,959,12,971,0,971,334,1305,74.4061
第15任總統副總統,在彰化縣各投開票所,彰化縣,　埔心鄉,東門村,0644,29,329,496,854,11,865,0,865,239,1104,78.3514
第15任總統副總統,在彰化縣各投開票所,彰化縣,　埔心鄉,東門村,0645,38,297,520,855,7,862,0,862,312,1174,73.4242
第15任總統副總統,在彰化縣各投開票所,彰化縣,　埔心鄉,東門村,0646,41,383,535,959,19,978,0,978,261,1239,78.9346
第15任總統副總統,在彰化縣各投開票所,彰化縣,　埔心鄉,埔心村,0647,48,306,541,895,8,903,0,903,300,1203,75.0623
第15任總統副總統,在彰化縣各投開票所,彰化縣,　埔心鄉,義民村,0648,33,256,384,673,7,680,0,680,217,897,75.8082
第15任總統副總統,在彰化縣各投開票所,彰化縣,　埔心鄉,義民村,0649,17,195,266,478,4,482,0,482,127,609,79.1461
第15任總統副總統,在彰化縣各投開票所,彰化縣,　埔心鄉,油車村,0650,34,377,518,929,8,937,0,937,280,1217,76.9926
第15任總統副總統,在彰化縣各投開票所,彰化縣,　埔心鄉,瓦北村,0651,18,149,283,450,6,456,0,456,145,601,75.8735
第15任總統副總統,在彰化縣各投開票所,彰化縣,　埔心鄉,瓦北村,0652,32,269,515,816,8,824,0,824,282,1106,74.5027
第15任總統副總統,在彰化縣各投開票所,彰化縣,　埔心鄉,瓦中村,0653,43,238,485,766,9,775,0,775,267,1042,74.3762
第15任總統副總統,在彰化縣各投開票所,彰化縣,　埔心鄉,瓦中村,0654,40,215,398,653,15,668,0,668,240,908,73.5683
第15任總統副總統,在彰化縣各投開票所,彰化縣,　埔心鄉,瓦南村,0655,21,179,372,572,4,576,0,576,182,758,75.9894
第15任總統副總統,在彰化縣各投開票所,彰化縣,　埔心鄉,瓦南村,0656,30,166,296,492,3,495,0,495,143,638,77.5862
第15任總統副總統,在彰化縣各投開票所,彰化縣,　埔心鄉,經口村,0657,56,338,569,963,10,973,0,973,330,1303,74.6738
第15任總統副總統,在彰化縣各投開票所,彰化縣,　埔心鄉,經口村,0658,41,188,488,717,13,730,0,730,236,966,75.5694
第15任總統副總統,在彰化縣各投開票所,彰化縣,　埔心鄉,太平村,0659,33,237,416,686,8,694,0,694,234,928,74.7845
第15任總統副總統,在彰化縣各投開票所,彰化縣,　埔心鄉,太平村,0660,46,264,425,735,11,746,0,746,281,1027,72.6388
第15任總統副總統,在彰化縣各投開票所,彰化縣,　埔心鄉,大華村,0661,20,183,284,487,7,494,0,494,145,639,77.3083
第15任總統副總統,在彰化縣各投開票所,彰化縣,　埔心鄉,仁里村,0662,46,324,470,840,17,857,0,857,337,1194,71.7755
第15任總統副總統,在彰化縣各投開票所,彰化縣,　埔心鄉,舊舘村,0663,34,193,341,568,3,571,0,571,180,751,76.0320
第15任總統副總統,在彰化縣各投開票所,彰化縣,　埔心鄉,舊舘村,0664,32,189,325,546,7,553,0,553,186,739,74.8309
第15任總統副總統,在彰化縣各投開票所,彰化縣,　埔心鄉,南舘村,0665,26,246,490,762,7,769,0,769,264,1033,74.4434
第15任總統副總統,在彰化縣各投開票所,彰化縣,　埔心鄉,新舘村,0666,40,226,388,654,9,663,0,663,276,939,70.6070
第15任總統副總統,在彰化縣各投開票所,彰化縣,　埔心鄉,芎蕉村,0667,37,199,412,648,10,658,0,658,234,892,73.7668
第15任總統副總統,在彰化縣各投開票所,彰化縣,　埔心鄉,芎蕉村,0668,27,218,432,677,9,686,0,686,213,899,76.3070
第15任總統副總統,在彰化縣各投開票所,彰化縣,　埔心鄉,羅厝村,0669,15,150,317,482,5,487,0,487,182,669,72.7952
第15任總統副總統,在彰化縣各投開票所,彰化縣,　埔心鄉,羅厝村,0670,15,149,303,467,3,470,0,470,167,637,73.7834
第15任總統副總統,在彰化縣各投開票所,彰化縣,　埔心鄉,梧鳳村,0671,31,205,411,647,7,654,0,654,233,887,73.7317
第15任總統副總統,在彰化縣各投開票所,彰化縣,　埔心鄉,二重村,0672,37,326,662,1025,16,1041,0,1041,336,1377,75.5991
第15任總統副總統,在彰化縣各投開票所,彰化縣,　埔心鄉,埤霞村,0673,20,204,307,531,7,538,0,538,194,732,73.4973
第15任總統副總統,在彰化縣各投開票所,彰化縣,　埔心鄉,埤脚村,0674,37,270,376,683,4,687,0,687,217,904,75.9956
第15任總統副總統,在彰化縣各投開票所,彰化縣,　永靖鄉,浮圳村,0922,40,327,471,838,15,853,0,853,341,1194,71.4405
第15任總統副總統,在彰化縣各投開票所,彰化縣,　永靖鄉,東寧村,0923,28,230,407,665,5,670,0,670,212,882,75.9637
第15任總統副總統,在彰化縣各投開票所,彰化縣,　永靖鄉,東寧村,0924,30,237,422,689,11,700,0,700,291,991,70.6357
第15任總統副總統,在彰化縣各投開票所,彰化縣,　永靖鄉,光雲村,0925,20,159,314,493,3,496,0,496,189,685,72.4088
第15任總統副總統,在彰化縣各投開票所,彰化縣,　永靖鄉,光雲村,0926,39,211,419,669,5,674,0,674,226,900,74.8889
第15任總統副總統,在彰化縣各投開票所,彰化縣,　永靖鄉,五汴村,0927,21,147,334,502,10,512,0,512,142,654,78.2875
第15任總統副總統,在彰化縣各投開票所,彰化縣,　永靖鄉,五汴村,0928,23,167,346,536,2,538,0,538,182,720,74.7222
第15任總統副總統,在彰化縣各投開票所,彰化縣,　永靖鄉,永興村,0929,16,179,337,532,7,539,0,539,181,720,74.8611
第15任總統副總統,在彰化縣各投開票所,彰化縣,　永靖鄉,永興村,0930,29,280,304,613,5,618,0,618,197,815,75.8282
第15任總統副總統,在彰化縣各投開票所,彰化縣,　永靖鄉,崙子村,0931,38,327,601,966,17,983,0,983,372,1355,72.5461
第15任總統副總統,在彰化縣各投開票所,彰化縣,　永靖鄉,永東村,0932,23,250,325,598,4,602,0,602,172,774,77.7778
第15任總統副總統,在彰化縣各投開票所,彰化縣,　永靖鄉,永西村,0933,21,173,321,515,9,524,0,524,148,672,77.9762
第15任總統副總統,在彰化縣各投開票所,彰化縣,　永靖鄉,永西村,0934,27,228,333,588,6,594,0,594,188,782,75.9591
第15任總統副總統,在彰化縣各投開票所,彰化縣,　永靖鄉,永南村,0935,34,299,421,754,15,769,0,769,246,1015,75.7635
第15任總統副總統,在彰化縣各投開票所,彰化縣,　永靖鄉,永南村,0936,31,223,357,611,9,620,0,620,189,809,76.6378
第15任總統副總統,在彰化縣各投開票所,彰化縣,　永靖鄉,永北村,0937,34,291,481,806,10,816,0,816,228,1044,78.1609
第15任總統副總統,在彰化縣各投開票所,彰化縣,　永靖鄉,永北村,0938,36,288,452,776,9,785,0,785,236,1021,76.8854
第15任總統副總統,在彰化縣各投開票所,彰化縣,　永靖鄉,港西村,0939,37,224,390,651,11,662,0,662,255,917,72.1919
第15任總統副總統,在彰化縣各投開票所,彰化縣,　永靖鄉,港西村,0940,19,212,361,592,6,598,0,598,175,773,77.3609
第15任總統副總統,在彰化縣各投開票所,彰化縣,　永靖鄉,五福村,0941,35,242,319,596,2,598,0,598,174,772,77.4611
第15任總統副總統,在彰化縣各投開票所,彰化縣,　永靖鄉,五福村,0942,14,172,285,471,2,473,0,473,163,636,74.3711
第15任總統副總統,在彰化縣各投開票所,彰化縣,　永靖鄉,湳港村,0943,37,202,480,719,15,734,0,734,256,990,74.1414
第15任總統副總統,在彰化縣各投開票所,彰化縣,　永靖鄉,新莊村,0944,32,327,399,758,8,766,0,766,242,1008,75.9921
第15任總統副總統,在彰化縣各投開票所,彰化縣,　永靖鄉,瑚璉村,0945,53,389,585,1027,19,1046,0,1046,299,1345,77.7695
第15任總統副總統,在彰化縣各投開票所,彰化縣,　永靖鄉,瑚璉村,0946,39,354,518,911,6,917,0,917,275,1192,76.9295
第15任總統副總統,在彰化縣各投開票所,彰化縣,　永靖鄉,獨鰲村,0947,19,224,377,620,12,632,0,632,200,832,75.9615
第15任總統副總統,在彰化縣各投開票所,彰化縣,　永靖鄉,敦厚村,0948,32,228,309,569,13,582,0,582,107,689,84.4702
第15任總統副總統,在彰化縣各投開票所,彰化縣,　永靖鄉,崙美村,0949,17,186,359,562,7,569,0,569,168,737,77.2049
第15任總統副總統,在彰化縣各投開票所,彰化縣,　永靖鄉,同安村,0950,12,194,283,489,5,494,0,494,146,640,77.1875
第15任總統副總統,在彰化縣各投開票所,彰化縣,　永靖鄉,同仁村,0951,29,239,341,609,8,617,0,617,209,826,74.6973
第15任總統副總統,在彰化縣各投開票所,彰化縣,　永靖鄉,湳墘村,0952,29,225,342,596,14,610,0,610,201,811,75.2158
第15任總統副總統,在彰化縣各投開票所,彰化縣,　永靖鄉,四芳村,0953,19,197,273,489,8,497,0,497,143,640,77.6563
第15任總統副總統,在彰化縣各投開票所,彰化縣,　永靖鄉,福興村,0954,32,320,398,750,17,767,0,767,287,1054,72.7704
第15任總統副總統,在彰化縣各投開票所,彰化縣,　永靖鄉,竹子村,0955,31,266,642,939,8,947,0,947,343,1290,73.4109
第15任總統副總統,在彰化縣各投開票所,彰化縣,　社頭鄉,社頭村,0956,22,158,389,569,12,581,0,581,191,772,75.2591
第15任總統副總統,在彰化縣各投開票所,彰化縣,　社頭鄉,社頭村,0957,25,263,422,710,8,718,0,718,248,966,74.3271
第15任總統副總統,在彰化縣各投開票所,彰化縣,　社頭鄉,社頭村,0958,35,235,456,726,11,737,0,737,208,945,77.9894
第15任總統副總統,在彰化縣各投開票所,彰化縣,　社頭鄉,廣興村,0959,29,243,425,697,3,700,0,700,263,963,72.6895
第15任總統副總統,在彰化縣各投開票所,彰化縣,　社頭鄉,廣興村,0960,40,261,472,773,13,786,0,786,263,1049,74.9285
第15任總統副總統,在彰化縣各投開票所,彰化縣,　社頭鄉,廣興村,0961,33,307,558,898,15,913,0,913,269,1182,77.2420
第15任總統副總統,在彰化縣各投開票所,彰化縣,　社頭鄉,廣興村,0962,25,293,528,846,10,856,0,856,306,1162,73.6661
第15任總統副總統,在彰化縣各投開票所,彰化縣,　社頭鄉,東興村,0963,23,216,294,533,3,536,0,536,177,713,75.1753
第15任總統副總統,在彰化縣各投開票所,彰化縣,　社頭鄉,東興村,0964,22,201,297,520,3,523,0,523,186,709,73.7659
第15任總統副總統,在彰化縣各投開票所,彰化縣,　社頭鄉,松竹村,0965,24,261,464,749,6,755,0,755,244,999,75.5756
第15任總統副總統,在彰化縣各投開票所,彰化縣,　社頭鄉,舊社村,0966,26,172,457,655,11,666,0,666,184,850,78.3529
第15任總統副總統,在彰化縣各投開票所,彰化縣,　社頭鄉,舊社村,0967,25,197,303,525,4,529,0,529,178,707,74.8232
第15任總統副總統,在彰化縣各投開票所,彰化縣,　社頭鄉,廣福村,0968,28,252,408,688,14,702,0,702,193,895,78.4358
第15任總統副總統,在彰化縣各投開票所,彰化縣,　社頭鄉,橋頭村,0969,26,242,487,755,5,760,0,760,198,958,79.3319
第15任總統副總統,在彰化縣各投開票所,彰化縣,　社頭鄉,橋頭村,0970,29,275,462,766,13,779,0,779,255,1034,75.3385
第15任總統副總統,在彰化縣各投開票所,彰化縣,　社頭鄉,新厝村,0971,21,201,306,528,8,536,0,536,177,713,75.1753
第15任總統副總統,在彰化縣各投開票所,彰化縣,　社頭鄉,新厝村,0972,25,167,303,495,8,503,0,503,152,655,76.7939
第15任總統副總統,在彰化縣各投開票所,彰化縣,　社頭鄉,張厝村,0973,52,319,554,925,7,932,0,932,277,1209,77.0885
第15任總統副總統,在彰化縣各投開票所,彰化縣,　社頭鄉,湳底村,0974,20,173,352,545,6,551,0,551,174,725,76.0000
第15任總統副總統,在彰化縣各投開票所,彰化縣,　社頭鄉,湳底村,0975,33,199,403,635,9,644,0,644,243,887,72.6043
第15任總統副總統,在彰化縣各投開票所,彰化縣,　社頭鄉,仁雅村,0976,18,217,304,539,6,545,0,545,146,691,78.8712
第15任總統副總統,在彰化縣各投開票所,彰化縣,　社頭鄉,仁雅村,0977,34,259,358,651,7,658,0,658,204,862,76.3341
第15任總統副總統,在彰化縣各投開票所,彰化縣,　社頭鄉,仁雅村,0978,37,332,477,846,12,858,0,858,252,1110,77.2973
第15任總統副總統,在彰化縣各投開票所,彰化縣,　社頭鄉,里仁村,0979,33,276,420,729,11,740,0,740,210,950,77.8947
第15任總統副總統,在彰化縣各投開票所,彰化縣,　社頭鄉,美雅村,0980,40,368,508,916,16,932,0,932,291,1223,76.2061
第15任總統副總統,在彰化縣各投開票所,彰化縣,　社頭鄉,崙雅村,0981,27,265,351,643,18,661,0,661,237,898,73.6080
第15任總統副總統,在彰化縣各投開票所,彰化縣,　社頭鄉,清水村,0982,37,395,429,861,11,872,0,872,308,1180,73.8983
第15任總統副總統,在彰化縣各投開票所,彰化縣,　社頭鄉,山湖村,0983,25,284,568,877,9,886,0,886,245,1131,78.3378
第15任總統副總統,在彰化縣各投開票所,彰化縣,　社頭鄉,埤斗村,0984,41,227,425,693,7,700,0,700,251,951,73.6067
第15任總統副總統,在彰化縣各投開票所,彰化縣,　社頭鄉,仁和村,0985,21,209,277,507,15,522,0,522,180,702,74.3590
第15任總統副總統,在彰化縣各投開票所,彰化縣,　社頭鄉,平和村,0986,38,275,411,724,8,732,0,732,234,966,75.7764
第15任總統副總統,在彰化縣各投開票所,彰化縣,　社頭鄉,協和村,0987,36,319,467,822,10,832,0,832,249,1081,76.9658
第15任總統副總統,在彰化縣各投開票所,彰化縣,　社頭鄉,協和村,0988,39,222,480,741,8,749,0,749,295,1044,71.7433
第15任總統副總統,在彰化縣各投開票所,彰化縣,　社頭鄉,泰安村,0989,32,301,392,725,7,732,0,732,230,962,76.0915
第15任總統副總統,在彰化縣各投開票所,彰化縣,　社頭鄉,朝興村,0990,37,331,484,852,9,861,0,861,196,1057,81.4570
第15任總統副總統,在彰化縣各投開票所,彰化縣,　社頭鄉,龍井村,0991,32,205,362,599,7,606,0,606,208,814,74.4472
第15任總統副總統,在彰化縣各投開票所,彰化縣,　社頭鄉,湳雅村,0992,30,174,344,548,11,559,0,559,195,754,74.1379
第15任總統副總統,在彰化縣各投開票所,彰化縣,　社頭鄉,湳雅村,0993,25,160,313,498,13,511,0,511,187,698,73.2092
第15任總統副總統,在彰化縣各投開票所,彰化縣,　二水鄉,復興村,1055,31,242,464,737,15,752,0,752,228,980,76.7347
第15任總統副總統,在彰化縣各投開票所,彰化縣,　二水鄉,十五村,1056,14,185,271,470,10,480,0,480,181,661,72.6172
第15任總統副總統,在彰化縣各投開票所,彰化縣,　二水鄉,合和村,1057,30,239,338,607,7,614,0,614,218,832,73.7981
第15任總統副總統,在彰化縣各投開票所,彰化縣,　二水鄉,上豊村,1058,25,283,385,693,15,708,0,708,219,927,76.3754
第15任總統副總統,在彰化縣各投開票所,彰化縣,　二水鄉,過圳村,1059,16,187,251,454,3,457,0,457,143,600,76.1667
第15任總統副總統,在彰化縣各投開票所,彰化縣,　二水鄉,五伯村,1060,14,195,266,475,5,480,0,480,134,614,78.1759
第15任總統副總統,在彰化縣各投開票所,彰化縣,　二水鄉,文化村,1061,17,358,345,720,1,721,0,721,221,942,76.5393
第15任總統副總統,在彰化縣各投開票所,彰化縣,　二水鄉,光化村,1062,20,287,389,696,8,704,0,704,199,903,77.9623
第15任總統副總統,在彰化縣各投開票所,彰化縣,　二水鄉,聖化村,1063,10,162,150,322,5,327,0,327,105,432,75.6944
第15任總統副總統,在彰化縣各投開票所,彰化縣,　二水鄉,二水村,1064,24,267,302,593,6,599,0,599,190,789,75.9189
第15任總統副總統,在彰化縣各投開票所,彰化縣,　二水鄉,惠民村,1065,24,214,365,603,7,610,0,610,198,808,75.4950
第15任總統副總統,在彰化縣各投開票所,彰化縣,　二水鄉,裕民村,1066,44,245,420,709,9,718,0,718,268,986,72.8195
第15任總統副總統,在彰化縣各投開票所,彰化縣,　二水鄉,大園村,1067,16,173,363,552,10,562,0,562,200,762,73.7533
第15任總統副總統,在彰化縣各投開票所,彰化縣,　二水鄉,修仁村,1068,16,246,295,557,10,567,0,567,193,760,74.6053
第15任總統副總統,在彰化縣各投開票所,彰化縣,　二水鄉,合興村,1069,13,186,284,483,5,488,0,488,169,657,74.2770
第15任總統副總統,在彰化縣各投開票所,彰化縣,　二水鄉,源泉村,1070,16,214,248,478,6,484,0,484,125,609,79.4745
第15任總統副總統,在彰化縣各投開票所,彰化縣,　二水鄉,倡和村,1071,14,161,221,396,6,402,0,402,149,551,72.9583
第15任總統副總統,在彰化縣各投開票所,彰化縣,　北斗鎮,中寮里,0735,31,209,406,646,8,654,0,654,237,891,73.4007
第15任總統副總統,在彰化縣各投開票所,彰化縣,　北斗鎮,中寮里,0736,28,206,396,630,12,642,0,642,218,860,74.6512
第15任總統副總統,在彰化縣各投開票所,彰化縣,　北斗鎮,中寮里,0737,25,206,384,615,9,624,0,624,217,841,74.1974
第15任總統副總統,在彰化縣各投開票所,彰化縣,　北斗鎮,大道里,0738,39,275,505,819,13,832,0,832,222,1054,78.9374
第15任總統副總統,在彰化縣各投開票所,彰化縣,　北斗鎮,大道里,0739,24,166,419,609,6,615,0,615,171,786,78.2443
第15任總統副總統,在彰化縣各投開票所,彰化縣,　北斗鎮,西德里,0740,18,360,448,826,15,841,0,841,247,1088,77.2978
第15任總統副總統,在彰化縣各投開票所,彰化縣,　北斗鎮,西德里,0741,39,331,443,813,9,822,0,822,226,1048,78.4351
第15任總統副總統,在彰化縣各投開票所,彰化縣,　北斗鎮,西德里,0742,36,322,519,877,8,885,0,885,294,1179,75.0636
第15任總統副總統,在彰化縣各投開票所,彰化縣,　北斗鎮,西德里,0743,50,308,476,834,11,845,0,845,301,1146,73.7347
第15任總統副總統,在彰化縣各投開票所,彰化縣,　北斗鎮,西安里,0744,30,193,282,505,7,512,0,512,195,707,72.4187
第15任總統副總統,在彰化縣各投開票所,彰化縣,　北斗鎮,西安里,0745,31,257,346,634,10,644,0,644,237,881,73.0988
第15任總統副總統,在彰化縣各投開票所,彰化縣,　北斗鎮,光復里,0746,15,248,355,618,6,624,0,624,168,792,78.7879
第15任總統副總統,在彰化縣各投開票所,彰化縣,　北斗鎮,光復里,0747,35,281,406,722,10,732,0,732,201,933,78.4566
第15任總統副總統,在彰化縣各投開票所,彰化縣,　北斗鎮,新政里,0748,30,222,305,557,10,567,0,567,192,759,74.7036
第15任總統副總統,在彰化縣各投開票所,彰化縣,　北斗鎮,重慶里,0749,18,140,259,417,3,420,0,420,117,537,78.2123
第15任總統副總統,在彰化縣各投開票所,彰化縣,　北斗鎮,五權里,0750,20,175,290,485,6,491,0,491,137,628,78.1847
第15任總統副總統,在彰化縣各投開票所,彰化縣,　北斗鎮,七星里,0751,15,169,288,472,6,478,0,478,188,666,71.7718
第15任總統副總統,在彰化縣各投開票所,彰化縣,　北斗鎮,七星里,0752,29,205,311,545,12,557,0,557,168,725,76.8276
第15任總統副總統,在彰化縣各投開票所,彰化縣,　北斗鎮,居仁里,0753,32,208,235,475,12,487,0,487,131,618,78.8026
第15任總統副總統,在彰化縣各投開票所,彰化縣,　北斗鎮,居仁里,0754,27,216,237,480,8,488,0,488,144,632,77.2152
第15任總統副總統,在彰化縣各投開票所,彰化縣,　北斗鎮,東光里,0755,33,317,431,781,11,792,0,792,257,1049,75.5005
第15任總統副總統,在彰化縣各投開票所,彰化縣,　北斗鎮,東光里,0756,51,298,478,827,11,838,0,838,261,1099,76.2511
第15任總統副總統,在彰化縣各投開票所,彰化縣,　北斗鎮,文昌里,0757,30,296,373,699,16,715,0,715,245,960,74.4792
第15任總統副總統,在彰化縣各投開票所,彰化縣,　北斗鎮,文昌里,0758,33,310,365,708,11,719,0,719,280,999,71.9720
第15任總統副總統,在彰化縣各投開票所,彰化縣,　北斗鎮,文昌里,0759,38,263,425,726,9,735,0,735,254,989,74.3175
第15任總統副總統,在彰化縣各投開票所,彰化縣,　北斗鎮,中和里,0760,45,322,530,897,15,912,0,912,332,1244,73.3119
第15任總統副總統,在彰化縣各投開票所,彰化縣,　北斗鎮,新生里,0761,32,252,416,700,12,712,0,712,334,1046,68.0688
第15任總統副總統,在彰化縣各投開票所,彰化縣,　北斗鎮,新生里,0762,32,285,311,628,14,642,0,642,282,924,69.4805
第15任總統副總統,在彰化縣各投開票所,彰化縣,　北斗鎮,大新里,0763,32,220,309,561,8,569,0,569,236,805,70.6832
第15任總統副總統,在彰化縣各投開票所,彰化縣,　北斗鎮,大新里,0764,46,277,363,686,14,700,0,700,221,921,76.0043
第15任總統副總統,在彰化縣各投開票所,彰化縣,　二林鎮,豐田里,0529,22,161,249,432,7,439,0,439,271,710,61.8310
第15任總統副總統,在彰化縣各投開票所,彰化縣,　二林鎮,豐田里,0530,26,322,339,687,12,699,0,699,288,987,70.8207
第15任總統副總統,在彰化縣各投開票所,彰化縣,　二林鎮,豐田里,0531,27,237,282,546,10,556,0,556,192,748,74.3316
第15任總統副總統,在彰化縣各投開票所,彰化縣,　二林鎮,東和里,0532,23,261,320,604,8,612,0,612,237,849,72.0848
第15任總統副總統,在彰化縣各投開票所,彰化縣,　二林鎮,東和里,0533,33,357,488,878,7,885,0,885,305,1190,74.3697
第15任總統副總統,在彰化縣各投開票所,彰化縣,　二林鎮,南光里,0534,40,323,344,707,11,718,0,718,278,996,72.0884
第15任總統副總統,在彰化縣各投開票所,彰化縣,　二林鎮,南光里,0535,34,331,381,746,19,765,0,765,258,1023,74.7801
第15任總統副總統,在彰化縣各投開票所,彰化縣,　二林鎮,南光里,0536,32,332,370,734,7,741,0,741,296,1037,71.4561
第15任總統副總統,在彰化縣各投開票所,彰化縣,　二林鎮,西平里,0537,33,428,546,1007,17,1024,0,1024,362,1386,73.8817
第15任總統副總統,在彰化縣各投開票所,彰化縣,　二林鎮,北平里,0538,28,279,389,696,8,704,0,704,281,985,71.4721
第15任總統副總統,在彰化縣各投開票所,彰化縣,　二林鎮,北平里,0539,30,256,385,671,11,682,0,682,325,1007,67.7259
第15任總統副總統,在彰化縣各投開票所,彰化縣,　二林鎮,北平里,0540,32,284,367,683,11,694,0,694,238,932,74.4635
第15任總統副總統,在彰化縣各投開票所,彰化縣,　二林鎮,中西里,0541,25,223,205,453,9,462,0,462,206,668,69.1617
第15任總統副總統,在彰化縣各投開票所,彰化縣,　二林鎮,中西里,0542,32,294,284,610,8,618,0,618,301,919,67.2470
第15任總統副總統,在彰化縣各投開票所,彰化縣,　二林鎮,廣興里,0543,40,355,497,892,16,908,0,908,396,1304,69.6319
第15任總統副總統,在彰化縣各投開票所,彰化縣,　二林鎮,香田里,0544,19,235,396,650,11,661,0,661,329,990,66.7677
第15任總統副總統,在彰化縣各投開票所,彰化縣,　二林鎮,外竹里,0545,20,287,345,652,11,663,0,663,298,961,68.9906
第15任總統副總統,在彰化縣各投開票所,彰化縣,　二林鎮,興華里,0546,19,397,369,785,7,792,0,792,340,1132,69.9647
第15任總統副總統,在彰化縣各投開票所,彰化縣,　二林鎮,東興里,0547,54,476,564,1094,16,1110,0,1110,443,1553,71.4746
第15任總統副總統,在彰化縣各投開票所,彰化縣,　二林鎮,後厝里,0548,20,281,361,662,13,675,0,675,272,947,71.2777
第15任總統副總統,在彰化縣各投開票所,彰化縣,　二林鎮,後厝里,0549,29,353,375,757,9,766,0,766,282,1048,73.0916
第15任總統副總統,在彰化縣各投開票所,彰化縣,　二林鎮,後厝里,0550,44,387,425,856,16,872,0,872,295,1167,74.7215
第15任總統副總統,在彰化縣各投開票所,彰化縣,　二林鎮,頂厝里,0551,33,474,304,811,12,823,0,823,482,1305,63.0651
第15任總統副總統,在彰化縣各投開票所,彰化縣,　二林鎮,趙甲里,0552,22,187,307,516,14,530,0,530,167,697,76.0402
第15任總統副總統,在彰化縣各投開票所,彰化縣,　二林鎮,趙甲里,0553,26,278,247,551,9,560,0,560,272,832,67.3077
第15任總統副總統,在彰化縣各投開票所,彰化縣,　二林鎮,振興里,0554,43,346,396,785,22,807,0,807,378,1185,68.1013
第15任總統副總統,在彰化縣各投開票所,彰化縣,　二林鎮,萬興里,0555,28,245,276,549,10,559,0,559,185,744,75.1344
第15任總統副總統,在彰化縣各投開票所,彰化縣,　二林鎮,永興里,0556,29,224,323,576,2,578,0,578,247,825,70.0606
第15任總統副總統,在彰化縣各投開票所,彰化縣,　二林鎮,永興里,0557,27,185,218,430,3,433,0,433,212,645,67.1318
第15任總統副總統,在彰化縣各投開票所,彰化縣,　二林鎮,西庄里,0558,36,294,518,848,11,859,0,859,374,1233,69.6675
第15任總統副總統,在彰化縣各投開票所,彰化縣,　二林鎮,梅芳里,0559,37,279,412,728,13,741,0,741,311,1052,70.4373
第15任總統副總統,在彰化縣各投開票所,彰化縣,　二林鎮,華崙里,0560,24,410,360,794,12,806,0,806,347,1153,69.9046
第15任總統副總統,在彰化縣各投開票所,彰化縣,　二林鎮,華崙里,0561,30,384,475,889,13,902,0,902,384,1286,70.1400
第15任總統副總統,在彰化縣各投開票所,彰化縣,　二林鎮,華崙里,0562,15,346,340,701,14,715,0,715,330,1045,68.4211
第15任總統副總統,在彰化縣各投開票所,彰化縣,　二林鎮,萬合里,0563,29,374,316,719,8,727,0,727,365,1092,66.5751
第15任總統副總統,在彰化縣各投開票所,彰化縣,　二林鎮,東勢里,0564,32,279,336,647,17,664,0,664,257,921,72.0955
第15任總統副總統,在彰化縣各投開票所,彰化縣,　二林鎮,大永里,0565,27,239,340,606,10,616,0,616,259,875,70.4000
第15任總統副總統,在彰化縣各投開票所,彰化縣,　二林鎮,原斗里,0566,34,374,505,913,5,918,0,918,311,1229,74.6949
第15任總統副總統,在彰化縣各投開票所,彰化縣,　二林鎮,西斗里,0567,31,333,398,762,16,778,0,778,250,1028,75.6809
第15任總統副總統,在彰化縣各投開票所,彰化縣,　二林鎮,東華里,0568,24,263,418,705,6,711,0,711,244,955,74.4503
第15任總統副總統,在彰化縣各投開票所,彰化縣,　二林鎮,復豐里,0569,23,173,289,485,6,491,0,491,206,697,70.4448
第15任總統副總統,在彰化縣各投開票所,彰化縣,　田尾鄉,田尾村,0994,27,351,463,841,12,853,0,853,391,1244,68.5691
第15任總統副總統,在彰化縣各投開票所,彰化縣,　田尾鄉,溪畔村,0995,37,306,472,815,10,825,0,825,305,1130,73.0088
第15任總統副總統,在彰化縣各投開票所,彰化縣,　田尾鄉,打簾村,0996,26,258,471,755,14,769,0,769,227,996,77.2088
第15任總統副總統,在彰化縣各投開票所,彰化縣,　田尾鄉,打簾村,0997,21,229,252,502,8,510,0,510,172,682,74.7801
第15任總統副總統,在彰化縣各投開票所,彰化縣,　田尾鄉,正義村,0998,29,262,350,641,6,647,0,647,204,851,76.0282
第15任總統副總統,在彰化縣各投開票所,彰化縣,　田尾鄉,北曾村,0999,26,176,288,490,13,503,0,503,149,652,77.1472
第15任總統副總統,在彰化縣各投開票所,彰化縣,　田尾鄉,北曾村,1000,36,230,389,655,11,666,0,666,192,858,77.6224
第15任總統副總統,在彰化縣各投開票所,彰化縣,　田尾鄉,南曾村,1001,40,328,588,956,11,967,0,967,312,1279,75.6059
第15任總統副總統,在彰化縣各投開票所,彰化縣,　田尾鄉,饒平村,1002,61,419,542,1022,12,1034,0,1034,291,1325,78.0377
第15任總統副總統,在彰化縣各投開票所,彰化縣,　田尾鄉,饒平村,1003,42,339,442,823,14,837,0,837,307,1144,73.1643
第15任總統副總統,在彰化縣各投開票所,彰化縣,　田尾鄉,豐田村,1004,21,245,307,573,7,580,0,580,202,782,74.1688
第15任總統副總統,在彰化縣各投開票所,彰化縣,　田尾鄉,仁里村,1005,18,199,237,454,3,457,0,457,169,626,73.0032
第15任總統副總統,在彰化縣各投開票所,彰化縣,　田尾鄉,仁里村,1006,30,231,415,676,7,683,0,683,245,928,73.5991
第15任總統副總統,在彰化縣各投開票所,彰化縣,　田尾鄉,新厝村,1007,21,79,93,193,1,194,0,194,58,252,76.9841
第15任總統副總統,在彰化縣各投開票所,彰化縣,　田尾鄉,溪頂村,1008,20,144,267,431,8,439,0,439,155,594,73.9057
第15任總統副總統,在彰化縣各投開票所,彰化縣,　田尾鄉,柳鳳村,1009,18,329,381,728,16,744,0,744,171,915,81.3115
第15任總統副總統,在彰化縣各投開票所,彰化縣,　田尾鄉,陸豐村,1010,34,248,344,626,8,634,0,634,220,854,74.2389
第15任總統副總統,在彰化縣各投開票所,彰化縣,　田尾鄉,海豐村,1011,26,214,306,546,4,550,0,550,218,768,71.6146
第15任總統副總統,在彰化縣各投開票所,彰化縣,　田尾鄉,海豐村,1012,7,116,285,408,5,413,0,413,152,565,73.0973
第15任總統副總統,在彰化縣各投開票所,彰化縣,　田尾鄉,睦宜村,1013,38,287,450,775,15,790,0,790,256,1046,75.5258
第15任總統副總統,在彰化縣各投開票所,彰化縣,　田尾鄉,新生村,1014,32,334,587,953,15,968,0,968,311,1279,75.6841
第15任總統副總統,在彰化縣各投開票所,彰化縣,　田尾鄉,北鎮村,1015,49,291,510,850,13,863,1,864,317,1181,73.0737
第15任總統副總統,在彰化縣各投開票所,彰化縣,　田尾鄉,南鎮村,1016,12,157,273,442,7,449,0,449,157,606,74.0924
第15任總統副總統,在彰化縣各投開票所,彰化縣,　田尾鄉,福田村,1017,18,200,294,512,8,520,0,520,207,727,71.5268
第15任總統副總統,在彰化縣各投開票所,彰化縣,　田尾鄉,新興村,1018,21,284,494,799,6,805,0,805,229,1034,77.8530
第15任總統副總統,在彰化縣各投開票所,彰化縣,　埤頭鄉,和豊村,0708,44,247,480,771,13,784,0,784,350,1134,69.1358
第15任總統副總統,在彰化縣各投開票所,彰化縣,　埤頭鄉,和豊村,0709,36,339,485,860,9,869,0,869,396,1265,68.6957
第15任總統副總統,在彰化縣各投開票所,彰化縣,　埤頭鄉,興農村,0710,30,283,386,699,17,716,0,716,226,942,76.0085
第15任總統副總統,在彰化縣各投開票所,彰化縣,　埤頭鄉,興農村,0711,21,177,338,536,4,540,0,540,236,776,69.5876
第15任總統副總統,在彰化縣各投開票所,彰化縣,　埤頭鄉,埤頭村,0712,15,182,299,496,6,502,0,502,189,691,72.6483
第15任總統副總統,在彰化縣各投開票所,彰化縣,　埤頭鄉,埤頭村,0713,31,181,394,606,5,611,0,611,254,865,70.6358
第15任總統副總統,在彰化縣各投開票所,彰化縣,　埤頭鄉,豊崙村,0714,43,374,331,748,8,756,0,756,347,1103,68.5403
第15任總統副總統,在彰化縣各投開票所,彰化縣,　埤頭鄉,豊崙村,0715,36,386,349,771,12,783,0,783,357,1140,68.6842
第15任總統副總統,在彰化縣各投開票所,彰化縣,　埤頭鄉,崙子村,0716,49,333,469,851,13,864,0,864,347,1211,71.3460
第15任總統副總統,在彰化縣各投開票所,彰化縣,　埤頭鄉,永豊村,0717,27,250,322,599,11,610,0,610,252,862,70.7657
第15任總統副總統,在彰化縣各投開票所,彰化縣,　埤頭鄉,永豊村,0718,18,149,305,472,2,474,0,474,211,685,69.1971
第15任總統副總統,在彰化縣各投開票所,彰化縣,　埤頭鄉,合興村,0719,30,342,401,773,9,782,0,782,246,1028,76.0700
第15任總統副總統,在彰化縣各投開票所,彰化縣,　埤頭鄉,合興村,0720,35,415,460,910,12,922,0,922,344,1266,72.8278
第15任總統副總統,在彰化縣各投開票所,彰化縣,　埤頭鄉,合興村,0721,36,259,353,648,12,660,0,660,233,893,73.9082
第15任總統副總統,在彰化縣各投開票所,彰化縣,　埤頭鄉,平原村,0722,29,318,397,744,14,758,0,758,320,1078,70.3154
第15任總統副總統,在彰化縣各投開票所,彰化縣,　埤頭鄉,平原村,0723,44,320,415,779,13,792,0,792,284,1076,73.6059
第15任總統副總統,在彰化縣各投開票所,彰化縣,　埤頭鄉,崙腳村,0724,26,162,304,492,12,504,0,504,198,702,71.7949
第15任總統副總統,在彰化縣各投開票所,彰化縣,　埤頭鄉,元埔村,0725,18,137,251,406,6,412,0,412,146,558,73.8351
第15任總統副總統,在彰化縣各投開票所,彰化縣,　埤頭鄉,芙朝村,0726,18,227,236,481,15,496,0,496,248,744,66.6667
第15任總統副總統,在彰化縣各投開票所,彰化縣,　埤頭鄉,芙朝村,0727,21,189,300,510,10,520,0,520,191,711,73.1364
第15任總統副總統,在彰化縣各投開票所,彰化縣,　埤頭鄉,新庄村,0728,31,212,497,740,10,750,0,750,274,1024,73.2422
第15任總統副總統,在彰化縣各投開票所,彰化縣,　埤頭鄉,陸嘉村,0729,24,153,361,538,6,544,0,544,248,792,68.6869
第15任總統副總統,在彰化縣各投開票所,彰化縣,　埤頭鄉,竹圍村,0730,41,205,472,718,16,734,0,734,320,1054,69.6395
第15任總統副總統,在彰化縣各投開票所,彰化縣,　埤頭鄉,中和村,0731,14,159,331,504,13,517,0,517,204,721,71.7060
第15任總統副總統,在彰化縣各投開票所,彰化縣,　埤頭鄉,中和村,0732,13,156,296,465,6,471,0,471,215,686,68.6589
第15任總統副總統,在彰化縣各投開票所,彰化縣,　埤頭鄉,庄內村,0733,32,190,466,688,10,698,0,698,316,1014,68.8363
第15任總統副總統,在彰化縣各投開票所,彰化縣,　埤頭鄉,大湖村,0734,24,167,429,620,12,632,0,632,254,886,71.3318
第15任總統副總統,在彰化縣各投開票所,彰化縣,　芳苑鄉,芳苑村,0493,18,214,334,566,7,573,0,573,327,900,63.6667
第15任總統副總統,在彰化縣各投開票所,彰化縣,　芳苑鄉,芳中村,0494,10,112,153,275,6,281,0,281,109,390,72.0513
第15任總統副總統,在彰化縣各投開票所,彰化縣,　芳苑鄉,仁愛村,0495,15,198,285,498,7,505,0,505,232,737,68.5210
第15任總統副總統,在彰化縣各投開票所,彰化縣,　芳苑鄉,信義村,0496,11,98,194,303,9,312,0,312,218,530,58.8679
第15任總統副總統,在彰化縣各投開票所,彰化縣,　芳苑鄉,後寮村,0497,25,265,351,641,14,655,0,655,298,953,68.7303
第15任總統副總統,在彰化縣各投開票所,彰化縣,　芳苑鄉,三合村,0498,35,306,493,834,6,840,0,840,391,1231,68.2372
第15任總統副總統,在彰化縣各投開票所,彰化縣,　芳苑鄉,三合村,0499,33,223,323,579,4,583,0,583,259,842,69.2399
第15任總統副總統,在彰化縣各投開票所,彰化縣,　芳苑鄉,永興村,0500,18,203,262,483,9,492,0,492,215,707,69.5898
第15任總統副總統,在彰化縣各投開票所,彰化縣,　芳苑鄉,永興村,0501,12,165,247,424,4,428,0,428,185,613,69.8206
第15任總統副總統,在彰化縣各投開票所,彰化縣,　芳苑鄉,新街村,0502,17,154,282,453,9,462,0,462,310,772,59.8446
第15任總統副總統,在彰化縣各投開票所,彰化縣,　芳苑鄉,路上村,0503,9,163,222,394,4,398,0,398,236,634,62.7760
第15任總統副總統,在彰化縣各投開票所,彰化縣,　芳苑鄉,路平村,0504,23,219,261,503,13,516,0,516,216,732,70.4918
第15任總統副總統,在彰化縣各投開票所,彰化縣,　芳苑鄉,三成村,0505,44,190,387,621,13,634,0,634,336,970,65.3608
第15任總統副總統,在彰化縣各投開票所,彰化縣,　芳苑鄉,福榮村,0506,11,130,236,377,10,387,0,387,179,566,68.3746
第15任總統副總統,在彰化縣各投開票所,彰化縣,　芳苑鄉,頂廍村,0507,13,148,241,402,2,404,0,404,162,566,71.3781
第15任總統副總統,在彰化縣各投開票所,彰化縣,　芳苑鄉,王功村,0508,27,154,502,683,4,687,0,687,352,1039,66.1213
第15任總統副總統,在彰化縣各投開票所,彰化縣,　芳苑鄉,王功村,0509,29,169,453,651,14,665,0,665,355,1020,65.1961
第15任總統副總統,在彰化縣各投開票所,彰化縣,　芳苑鄉,博愛村,0510,14,126,329,469,7,476,0,476,200,676,70.4142
第15任總統副總統,在彰化縣各投開票所,彰化縣,　芳苑鄉,和平村,0511,9,151,299,459,5,464,0,464,252,716,64.8045
第15任總統副總統,在彰化縣各投開票所,彰化縣,　芳苑鄉,興仁村,0512,16,84,277,377,3,380,0,380,181,561,67.7362
第15任總統副總統,在彰化縣各投開票所,彰化縣,　芳苑鄉,興仁村,0513,17,126,285,428,4,432,0,432,274,706,61.1898
第15任總統副總統,在彰化縣各投開票所,彰化縣,　芳苑鄉,民生村,0514,14,111,303,428,11,439,0,439,215,654,67.1254
第15任總統副總統,在彰化縣各投開票所,彰化縣,　芳苑鄉,新寶村,0515,19,244,286,549,5,554,0,554,300,854,64.8712
第15任總統副總統,在彰化縣各投開票所,彰化縣,　芳苑鄉,新寶村,0516,21,138,391,550,9,559,0,559,213,772,72.4093
第15任總統副總統,在彰化縣各投開票所,彰化縣,　芳苑鄉,五俊村,0517,8,117,149,274,5,279,0,279,184,463,60.2592
第15任總統副總統,在彰化縣各投開票所,彰化縣,　芳苑鄉,草湖村,0518,33,302,401,736,15,751,0,751,358,1109,67.7187
第15任總統副總統,在彰化縣各投開票所,彰化縣,　芳苑鄉,草湖村,0519,9,102,98,209,4,213,0,213,99,312,68.2692
第15任總統副總統,在彰化縣各投開票所,彰化縣,　芳苑鄉,建平村,0520,34,276,429,739,9,748,0,748,360,1108,67.5090
第15任總統副總統,在彰化縣各投開票所,彰化縣,　芳苑鄉,建平村,0521,24,245,360,629,8,637,0,637,298,935,68.1283
第15任總統副總統,在彰化縣各投開票所,彰化縣,　芳苑鄉,崙腳村,0522,34,232,310,576,18,594,0,594,146,740,80.2703
第15任總統副總統,在彰化縣各投開票所,彰化縣,　芳苑鄉,文津村,0523,13,262,368,643,9,652,0,652,391,1043,62.5120
第15任總統副總統,在彰化縣各投開票所,彰化縣,　芳苑鄉,新生村,0524,23,185,232,440,6,446,0,446,249,695,64.1727
第15任總統副總統,在彰化縣各投開票所,彰化縣,　芳苑鄉,新生村,0525,15,109,263,387,3,390,0,390,231,621,62.8019
第15任總統副總統,在彰化縣各投開票所,彰化縣,　芳苑鄉,漢寶村,0526,26,214,329,569,12,581,0,581,260,841,69.0844
第15任總統副總統,在彰化縣各投開票所,彰化縣,　芳苑鄉,漢寶村,0527,45,288,515,848,5,853,0,853,344,1197,71.2615
第15任總統副總統,在彰化縣各投開票所,彰化縣,　芳苑鄉,漢寶村,0528,37,236,421,694,9,703,0,703,369,1072,65.5784
第15任總統副總統,在彰化縣各投開票所,彰化縣,　大城鄉,山腳村,0675,30,288,452,770,16,786,0,786,458,1244,63.1833
第15任總統副總統,在彰化縣各投開票所,彰化縣,　大城鄉,潭墘村,0676,15,234,426,675,7,682,0,682,367,1049,65.0143
第15任總統副總統,在彰化縣各投開票所,彰化縣,　大城鄉,大城村,0677,24,317,287,628,12,640,0,640,280,920,69.5652
第15任總統副總統,在彰化縣各投開票所,彰化縣,　大城鄉,東城村,0678,35,411,425,871,17,888,0,888,402,1290,68.8372
第15任總統副總統,在彰化縣各投開票所,彰化縣,　大城鄉,西城村,0679,24,207,274,505,10,515,0,515,283,798,64.5363
第15任總統副總統,在彰化縣各投開票所,彰化縣,　大城鄉,上山村,0680,11,144,137,292,3,295,0,295,211,506,58.3004
第15任總統副總統,在彰化縣各投開票所,彰化縣,　大城鄉,上山村,0681,13,159,200,372,4,376,0,376,166,542,69.3727
第15任總統副總統,在彰化縣各投開票所,彰化縣,　大城鄉,永和村,0682,19,193,216,428,5,433,0,433,240,673,64.3388
第15任總統副總統,在彰化縣各投開票所,彰化縣,　大城鄉,公館村,0683,6,102,117,225,2,227,0,227,131,358,63.4078
第15任總統副總統,在彰化縣各投開票所,彰化縣,　大城鄉,公館村,0684,22,197,212,431,2,433,0,433,240,673,64.3388
第15任總統副總統,在彰化縣各投開票所,彰化縣,　大城鄉,豐美村,0685,15,206,292,513,12,525,0,525,317,842,62.3515
第15任總統副總統,在彰化縣各投開票所,彰化縣,　大城鄉,三豐村,0686,9,164,183,356,8,364,0,364,271,635,57.3228
第15任總統副總統,在彰化縣各投開票所,彰化縣,　大城鄉,菜寮村,0687,23,311,278,612,18,630,0,630,423,1053,59.8291
第15任總統副總統,在彰化縣各投開票所,彰化縣,　大城鄉,東港村,0688,26,344,322,692,14,706,0,706,437,1143,61.7673
第15任總統副總統,在彰化縣各投開票所,彰化縣,　大城鄉,西港村,0689,19,288,260,567,8,575,0,575,301,876,65.6393
第15任總統副總統,在彰化縣各投開票所,彰化縣,　大城鄉,頂庄村,0690,12,151,238,401,5,406,0,406,249,655,61.9847
第15任總統副總統,在彰化縣各投開票所,彰化縣,　大城鄉,台西村,0691,17,185,288,490,8,498,0,498,359,857,58.1097
第15任總統副總統,在彰化縣各投開票所,彰化縣,　竹塘鄉,竹元村,0692,20,327,459,806,9,815,0,815,298,1113,73.2255
第15任總統副總統,在彰化縣各投開票所,彰化縣,　竹塘鄉,竹塘村,0693,28,262,378,668,17,685,0,685,244,929,73.7352
第15任總統副總統,在彰化縣各投開票所,彰化縣,　竹塘鄉,竹塘村,0694,18,298,327,643,10,653,0,653,278,931,70.1396
第15任總統副總統,在彰化縣各投開票所,彰化縣,　竹塘鄉,小西村,0695,17,183,278,478,10,488,0,488,217,705,69.2199
第15任總統副總統,在彰化縣各投開票所,彰化縣,　竹塘鄉,民靖村,0696,16,198,271,485,11,496,0,496,239,735,67.4830
第15任總統副總統,在彰化縣各投開票所,彰化縣,　竹塘鄉,五庄村,0697,21,130,357,508,6,514,0,514,246,760,67.6316
第15任總統副總統,在彰化縣各投開票所,彰化縣,　竹塘鄉,五庄村,0698,22,141,352,515,6,521,0,521,214,735,70.8844
第15任總統副總統,在彰化縣各投開票所,彰化縣,　竹塘鄉,樹腳村,0699,12,129,314,455,8,463,0,463,157,620,74.6774
第15任總統副總統,在彰化縣各投開票所,彰化縣,　竹塘鄉,田頭村,0700,25,245,426,696,12,708,0,708,319,1027,68.9387
第15任總統副總統,在彰化縣各投開票所,彰化縣,　竹塘鄉,新廣村,0701,28,231,501,760,4,764,0,764,314,1078,70.8720
第15任總統副總統,在彰化縣各投開票所,彰化縣,　竹塘鄉,溪墘村,0702,18,104,229,351,9,360,0,360,117,477,75.4717
第15任總統副總統,在彰化縣各投開票所,彰化縣,　竹塘鄉,竹林村,0703,21,186,316,523,7,530,0,530,254,784,67.6020
第15任總統副總統,在彰化縣各投開票所,彰化縣,　竹塘鄉,土庫村,0704,8,151,286,445,9,454,0,454,171,625,72.6400
第15任總統副總統,在彰化縣各投開票所,彰化縣,　竹塘鄉,內新村,0705,9,110,251,370,4,374,0,374,180,554,67.5090
第15任總統副總統,在彰化縣各投開票所,彰化縣,　竹塘鄉,長安村,0706,12,146,328,486,6,492,0,492,239,731,67.3051
第15任總統副總統,在彰化縣各投開票所,彰化縣,　竹塘鄉,永安村,0707,11,98,245,354,7,361,0,361,169,530,68.1132
第15任總統副總統,在彰化縣各投開票所,彰化縣,　溪州鄉,溪厝村,0765,21,180,343,544,13,557,0,557,190,747,74.5649
第15任總統副總統,在彰化縣各投開票所,彰化縣,　溪州鄉,溪厝村,0766,27,229,438,694,8,702,0,702,313,1015,69.1626
第15任總統副總統,在彰化縣各投開票所,彰化縣,　溪州鄉,坑厝村,0767,22,174,294,490,9,499,0,499,187,686,72.7405
第15任總統副總統,在彰化縣各投開票所,彰化縣,　溪州鄉,瓦厝村,0768,33,197,418,648,14,662,1,663,179,842,78.6223
第15任總統副總統,在彰化縣各投開票所,彰化縣,　溪州鄉,溪州村,0769,12,187,302,501,5,506,0,506,115,621,81.4815
第15任總統副總統,在彰化縣各投開票所,彰化縣,　溪州鄉,溪州村,0770,35,249,357,641,10,651,0,651,208,859,75.7858
第15任總統副總統,在彰化縣各投開票所,彰化縣,　溪州鄉,尾厝村,0771,28,274,382,684,9,693,0,693,206,899,77.0857
第15任總統副總統,在彰化縣各投開票所,彰化縣,　溪州鄉,尾厝村,0772,33,238,380,651,9,660,0,660,184,844,78.1991
第15任總統副總統,在彰化縣各投開票所,彰化縣,　溪州鄉,東州村,0773,30,260,461,751,11,762,0,762,264,1026,74.2690
第15任總統副總統,在彰化縣各投開票所,彰化縣,　溪州鄉,東州村,0774,27,238,367,632,10,642,0,642,180,822,78.1022
第15任總統副總統,在彰化縣各投開票所,彰化縣,　溪州鄉,舊眉村,0775,23,154,302,479,7,486,0,486,173,659,73.7481
第15任總統副總統,在彰化縣各投開票所,彰化縣,　溪州鄉,舊眉村,0776,23,144,366,533,11,544,0,544,174,718,75.7660
第15任總統副總統,在彰化縣各投開票所,彰化縣,　溪州鄉,圳寮村,0777,25,239,285,549,9,558,0,558,213,771,72.3735
第15任總統副總統,在彰化縣各投開票所,彰化縣,　溪州鄉,圳寮村,0778,21,144,336,501,11,512,0,512,172,684,74.8538
第15任總統副總統,在彰化縣各投開票所,彰化縣,　溪州鄉,西畔村,0779,40,251,449,740,8,748,0,748,315,1063,70.3669
第15任總統副總統,在彰化縣各投開票所,彰化縣,　溪州鄉,西畔村,0780,29,180,393,602,7,609,0,609,313,922,66.0521
第15任總統副總統,在彰化縣各投開票所,彰化縣,　溪州鄉,柑園村,0781,43,278,438,759,16,775,0,775,333,1108,69.9458
第15任總統副總統,在彰化縣各投開票所,彰化縣,　溪州鄉,成功村,0782,37,208,401,646,10,656,0,656,277,933,70.3108
第15任總統副總統,在彰化縣各投開票所,彰化縣,　溪州鄉,成功村,0783,19,237,366,622,8,630,0,630,215,845,74.5562
第15任總統副總統,在彰化縣各投開票所,彰化縣,　溪州鄉,大庄村,0784,20,183,373,576,7,583,0,583,245,828,70.4106
第15任總統副總統,在彰化縣各投開票所,彰化縣,　溪州鄉,大庄村,0785,29,168,464,661,11,672,0,672,303,975,68.9231
第15任總統副總統,在彰化縣各投開票所,彰化縣,　溪州鄉,榮光村,0786,23,272,274,569,9,578,0,578,261,839,68.8915
第15任總統副總統,在彰化縣各投開票所,彰化縣,　溪州鄉,潮洋村,0787,25,167,371,563,9,572,0,572,238,810,70.6173
第15任總統副總統,在彰化縣各投開票所,彰化縣,　溪州鄉,張厝村,0788,18,129,290,437,10,447,0,447,232,679,65.8321
第15任總統副總統,在彰化縣各投開票所,彰化縣,　溪州鄉,菜公村,0789,26,181,371,578,17,595,0,595,231,826,72.0339
第15任總統副總統,在彰化縣各投開票所,彰化縣,　溪州鄉,三條村,0790,15,121,474,610,16,626,0,626,218,844,74.1706
第15任總統副總統,在彰化縣各投開票所,彰化縣,　溪州鄉,三圳村,0791,32,296,504,832,13,845,0,845,349,1194,70.7705
第15任總統副總統,在彰化縣各投開票所,彰化縣,　溪州鄉,水尾村,0792,11,89,341,441,6,447,0,447,191,638,70.0627
第15任總統副總統,在彰化縣各投開票所,彰化縣,　溪州鄉,水尾村,0793,15,134,423,572,8,580,0,580,232,812,71.4286
第15任總統副總統,在嘉義市各投開票所,嘉義市,　東區,短竹里,0001,20,292,437,749,7,756,0,756,217,973,77.6978
第15任總統副總統,在嘉義市各投開票所,嘉義市,　東區,短竹里,0002,36,391,540,967,7,974,0,974,310,1284,75.8567
第15任總統副總統,在嘉義市各投開票所,嘉義市,　東區,蘭潭里,0003,25,277,365,667,10,677,0,677,283,960,70.5208
第15任總統副總統,在嘉義市各投開票所,嘉義市,　東區,蘭潭里,0004,28,340,527,895,4,899,0,899,232,1131,79.4872
第15任總統副總統,在嘉義市各投開票所,嘉義市,　東區,東川里,0005,18,230,280,528,7,535,0,535,136,671,79.7317
第15任總統副總統,在嘉義市各投開票所,嘉義市,　東區,東川里,0006,29,336,446,811,7,818,0,818,230,1048,78.0534
第15任總統副總統,在嘉義市各投開票所,嘉義市,　東區,鹿寮里,0007,27,221,461,709,6,715,0,715,283,998,71.6433
第15任總統副總統,在嘉義市各投開票所,嘉義市,　東區,盧厝里,0008,28,214,420,662,11,673,0,673,205,878,76.6515
第15任總統副總統,在嘉義市各投開票所,嘉義市,　東區,盧厝里,0009,26,267,420,713,11,724,0,724,190,914,79.2123
第15任總統副總統,在嘉義市各投開票所,嘉義市,　東區,文雅里,0010,47,350,529,926,6,932,0,932,317,1249,74.6197
第15任總統副總統,在嘉義市各投開票所,嘉義市,　東區,文雅里,0011,41,353,495,889,12,901,0,901,295,1196,75.3344
第15任總統副總統,在嘉義市各投開票所,嘉義市,　東區,文雅里,0012,42,358,465,865,12,877,0,877,240,1117,78.5139
第15任總統副總統,在嘉義市各投開票所,嘉義市,　東區,王田里,0013,36,376,437,849,12,861,0,861,260,1121,76.8064
第15任總統副總統,在嘉義市各投開票所,嘉義市,　東區,王田里,0014,22,372,463,857,13,870,0,870,233,1103,78.8758
第15任總統副總統,在嘉義市各投開票所,嘉義市,　東區,長竹里,0015,42,386,676,1104,8,1112,2,1114,282,1396,79.6562
第15任總統副總統,在嘉義市各投開票所,嘉義市,　東區,長竹里,0016,37,431,595,1063,12,1075,0,1075,299,1374,78.2387
第15任總統副總統,在嘉義市各投開票所,嘉義市,　東區,後庄里,0017,42,380,617,1039,12,1051,0,1051,365,1416,74.2232
第15任總統副總統,在嘉義市各投開票所,嘉義市,　東區,後庄里,0018,21,314,481,816,13,829,0,829,226,1055,78.5782
第15任總統副總統,在嘉義市各投開票所,嘉義市,　東區,後庄里,0019,46,489,533,1068,12,1080,0,1080,278,1358,79.5287
第15任總統副總統,在嘉義市各投開票所,嘉義市,　東區,新店里,0020,31,278,468,777,13,790,0,790,228,1018,77.6031
第15任總統副總統,在嘉義市各投開票所,嘉義市,　東區,新店里,0021,45,357,468,870,12,882,0,882,258,1140,77.3684
第15任總統副總統,在嘉義市各投開票所,嘉義市,　東區,新店里,0022,19,277,370,666,7,673,0,673,184,857,78.5298
第15任總統副總統,在嘉義市各投開票所,嘉義市,　東區,新店里,0023,31,302,416,749,12,761,0,761,229,990,76.8687
第15任總統副總統,在嘉義市各投開票所,嘉義市,　東區,圳頭里,0024,20,454,369,843,9,852,0,852,313,1165,73.1330
第15任總統副總統,在嘉義市各投開票所,嘉義市,　東區,圳頭里,0025,51,457,425,933,13,946,0,946,279,1225,77.2245
第15任總統副總統,在嘉義市各投開票所,嘉義市,　東區,圳頭里,0026,28,263,362,653,3,656,0,656,206,862,76.1021
第15任總統副總統,在嘉義市各投開票所,嘉義市,　東區,圳頭里,0027,15,248,396,659,1,660,0,660,193,853,77.3740
第15任總統副總統,在嘉義市各投開票所,嘉義市,　東區,中山里,0028,36,369,451,856,9,865,0,865,279,1144,75.6119
第15任總統副總統,在嘉義市各投開票所,嘉義市,　東區,中山里,0029,21,200,309,530,6,536,0,536,125,661,81.0893
第15任總統副總統,在嘉義市各投開票所,嘉義市,　東區,太平里,0030,61,453,538,1052,14,1066,0,1066,310,1376,77.4709
第15任總統副總統,在嘉義市各投開票所,嘉義市,　東區,太平里,0031,26,407,553,986,15,1001,0,1001,297,1298,77.1186
第15任總統副總統,在嘉義市各投開票所,嘉義市,　東區,太平里,0032,58,429,583,1070,16,1086,0,1086,304,1390,78.1295
第15任總統副總統,在嘉義市各投開票所,嘉義市,　東區,東興里,0033,21,292,368,681,7,688,0,688,199,887,77.5648
第15任總統副總統,在嘉義市各投開票所,嘉義市,　東區,東興里,0034,18,228,478,724,8,732,0,732,195,927,78.9644
第15任總統副總統,在嘉義市各投開票所,嘉義市,　東區,華南里,0035,19,267,386,672,4,676,0,676,208,884,76.4706
第15任總統副總統,在嘉義市各投開票所,嘉義市,　東區,華南里,0036,19,241,492,752,8,760,0,760,270,1030,73.7864
第15任總統副總統,在嘉義市各投開票所,嘉義市,　東區,中央里,0037,21,237,551,809,15,824,0,824,277,1101,74.8411
第15任總統副總統,在嘉義市各投開票所,嘉義市,　東區,中央里,0038,21,241,511,773,8,781,0,781,216,997,78.3350
第15任總統副總統,在嘉義市各投開票所,嘉義市,　東區,朝陽里,0039,23,221,461,705,2,707,0,707,195,902,78.3814
第15任總統副總統,在嘉義市各投開票所,嘉義市,　東區,朝陽里,0040,22,291,449,762,8,770,0,770,266,1036,74.3243
第15任總統副總統,在嘉義市各投開票所,嘉義市,　東區,民族里,0041,16,282,406,704,5,709,0,709,202,911,77.8266
第15任總統副總統,在嘉義市各投開票所,嘉義市,　東區,民族里,0042,14,141,299,454,8,462,0,462,354,816,56.6176
第15任總統副總統,在嘉義市各投開票所,嘉義市,　東區,過溝里,0043,18,257,461,736,3,739,0,739,246,985,75.0254
第15任總統副總統,在嘉義市各投開票所,嘉義市,　東區,過溝里,0044,23,259,505,787,12,799,0,799,248,1047,76.3133
第15任總統副總統,在嘉義市各投開票所,嘉義市,　東區,新開里,0045,35,243,385,663,15,678,0,678,228,906,74.8344
第15任總統副總統,在嘉義市各投開票所,嘉義市,　東區,新開里,0046,40,288,454,782,5,787,0,787,250,1037,75.8920
第15任總統副總統,在嘉義市各投開票所,嘉義市,　東區,宣信里,0047,29,293,601,923,15,938,0,938,359,1297,72.3207
第15任總統副總統,在嘉義市各投開票所,嘉義市,　東區,興南里,0048,26,202,380,608,10,618,0,618,192,810,76.2963
第15任總統副總統,在嘉義市各投開票所,嘉義市,　東區,興南里,0049,17,161,361,539,5,544,0,544,224,768,70.8333
第15任總統副總統,在嘉義市各投開票所,嘉義市,　東區,豐年里,0050,28,296,586,910,14,924,0,924,295,1219,75.7998
第15任總統副總統,在嘉義市各投開票所,嘉義市,　東區,芳草里,0051,23,261,476,760,11,771,0,771,253,1024,75.2930
第15任總統副總統,在嘉義市各投開票所,嘉義市,　東區,芳草里,0052,27,322,513,862,6,868,0,868,346,1214,71.4992
第15任總統副總統,在嘉義市各投開票所,嘉義市,　東區,芳草里,0053,29,261,472,762,13,775,0,775,289,1064,72.8383
第15任總統副總統,在嘉義市各投開票所,嘉義市,　東區,芳安里,0054,41,298,386,725,8,733,0,733,218,951,77.0768
第15任總統副總統,在嘉義市各投開票所,嘉義市,　東區,芳安里,0055,27,277,552,856,10,866,0,866,259,1125,76.9778
第15任總統副總統,在嘉義市各投開票所,嘉義市,　東區,頂寮里,0056,29,293,596,918,11,929,0,929,292,1221,76.0852
第15任總統副總統,在嘉義市各投開票所,嘉義市,　東區,頂寮里,0057,34,315,591,940,17,957,0,957,247,1204,79.4850
第15任總統副總統,在嘉義市各投開票所,嘉義市,　東區,安寮里,0058,39,364,606,1009,7,1016,0,1016,377,1393,72.9361
第15任總統副總統,在嘉義市各投開票所,嘉義市,　東區,安寮里,0059,36,318,580,934,9,943,0,943,307,1250,75.4400
第15任總統副總統,在嘉義市各投開票所,嘉義市,　東區,安業里,0060,33,271,421,725,4,729,0,729,226,955,76.3351
第15任總統副總統,在嘉義市各投開票所,嘉義市,　東區,安業里,0061,22,219,391,632,8,640,0,640,241,881,72.6447
第15任總統副總統,在嘉義市各投開票所,嘉義市,　東區,興村里,0062,28,249,575,852,2,854,0,854,253,1107,77.1454
第15任總統副總統,在嘉義市各投開票所,嘉義市,　東區,興村里,0063,43,330,513,886,8,894,0,894,279,1173,76.2148
第15任總統副總統,在嘉義市各投開票所,嘉義市,　東區,興村里,0064,49,399,657,1105,11,1116,0,1116,364,1480,75.4054
第15任總統副總統,在嘉義市各投開票所,嘉義市,　東區,興安里,0065,36,264,534,834,15,849,0,849,280,1129,75.1993
第15任總統副總統,在嘉義市各投開票所,嘉義市,　東區,興安里,0066,42,431,620,1093,9,1102,0,1102,325,1427,77.2249
第15任總統副總統,在嘉義市各投開票所,嘉義市,　東區,興仁里,0067,28,337,558,923,3,926,0,926,246,1172,79.0102
第15任總統副總統,在嘉義市各投開票所,嘉義市,　東區,興仁里,0068,43,369,511,923,13,936,0,936,302,1238,75.6058
第15任總統副總統,在嘉義市各投開票所,嘉義市,　東區,興仁里,0069,33,311,505,849,4,853,0,853,295,1148,74.3031
第15任總統副總統,在嘉義市各投開票所,嘉義市,　東區,北門里,0070,28,259,527,814,9,823,0,823,294,1117,73.6795
第15任總統副總統,在嘉義市各投開票所,嘉義市,　東區,北門里,0071,32,216,461,709,8,717,0,717,238,955,75.0785
第15任總統副總統,在嘉義市各投開票所,嘉義市,　東區,林森里,0072,46,311,635,992,11,1003,0,1003,290,1293,77.5715
第15任總統副總統,在嘉義市各投開票所,嘉義市,　東區,林森里,0073,33,244,458,735,9,744,0,744,204,948,78.4810
第15任總統副總統,在嘉義市各投開票所,嘉義市,　東區,中庄里,0074,33,244,434,711,8,719,0,719,270,989,72.6997
第15任總統副總統,在嘉義市各投開票所,嘉義市,　東區,中庄里,0075,41,324,462,827,10,837,0,837,231,1068,78.3708
第15任總統副總統,在嘉義市各投開票所,嘉義市,　東區,中庄里,0076,41,256,497,794,10,804,0,804,223,1027,78.2863
第15任總統副總統,在嘉義市各投開票所,嘉義市,　東區,頂庄里,0077,32,306,535,873,10,883,0,883,285,1168,75.5993
第15任總統副總統,在嘉義市各投開票所,嘉義市,　東區,頂庄里,0078,40,279,416,735,6,741,0,741,209,950,78.0000
第15任總統副總統,在嘉義市各投開票所,嘉義市,　東區,義教里,0079,34,359,588,981,11,992,0,992,318,1310,75.7252
第15任總統副總統,在嘉義市各投開票所,嘉義市,　東區,義教里,0080,36,330,629,995,3,998,0,998,364,1362,73.2746
第15任總統副總統,在嘉義市各投開票所,嘉義市,　東區,仁義里,0081,52,334,597,983,8,991,0,991,363,1354,73.1905
第15任總統副總統,在嘉義市各投開票所,嘉義市,　東區,仁義里,0082,45,411,607,1063,7,1070,0,1070,304,1374,77.8748
第15任總統副總統,在嘉義市各投開票所,嘉義市,　東區,後湖里,0083,41,235,515,791,9,800,0,800,254,1054,75.9013
第15任總統副總統,在嘉義市各投開票所,嘉義市,　東區,後湖里,0084,40,308,554,902,9,911,0,911,263,1174,77.5980
第15任總統副總統,在嘉義市各投開票所,嘉義市,　東區,後湖里,0085,41,280,451,772,8,780,0,780,250,1030,75.7282
第15任總統副總統,在嘉義市各投開票所,嘉義市,　東區,荖藤里,0086,38,217,680,935,4,939,0,939,311,1250,75.1200
第15任總統副總統,在嘉義市各投開票所,嘉義市,　東區,荖藤里,0087,30,236,444,710,5,715,0,715,223,938,76.2260
第15任總統副總統,在嘉義市各投開票所,嘉義市,　東區,荖藤里,0088,55,249,451,755,7,762,0,762,314,1076,70.8178
第15任總統副總統,在嘉義市各投開票所,嘉義市,　東區,荖藤里,0089,33,259,504,796,8,804,0,804,230,1034,77.7563
第15任總統副總統,在嘉義市各投開票所,嘉義市,　東區,東區各里平地、山地原住民,0090,7,120,137,264,3,267,0,267,161,428,62.3832
第15任總統副總統,在嘉義市各投開票所,嘉義市,　西區,書院里,0091,29,190,421,640,5,645,0,645,213,858,75.1748
第15任總統副總統,在嘉義市各投開票所,嘉義市,　西區,書院里,0092,28,279,462,769,11,780,1,781,265,1046,74.5698
第15任總統副總統,在嘉義市各投開票所,嘉義市,　西區,永和里,0093,27,220,463,710,6,716,0,716,260,976,73.3607
第15任總統副總統,在嘉義市各投開票所,嘉義市,　西區,永和里,0094,29,232,419,680,8,688,0,688,197,885,77.7401
第15任總統副總統,在嘉義市各投開票所,嘉義市,　西區,新富里,0095,44,333,825,1202,9,1211,0,1211,406,1617,74.8918
第15任總統副總統,在嘉義市各投開票所,嘉義市,　西區,文化里,0096,37,304,521,862,7,869,0,869,292,1161,74.8493
第15任總統副總統,在嘉義市各投開票所,嘉義市,　西區,文化里,0097,32,205,534,771,6,777,0,777,248,1025,75.8049
第15任總統副總統,在嘉義市各投開票所,嘉義市,　西區,西榮里,0098,28,225,542,795,13,808,0,808,277,1085,74.4700
第15任總統副總統,在嘉義市各投開票所,嘉義市,　西區,西榮里,0099,31,255,527,813,10,823,0,823,252,1075,76.5581
第15任總統副總統,在嘉義市各投開票所,嘉義市,　西區,番社里,0100,31,340,669,1040,10,1050,0,1050,299,1349,77.8354
第15任總統副總統,在嘉義市各投開票所,嘉義市,　西區,國華里,0101,34,309,607,950,6,956,0,956,324,1280,74.6875
第15任總統副總統,在嘉義市各投開票所,嘉義市,　西區,大溪里,0102,32,208,488,728,4,732,0,732,290,1022,71.6243
第15任總統副總統,在嘉義市各投開票所,嘉義市,　西區,大溪里,0103,32,208,527,767,11,778,0,778,244,1022,76.1252
第15任總統副總統,在嘉義市各投開票所,嘉義市,　西區,磚磘里,0104,37,187,504,728,6,734,0,734,240,974,75.3593
第15任總統副總統,在嘉義市各投開票所,嘉義市,　西區,磚磘里,0105,34,206,580,820,11,831,0,831,311,1142,72.7671
第15任總統副總統,在嘉義市各投開票所,嘉義市,　西區,磚磘里,0106,39,314,580,933,15,948,0,948,301,1249,75.9007
第15任總統副總統,在嘉義市各投開票所,嘉義市,　西區,福全里,0107,34,268,557,859,5,864,0,864,302,1166,74.0995
第15任總統副總統,在嘉義市各投開票所,嘉義市,　西區,福全里,0108,36,282,616,934,13,947,0,947,303,1250,75.7600
第15任總統副總統,在嘉義市各投開票所,嘉義市,　西區,福全里,0109,56,424,688,1168,7,1175,0,1175,417,1592,73.8065
第15任總統副總統,在嘉義市各投開票所,嘉義市,　西區,福安里,0110,37,305,702,1044,9,1053,0,1053,291,1344,78.3482
第15任總統副總統,在嘉義市各投開票所,嘉義市,　西區,福安里,0111,45,317,652,1014,13,1027,0,1027,321,1348,76.1869
第15任總統副總統,在嘉義市各投開票所,嘉義市,　西區,福安里,0112,33,353,632,1018,9,1027,0,1027,325,1352,75.9615
第15任總統副總統,在嘉義市各投開票所,嘉義市,　西區,新西里,0113,17,179,440,636,6,642,0,642,184,826,77.7240
第15任總統副總統,在嘉義市各投開票所,嘉義市,　西區,新西里,0114,32,291,512,835,7,842,0,842,306,1148,73.3449
第15任總統副總統,在嘉義市各投開票所,嘉義市,　西區,港坪里,0115,32,274,431,737,7,744,0,744,199,943,78.8971
第15任總統副總統,在嘉義市各投開票所,嘉義市,　西區,港坪里,0116,24,284,511,819,10,829,0,829,220,1049,79.0276
第15任總統副總統,在嘉義市各投開票所,嘉義市,　西區,港坪里,0117,42,286,617,945,4,949,0,949,254,1203,78.8861
第15任總統副總統,在嘉義市各投開票所,嘉義市,　西區,頭港里,0118,38,210,459,707,5,712,0,712,224,936,76.0684
第15任總統副總統,在嘉義市各投開票所,嘉義市,　西區,頭港里,0119,22,190,442,654,6,660,0,660,188,848,77.8302
第15任總統副總統,在嘉義市各投開票所,嘉義市,　西區,西平里,0120,16,220,545,781,10,791,0,791,236,1027,77.0204
第15任總統副總統,在嘉義市各投開票所,嘉義市,　西區,西平里,0121,35,295,463,793,4,797,0,797,231,1028,77.5292
第15任總統副總統,在嘉義市各投開票所,嘉義市,　西區,西平里,0122,44,249,500,793,8,801,0,801,196,997,80.3410
第15任總統副總統,在嘉義市各投開票所,嘉義市,　西區,劉厝里,0123,48,357,607,1012,9,1021,0,1021,295,1316,77.5836
第15任總統副總統,在嘉義市各投開票所,嘉義市,　西區,劉厝里,0124,41,327,514,882,6,888,0,888,288,1176,75.5102
第15任總統副總統,在嘉義市各投開票所,嘉義市,　西區,劉厝里,0125,46,369,649,1064,11,1075,0,1075,307,1382,77.7858
第15任總統副總統,在嘉義市各投開票所,嘉義市,　西區,劉厝里,0126,26,332,526,884,9,893,0,893,294,1187,75.2317
第15任總統副總統,在嘉義市各投開票所,嘉義市,　西區,劉厝里,0127,40,382,612,1034,17,1051,0,1051,275,1326,79.2609
第15任總統副總統,在嘉義市各投開票所,嘉義市,　西區,自強里,0128,43,408,719,1170,8,1178,0,1178,357,1535,76.7427
第15任總統副總統,在嘉義市各投開票所,嘉義市,　西區,美源里,0129,20,157,480,657,11,668,0,668,224,892,74.8879
第15任總統副總統,在嘉義市各投開票所,嘉義市,　西區,美源里,0130,41,463,659,1163,8,1171,0,1171,386,1557,75.2087
第15任總統副總統,在嘉義市各投開票所,嘉義市,　西區,美源里,0131,37,337,461,835,7,842,0,842,251,1093,77.0357
第15任總統副總統,在嘉義市各投開票所,嘉義市,　西區,湖內里,0132,45,232,679,956,11,967,0,967,337,1304,74.1564
第15任總統副總統,在嘉義市各投開票所,嘉義市,　西區,湖內里,0133,32,271,657,960,12,972,0,972,269,1241,78.3239
第15任總統副總統,在嘉義市各投開票所,嘉義市,　西區,湖內里,0134,39,395,804,1238,17,1255,0,1255,367,1622,77.3736
第15任總統副總統,在嘉義市各投開票所,嘉義市,　西區,獅子里,0135,39,373,591,1003,10,1013,0,1013,301,1314,77.0928
第15任總統副總統,在嘉義市各投開票所,嘉義市,　西區,獅子里,0136,36,338,629,1003,5,1008,0,1008,322,1330,75.7895
第15任總統副總統,在嘉義市各投開票所,嘉義市,　西區,紅瓦里,0137,42,351,777,1170,12,1182,0,1182,368,1550,76.2581
第15任總統副總統,在嘉義市各投開票所,嘉義市,　西區,光路里,0138,31,294,557,882,12,894,0,894,300,1194,74.8744
第15任總統副總統,在嘉義市各投開票所,嘉義市,　西區,光路里,0139,35,348,556,939,12,951,0,951,289,1240,76.6935
第15任總統副總統,在嘉義市各投開票所,嘉義市,　西區,光路里,0140,26,365,600,991,11,1002,0,1002,305,1307,76.6641
第15任總統副總統,在嘉義市各投開票所,嘉義市,　西區,光路里,0141,32,328,513,873,8,881,0,881,236,1117,78.8720
第15任總統副總統,在嘉義市各投開票所,嘉義市,　西區,福民里,0142,35,313,547,895,15,910,1,911,219,1130,80.5310
第15任總統副總統,在嘉義市各投開票所,嘉義市,　西區,福民里,0143,42,314,629,985,6,991,0,991,266,1257,78.8385
第15任總統副總統,在嘉義市各投開票所,嘉義市,　西區,福民里,0144,34,306,605,945,6,951,0,951,587,1538,61.8336
第15任總統副總統,在嘉義市各投開票所,嘉義市,　西區,福民里,0145,39,367,624,1030,7,1037,0,1037,298,1335,77.6779
第15任總統副總統,在嘉義市各投開票所,嘉義市,　西區,車店里,0146,39,378,715,1132,9,1141,0,1141,358,1499,76.1174
第15任總統副總統,在嘉義市各投開票所,嘉義市,　西區,車店里,0147,38,320,579,937,11,948,0,948,292,1240,76.4516
第15任總統副總統,在嘉義市各投開票所,嘉義市,　西區,車店里,0148,47,363,562,972,13,985,0,985,288,1273,77.3763
第15任總統副總統,在嘉義市各投開票所,嘉義市,　西區,車店里,0149,44,369,718,1131,14,1145,0,1145,360,1505,76.0797
第15任總統副總統,在嘉義市各投開票所,嘉義市,　西區,垂楊里,0150,16,153,367,536,10,546,0,546,183,729,74.8971
第15任總統副總統,在嘉義市各投開票所,嘉義市,　西區,垂楊里,0151,24,294,482,800,9,809,0,809,328,1137,71.1522
第15任總統副總統,在嘉義市各投開票所,嘉義市,　西區,培元里,0152,15,150,426,591,4,595,0,595,156,751,79.2277
第15任總統副總統,在嘉義市各投開票所,嘉義市,　西區,培元里,0153,16,442,195,653,8,661,0,661,190,851,77.6733
第15任總統副總統,在嘉義市各投開票所,嘉義市,　西區,育英里,0154,32,249,426,707,3,710,0,710,223,933,76.0986
第15任總統副總統,在嘉義市各投開票所,嘉義市,　西區,育英里,0155,17,219,394,630,6,636,0,636,172,808,78.7129
第15任總統副總統,在嘉義市各投開票所,嘉義市,　西區,致遠里,0156,17,411,206,634,5,639,0,639,208,847,75.4427
第15任總統副總統,在嘉義市各投開票所,嘉義市,　西區,致遠里,0157,28,433,169,630,5,635,0,635,208,843,75.3262
第15任總統副總統,在嘉義市各投開票所,嘉義市,　西區,翠岱里,0158,37,709,312,1058,5,1063,0,1063,290,1353,78.5661
第15任總統副總統,在嘉義市各投開票所,嘉義市,　西區,導明里,0159,21,157,371,549,4,553,0,553,177,730,75.7534
第15任總統副總統,在嘉義市各投開票所,嘉義市,　西區,導明里,0160,18,207,355,580,6,586,0,586,214,800,73.2500
第15任總統副總統,在嘉義市各投開票所,嘉義市,　西區,北榮里,0161,34,233,579,846,7,853,0,853,253,1106,77.1248
第15任總統副總統,在嘉義市各投開票所,嘉義市,　西區,北榮里,0162,41,237,526,804,11,815,0,815,225,1040,78.3654
第15任總統副總統,在嘉義市各投開票所,嘉義市,　西區,慶安里,0163,14,168,374,556,6,562,0,562,173,735,76.4626
第15任總統副總統,在嘉義市各投開票所,嘉義市,　西區,慶安里,0164,17,166,388,571,6,577,0,577,205,782,73.7852
第15任總統副總統,在嘉義市各投開票所,嘉義市,　西區,香湖里,0165,9,183,366,558,7,565,0,565,200,765,73.8562
第15任總統副總統,在嘉義市各投開票所,嘉義市,　西區,重興里,0166,32,249,490,771,5,776,0,776,294,1070,72.5234
第15任總統副總統,在嘉義市各投開票所,嘉義市,　西區,重興里,0167,24,180,413,617,4,621,0,621,199,820,75.7317
第15任總統副總統,在嘉義市各投開票所,嘉義市,　西區,後驛里,0168,36,236,549,821,8,829,0,829,296,1125,73.6889
第15任總統副總統,在嘉義市各投開票所,嘉義市,　西區,後驛里,0169,26,176,474,676,14,690,0,690,224,914,75.4923
第15任總統副總統,在嘉義市各投開票所,嘉義市,　西區,湖邊里,0170,23,152,532,707,5,712,0,712,237,949,75.0263
第15任總統副總統,在嘉義市各投開票所,嘉義市,　西區,湖邊里,0171,31,240,493,764,5,769,0,769,258,1027,74.8783
第15任總統副總統,在嘉義市各投開票所,嘉義市,　西區,竹圍里,0172,30,321,661,1012,8,1020,0,1020,328,1348,75.6677
第15任總統副總統,在嘉義市各投開票所,嘉義市,　西區,竹圍里,0173,32,332,705,1069,18,1087,0,1087,384,1471,73.8953
第15任總統副總統,在嘉義市各投開票所,嘉義市,　西區,竹圍里,0174,41,374,656,1071,13,1084,0,1084,361,1445,75.0173
第15任總統副總統,在嘉義市各投開票所,嘉義市,　西區,保生里,0175,26,264,620,910,11,921,0,921,309,1230,74.8780
第15任總統副總統,在嘉義市各投開票所,嘉義市,　西區,保生里,0176,43,329,609,981,7,988,0,988,285,1273,77.6119
第15任總統副總統,在嘉義市各投開票所,嘉義市,　西區,保生里,0177,48,367,838,1253,11,1264,0,1264,404,1668,75.7794
第15任總統副總統,在嘉義市各投開票所,嘉義市,　西區,保安里,0178,55,419,780,1254,16,1270,0,1270,347,1617,78.5405
第15任總統副總統,在嘉義市各投開票所,嘉義市,　西區,保安里,0179,53,371,721,1145,10,1155,0,1155,363,1518,76.0870
第15任總統副總統,在嘉義市各投開票所,嘉義市,　西區,北新里,0180,26,236,573,835,10,845,0,845,210,1055,80.0948
第15任總統副總統,在嘉義市各投開票所,嘉義市,　西區,新厝里,0181,46,308,771,1125,9,1134,0,1134,306,1440,78.7500
第15任總統副總統,在嘉義市各投開票所,嘉義市,　西區,新厝里,0182,30,279,679,988,10,998,0,998,337,1335,74.7566
第15任總統副總統,在嘉義市各投開票所,嘉義市,　西區,新厝里,0183,34,259,655,948,5,953,0,953,235,1188,80.2189
第15任總統副總統,在嘉義市各投開票所,嘉義市,　西區,保福里,0184,32,294,569,895,7,902,0,902,337,1239,72.8006
第15任總統副總統,在嘉義市各投開票所,嘉義市,　西區,保福里,0185,28,308,529,865,7,872,0,872,295,1167,74.7215
第15任總統副總統,在嘉義市各投開票所,嘉義市,　西區,保福里,0186,33,268,483,784,8,792,0,792,291,1083,73.1302
第15任總統副總統,在嘉義市各投開票所,嘉義市,　西區,竹村里,0187,29,261,577,867,7,874,0,874,238,1112,78.5971
第15任總統副總統,在嘉義市各投開票所,嘉義市,　西區,北湖里,0188,40,365,715,1120,12,1132,0,1132,364,1496,75.6684
第15任總統副總統,在嘉義市各投開票所,嘉義市,　西區,北湖里,0189,26,277,706,1009,5,1014,0,1014,287,1301,77.9400
第15任總統副總統,在嘉義市各投開票所,嘉義市,　西區,下埤里,0190,44,339,739,1122,10,1132,0,1132,365,1497,75.6179
第15任總統副總統,在嘉義市各投開票所,嘉義市,　西區,西區各里平地、山地原住民,0191,11,78,119,208,3,211,0,211,127,338,62.4260
第15任總統副總統,在嘉義縣各投開票所,嘉義縣,　太保市,太保里,0094,43,331,473,847,8,855,1,856,319,1175,72.7660
第15任總統副總統,在嘉義縣各投開票所,嘉義縣,　太保市,太保里,0095,43,259,436,738,11,749,0,749,295,1044,71.7433
第15任總統副總統,在嘉義縣各投開票所,嘉義縣,　太保市,後庄里,0096,8,80,264,352,3,355,0,355,112,467,76.0171
第15任總統副總統,在嘉義縣各投開票所,嘉義縣,　太保市,前潭里,0097,15,141,350,506,5,511,0,511,189,700,73.0000
第15任總統副總統,在嘉義縣各投開票所,嘉義縣,　太保市,前潭里,0098,21,142,386,549,9,558,0,558,169,727,76.7538
第15任總統副總統,在嘉義縣各投開票所,嘉義縣,　太保市,後潭里,0099,11,175,375,561,3,564,0,564,188,752,75.0000
第15任總統副總統,在嘉義縣各投開票所,嘉義縣,　太保市,後潭里,0100,29,215,418,662,13,675,0,675,203,878,76.8793
第15任總統副總統,在嘉義縣各投開票所,嘉義縣,　太保市,梅埔里,0101,19,188,307,514,6,520,0,520,205,725,71.7241
第15任總統副總統,在嘉義縣各投開票所,嘉義縣,　太保市,梅埔里,0102,14,87,179,280,4,284,0,284,95,379,74.9340
第15任總統副總統,在嘉義縣各投開票所,嘉義縣,　太保市,春珠里,0103,17,247,536,800,16,816,0,816,258,1074,75.9777
第15任總統副總統,在嘉義縣各投開票所,嘉義縣,　太保市,崙頂里,0104,25,240,360,625,12,637,0,637,187,824,77.3058
第15任總統副總統,在嘉義縣各投開票所,嘉義縣,　太保市,安仁里,0105,3,47,99,149,3,152,0,152,70,222,68.4685
第15任總統副總統,在嘉義縣各投開票所,嘉義縣,　太保市,安仁里,0106,16,132,299,447,13,460,0,460,193,653,70.4441
第15任總統副總統,在嘉義縣各投開票所,嘉義縣,　太保市,安仁里,0107,36,241,336,613,7,620,0,620,166,786,78.8804
第15任總統副總統,在嘉義縣各投開票所,嘉義縣,　太保市,安仁里,0108,15,244,365,624,7,631,0,631,168,799,78.9737
第15任總統副總統,在嘉義縣各投開票所,嘉義縣,　太保市,東勢里,0109,23,202,425,650,13,663,0,663,207,870,76.2069
第15任總統副總統,在嘉義縣各投開票所,嘉義縣,　太保市,東勢里,0110,39,198,351,588,5,593,0,593,163,756,78.4392
第15任總統副總統,在嘉義縣各投開票所,嘉義縣,　太保市,新埤里,0111,16,105,322,443,7,450,0,450,168,618,72.8155
第15任總統副總統,在嘉義縣各投開票所,嘉義縣,　太保市,新埤里,0112,11,123,323,457,3,460,0,460,153,613,75.0408
第15任總統副總統,在嘉義縣各投開票所,嘉義縣,　太保市,舊埤里,0113,13,185,362,560,18,578,0,578,216,794,72.7960
第15任總統副總統,在嘉義縣各投開票所,嘉義縣,　太保市,舊埤里,0114,54,357,709,1120,6,1126,0,1126,422,1548,72.7390
第15任總統副總統,在嘉義縣各投開票所,嘉義縣,　太保市,田尾里,0115,10,91,241,342,2,344,0,344,125,469,73.3475
第15任總統副總統,在嘉義縣各投開票所,嘉義縣,　太保市,田尾里,0116,6,71,99,176,2,178,0,178,62,240,74.1667
第15任總統副總統,在嘉義縣各投開票所,嘉義縣,　太保市,港尾里,0117,5,61,153,219,3,222,0,222,89,311,71.3826
第15任總統副總統,在嘉義縣各投開票所,嘉義縣,　太保市,港尾里,0118,13,74,100,187,1,188,0,188,63,251,74.9004
第15任總統副總統,在嘉義縣各投開票所,嘉義縣,　太保市,過溝里,0119,29,153,623,805,12,817,0,817,216,1033,79.0900
第15任總統副總統,在嘉義縣各投開票所,嘉義縣,　太保市,過溝里,0120,29,151,360,540,6,546,0,546,192,738,73.9837
第15任總統副總統,在嘉義縣各投開票所,嘉義縣,　太保市,過溝里,0121,29,200,493,722,4,726,0,726,184,910,79.7802
第15任總統副總統,在嘉義縣各投開票所,嘉義縣,　太保市,過溝里,0122,18,156,264,438,1,439,0,439,165,604,72.6821
第15任總統副總統,在嘉義縣各投開票所,嘉義縣,　太保市,麻寮里,0123,29,193,403,625,4,629,0,629,271,900,69.8889
第15任總統副總統,在嘉義縣各投開票所,嘉義縣,　太保市,麻寮里,0124,19,168,451,638,8,646,0,646,213,859,75.2037
第15任總統副總統,在嘉義縣各投開票所,嘉義縣,　太保市,麻寮里,0125,37,192,447,676,6,682,0,682,189,871,78.3008
第15任總統副總統,在嘉義縣各投開票所,嘉義縣,　太保市,麻寮里,0126,32,203,432,667,9,676,0,676,225,901,75.0277
第15任總統副總統,在嘉義縣各投開票所,嘉義縣,　太保市,麻寮里,0127,35,166,415,616,4,620,0,620,175,795,77.9874
第15任總統副總統,在嘉義縣各投開票所,嘉義縣,　太保市,南新里,0128,15,145,444,604,8,612,0,612,199,811,75.4624
第15任總統副總統,在嘉義縣各投開票所,嘉義縣,　太保市,南新里,0129,25,191,529,745,9,754,0,754,216,970,77.7320
第15任總統副總統,在嘉義縣各投開票所,嘉義縣,　太保市,北新里,0130,33,209,583,825,13,838,0,838,249,1087,77.0929
第15任總統副總統,在嘉義縣各投開票所,嘉義縣,　太保市,北新里,0131,33,261,588,882,7,889,0,889,274,1163,76.4402
第15任總統副總統,在嘉義縣各投開票所,嘉義縣,　太保市,北新里,0132,18,158,332,508,4,512,0,512,193,705,72.6241
第15任總統副總統,在嘉義縣各投開票所,嘉義縣,　太保市,埤鄉里,0133,19,152,336,507,8,515,0,515,153,668,77.0958
第15任總統副總統,在嘉義縣各投開票所,嘉義縣,　朴子市,安福里,0058,32,318,464,814,3,817,0,817,297,1114,73.3393
第15任總統副總統,在嘉義縣各投開票所,嘉義縣,　朴子市,安福里,0059,18,185,310,513,6,519,0,519,204,723,71.7842
第15任總統副總統,在嘉義縣各投開票所,嘉義縣,　朴子市,平和里,0060,31,322,525,878,8,886,0,886,302,1188,74.5791
第15任總統副總統,在嘉義縣各投開票所,嘉義縣,　朴子市,平和里,0061,35,312,458,805,15,820,0,820,210,1030,79.6117
第15任總統副總統,在嘉義縣各投開票所,嘉義縣,　朴子市,內厝里,0062,32,223,560,815,10,825,0,825,251,1076,76.6729
第15任總統副總統,在嘉義縣各投開票所,嘉義縣,　朴子市,開元里,0063,5,87,207,299,2,301,0,301,83,384,78.3854
第15任總統副總統,在嘉義縣各投開票所,嘉義縣,　朴子市,順天里,0064,17,154,276,447,6,453,0,453,165,618,73.3010
第15任總統副總統,在嘉義縣各投開票所,嘉義縣,　朴子市,中正里,0065,16,165,285,466,10,476,0,476,151,627,75.9171
第15任總統副總統,在嘉義縣各投開票所,嘉義縣,　朴子市,博厚里,0066,25,181,406,612,4,616,0,616,168,784,78.5714
第15任總統副總統,在嘉義縣各投開票所,嘉義縣,　朴子市,文化里,0067,18,162,371,551,5,556,0,556,205,761,73.0618
第15任總統副總統,在嘉義縣各投開票所,嘉義縣,　朴子市,文化里,0068,30,252,420,702,9,711,0,711,201,912,77.9605
第15任總統副總統,在嘉義縣各投開票所,嘉義縣,　朴子市,永和里,0069,32,258,499,789,7,796,0,796,289,1085,73.3641
第15任總統副總統,在嘉義縣各投開票所,嘉義縣,　朴子市,永和里,0070,24,275,667,966,9,975,0,975,359,1334,73.0885
第15任總統副總統,在嘉義縣各投開票所,嘉義縣,　朴子市,竹圍里,0071,49,396,645,1090,13,1103,0,1103,340,1443,76.4380
第15任總統副總統,在嘉義縣各投開票所,嘉義縣,　朴子市,竹圍里,0072,29,259,593,881,8,889,0,889,275,1164,76.3746
第15任總統副總統,在嘉義縣各投開票所,嘉義縣,　朴子市,竹圍里,0073,35,389,660,1084,6,1090,0,1090,336,1426,76.4376
第15任總統副總統,在嘉義縣各投開票所,嘉義縣,　朴子市,新寮里,0074,8,156,309,473,9,482,0,482,172,654,73.7003
第15任總統副總統,在嘉義縣各投開票所,嘉義縣,　朴子市,双溪里,0075,8,122,268,398,4,402,0,402,198,600,67.0000
第15任總統副總統,在嘉義縣各投開票所,嘉義縣,　朴子市,溪口里,0076,19,160,369,548,6,554,0,554,219,773,71.6688
第15任總統副總統,在嘉義縣各投開票所,嘉義縣,　朴子市,德興里,0077,15,158,570,743,7,750,0,750,241,991,75.6811
第15任總統副總統,在嘉義縣各投開票所,嘉義縣,　朴子市,仁和里,0078,59,370,791,1220,13,1233,0,1233,402,1635,75.4128
第15任總統副總統,在嘉義縣各投開票所,嘉義縣,　朴子市,大鄉里,0079,38,340,612,990,20,1010,0,1010,368,1378,73.2946
第15任總統副總統,在嘉義縣各投開票所,嘉義縣,　朴子市,大鄉里,0080,24,199,395,618,4,622,0,622,233,855,72.7485
第15任總統副總統,在嘉義縣各投開票所,嘉義縣,　朴子市,大鄉里,0081,24,149,474,647,13,660,0,660,243,903,73.0897
第15任總統副總統,在嘉義縣各投開票所,嘉義縣,　朴子市,大葛里,0082,37,316,725,1078,12,1090,1,1091,481,1572,69.3384
第15任總統副總統,在嘉義縣各投開票所,嘉義縣,　朴子市,大葛里,0083,42,385,531,958,10,968,0,968,269,1237,78.2538
第15任總統副總統,在嘉義縣各投開票所,嘉義縣,　朴子市,佳禾里,0084,12,162,314,488,10,498,0,498,218,716,69.5531
第15任總統副總統,在嘉義縣各投開票所,嘉義縣,　朴子市,竹村里,0085,24,230,478,732,12,744,0,744,284,1028,72.3735
第15任總統副總統,在嘉義縣各投開票所,嘉義縣,　朴子市,崁前里,0086,14,133,413,560,10,570,0,570,295,865,65.8960
第15任總統副總統,在嘉義縣各投開票所,嘉義縣,　朴子市,崁後里,0087,14,114,344,472,8,480,0,480,222,702,68.3761
第15任總統副總統,在嘉義縣各投開票所,嘉義縣,　朴子市,順安里,0088,6,47,126,179,0,179,0,179,72,251,71.3147
第15任總統副總統,在嘉義縣各投開票所,嘉義縣,　朴子市,德家里,0089,8,139,357,504,6,510,0,510,235,745,68.4564
第15任總統副總統,在嘉義縣各投開票所,嘉義縣,　朴子市,新庄里,0090,14,152,302,468,5,473,0,473,211,684,69.1520
第15任總統副總統,在嘉義縣各投開票所,嘉義縣,　朴子市,梅華里,0091,14,160,542,716,12,728,0,728,283,1011,72.0079
第15任總統副總統,在嘉義縣各投開票所,嘉義縣,　朴子市,松華里,0092,12,163,606,781,9,790,0,790,390,1180,66.9492
第15任總統副總統,在嘉義縣各投開票所,嘉義縣,　朴子市,南竹里,0093,3,64,264,331,6,337,0,337,148,485,69.4845
第15任總統副總統,在嘉義縣各投開票所,嘉義縣,　布袋鎮,岱江里,0134,11,165,208,384,7,391,0,391,208,599,65.2755
第15任總統副總統,在嘉義縣各投開票所,嘉義縣,　布袋鎮,九龍里,0135,6,80,157,243,7,250,0,250,113,363,68.8705
第15任總統副總統,在嘉義縣各投開票所,嘉義縣,　布袋鎮,岑海里,0136,16,252,379,647,13,660,0,660,240,900,73.3333
第15任總統副總統,在嘉義縣各投開票所,嘉義縣,　布袋鎮,岑海里,0137,28,273,492,793,14,807,0,807,345,1152,70.0521
第15任總統副總統,在嘉義縣各投開票所,嘉義縣,　布袋鎮,興中里,0138,32,273,433,738,21,759,0,759,315,1074,70.6704
第15任總統副總統,在嘉義縣各投開票所,嘉義縣,　布袋鎮,光復里,0139,19,248,411,678,9,687,0,687,252,939,73.1629
第15任總統副總統,在嘉義縣各投開票所,嘉義縣,　布袋鎮,光復里,0140,14,206,269,489,10,499,0,499,167,666,74.9249
第15任總統副總統,在嘉義縣各投開票所,嘉義縣,　布袋鎮,見龍里,0141,23,211,386,620,10,630,0,630,196,826,76.2712
第15任總統副總統,在嘉義縣各投開票所,嘉義縣,　布袋鎮,新厝里,0142,18,173,237,428,6,434,0,434,249,683,63.5432
第15任總統副總統,在嘉義縣各投開票所,嘉義縣,　布袋鎮,龍江里,0143,13,165,283,461,12,473,0,473,267,740,63.9189
第15任總統副總統,在嘉義縣各投開票所,嘉義縣,　布袋鎮,振寮里,0144,12,217,232,461,11,472,0,472,260,732,64.4809
第15任總統副總統,在嘉義縣各投開票所,嘉義縣,　布袋鎮,西安里,0145,22,291,476,789,8,797,0,797,334,1131,70.4686
第15任總統副總統,在嘉義縣各投開票所,嘉義縣,　布袋鎮,中安里,0146,24,242,633,899,20,919,0,919,440,1359,67.6233
第15任總統副總統,在嘉義縣各投開票所,嘉義縣,　布袋鎮,東安里,0147,21,244,647,912,12,924,0,924,368,1292,71.5170
第15任總統副總統,在嘉義縣各投開票所,嘉義縣,　布袋鎮,樹林里,0148,4,65,135,204,3,207,0,207,58,265,78.1132
第15任總統副總統,在嘉義縣各投開票所,嘉義縣,　布袋鎮,樹林里,0149,5,54,95,154,5,159,0,159,76,235,67.6596
第15任總統副總統,在嘉義縣各投開票所,嘉義縣,　布袋鎮,貴舍里,0150,11,143,296,450,6,456,0,456,191,647,70.4791
第15任總統副總統,在嘉義縣各投開票所,嘉義縣,　布袋鎮,永安里,0151,22,263,468,753,17,770,0,770,330,1100,70.0000
第15任總統副總統,在嘉義縣各投開票所,嘉義縣,　布袋鎮,東港里,0152,20,169,460,649,13,662,0,662,250,912,72.5877
第15任總統副總統,在嘉義縣各投開票所,嘉義縣,　布袋鎮,東港里,0153,18,241,402,661,7,668,0,668,260,928,71.9828
第15任總統副總統,在嘉義縣各投開票所,嘉義縣,　布袋鎮,江山里,0154,10,71,132,213,2,215,0,215,67,282,76.2411
第15任總統副總統,在嘉義縣各投開票所,嘉義縣,　布袋鎮,菜舖里,0155,9,118,148,275,5,280,0,280,130,410,68.2927
第15任總統副總統,在嘉義縣各投開票所,嘉義縣,　布袋鎮,考試里,0156,0,36,49,85,0,85,0,85,34,119,71.4286
第15任總統副總統,在嘉義縣各投開票所,嘉義縣,　布袋鎮,考試里,0157,0,33,75,108,1,109,0,109,58,167,65.2695
第15任總統副總統,在嘉義縣各投開票所,嘉義縣,　布袋鎮,新岑里,0158,18,188,470,676,1,677,0,677,244,921,73.5071
第15任總統副總統,在嘉義縣各投開票所,嘉義縣,　布袋鎮,新民里,0159,23,283,573,879,9,888,0,888,384,1272,69.8113
第15任總統副總統,在嘉義縣各投開票所,嘉義縣,　布袋鎮,復興里,0160,26,250,484,760,9,769,0,769,326,1095,70.2283
第15任總統副總統,在嘉義縣各投開票所,嘉義縣,　布袋鎮,復興里,0161,47,256,549,852,8,860,0,860,346,1206,71.3101
第15任總統副總統,在嘉義縣各投開票所,嘉義縣,　布袋鎮,好美里,0162,21,198,510,729,14,743,0,743,325,1068,69.5693
第15任總統副總統,在嘉義縣各投開票所,嘉義縣,　大林鎮,東林里,0274,20,131,213,364,3,367,0,367,110,477,76.9392
第15任總統副總統,在嘉義縣各投開票所,嘉義縣,　大林鎮,西林里,0275,35,208,414,657,2,659,0,659,217,876,75.2283
第15任總統副總統,在嘉義縣各投開票所,嘉義縣,　大林鎮,西林里,0276,26,262,452,740,7,747,0,747,189,936,79.8077
第15任總統副總統,在嘉義縣各投開票所,嘉義縣,　大林鎮,吉林里,0277,21,269,369,659,7,666,0,666,219,885,75.2542
第15任總統副總統,在嘉義縣各投開票所,嘉義縣,　大林鎮,平林里,0278,37,328,639,1004,13,1017,0,1017,349,1366,74.4510
第15任總統副總統,在嘉義縣各投開票所,嘉義縣,　大林鎮,平林里,0279,42,352,571,965,9,974,0,974,376,1350,72.1481
第15任總統副總統,在嘉義縣各投開票所,嘉義縣,　大林鎮,平林里,0280,59,359,676,1094,14,1108,0,1108,344,1452,76.3085
第15任總統副總統,在嘉義縣各投開票所,嘉義縣,　大林鎮,平林里,0281,41,420,676,1137,14,1151,0,1151,345,1496,76.9385
第15任總統副總統,在嘉義縣各投開票所,嘉義縣,　大林鎮,明華里,0282,22,233,557,812,19,831,0,831,287,1118,74.3292
第15任總統副總統,在嘉義縣各投開票所,嘉義縣,　大林鎮,明和里,0283,49,416,786,1251,9,1260,2,1262,453,1715,73.4694
第15任總統副總統,在嘉義縣各投開票所,嘉義縣,　大林鎮,排路里,0284,17,92,303,412,1,413,0,413,168,581,71.0843
第15任總統副總統,在嘉義縣各投開票所,嘉義縣,　大林鎮,西結里,0285,15,87,383,485,7,492,0,492,201,693,70.9957
第15任總統副總統,在嘉義縣各投開票所,嘉義縣,　大林鎮,湖北里,0286,21,130,280,431,6,437,0,437,161,598,73.0769
第15任總統副總統,在嘉義縣各投開票所,嘉義縣,　大林鎮,大糖里,0287,3,65,61,129,3,132,0,132,57,189,69.8413
第15任總統副總統,在嘉義縣各投開票所,嘉義縣,　大林鎮,大美里,0288,44,397,616,1057,19,1076,0,1076,480,1556,69.1517
第15任總統副總統,在嘉義縣各投開票所,嘉義縣,　大林鎮,過溪里,0289,21,374,595,990,9,999,0,999,394,1393,71.7157
第15任總統副總統,在嘉義縣各投開票所,嘉義縣,　大林鎮,中坑里,0290,27,244,371,642,8,650,0,650,299,949,68.4932
第15任總統副總統,在嘉義縣各投開票所,嘉義縣,　大林鎮,中坑里,0291,6,76,163,245,3,248,0,248,106,354,70.0565
第15任總統副總統,在嘉義縣各投開票所,嘉義縣,　大林鎮,上林里,0292,13,189,364,566,11,577,0,577,207,784,73.5969
第15任總統副總統,在嘉義縣各投開票所,嘉義縣,　大林鎮,中林里,0293,36,265,825,1126,12,1138,0,1138,387,1525,74.6230
第15任總統副總統,在嘉義縣各投開票所,嘉義縣,　大林鎮,三和里,0294,30,255,358,643,9,652,0,652,294,946,68.9218
第15任總統副總統,在嘉義縣各投開票所,嘉義縣,　大林鎮,三和里,0295,26,245,489,760,8,768,0,768,266,1034,74.2747
第15任總統副總統,在嘉義縣各投開票所,嘉義縣,　大林鎮,溝背里,0296,23,197,445,665,5,670,0,670,213,883,75.8777
第15任總統副總統,在嘉義縣各投開票所,嘉義縣,　大林鎮,義和里,0297,21,177,275,473,7,480,0,480,170,650,73.8462
第15任總統副總統,在嘉義縣各投開票所,嘉義縣,　大林鎮,內林里,0298,13,184,261,458,7,465,0,465,171,636,73.1132
第15任總統副總統,在嘉義縣各投開票所,嘉義縣,　大林鎮,三角里,0299,22,246,324,592,3,595,0,595,217,812,73.2759
第15任總統副總統,在嘉義縣各投開票所,嘉義縣,　大林鎮,三村里,0300,30,195,373,598,10,608,0,608,197,805,75.5280
第15任總統副總統,在嘉義縣各投開票所,嘉義縣,　民雄鄉,東榮村,0358,40,346,561,947,15,962,0,962,276,1238,77.7060
第15任總統副總統,在嘉義縣各投開票所,嘉義縣,　民雄鄉,東榮村,0359,27,251,425,703,8,711,0,711,313,1024,69.4336
第15任總統副總統,在嘉義縣各投開票所,嘉義縣,　民雄鄉,中樂村,0360,38,438,688,1164,21,1185,0,1185,336,1521,77.9093
第15任總統副總統,在嘉義縣各投開票所,嘉義縣,　民雄鄉,西安村,0361,45,394,808,1247,9,1256,0,1256,357,1613,77.8673
第15任總統副總統,在嘉義縣各投開票所,嘉義縣,　民雄鄉,西安村,0362,60,383,800,1243,13,1256,0,1256,401,1657,75.7996
第15任總統副總統,在嘉義縣各投開票所,嘉義縣,　民雄鄉,寮頂村,0363,18,199,577,794,14,808,0,808,230,1038,77.8420
第15任總統副總統,在嘉義縣各投開票所,嘉義縣,　民雄鄉,寮頂村,0364,36,263,485,784,11,795,0,795,253,1048,75.8588
第15任總統副總統,在嘉義縣各投開票所,嘉義縣,　民雄鄉,福權村,0365,54,294,829,1177,15,1192,0,1192,322,1514,78.7318
第15任總統副總統,在嘉義縣各投開票所,嘉義縣,　民雄鄉,東湖村,0366,28,153,294,475,9,484,0,484,218,702,68.9459
第15任總統副總統,在嘉義縣各投開票所,嘉義縣,　民雄鄉,東湖村,0367,36,275,511,822,8,830,0,830,292,1122,73.9750
第15任總統副總統,在嘉義縣各投開票所,嘉義縣,　民雄鄉,頂崙村,0368,34,309,672,1015,11,1026,0,1026,371,1397,73.4431
第15任總統副總統,在嘉義縣各投開票所,嘉義縣,　民雄鄉,菁埔村,0369,18,137,544,699,4,703,0,703,230,933,75.3483
第15任總統副總統,在嘉義縣各投開票所,嘉義縣,　民雄鄉,菁埔村,0370,12,102,444,558,4,562,0,562,180,742,75.7412
第15任總統副總統,在嘉義縣各投開票所,嘉義縣,　民雄鄉,中和村,0371,21,231,434,686,12,698,0,698,234,932,74.8927
第15任總統副總統,在嘉義縣各投開票所,嘉義縣,　民雄鄉,平和村,0372,23,157,419,599,7,606,0,606,195,801,75.6554
第15任總統副總統,在嘉義縣各投開票所,嘉義縣,　民雄鄉,西昌村,0373,31,142,417,590,11,601,0,601,205,806,74.5658
第15任總統副總統,在嘉義縣各投開票所,嘉義縣,　民雄鄉,豊收村,0374,51,415,752,1218,19,1237,0,1237,475,1712,72.2547
第15任總統副總統,在嘉義縣各投開票所,嘉義縣,　民雄鄉,豊收村,0375,12,80,189,281,5,286,0,286,105,391,73.1458
第15任總統副總統,在嘉義縣各投開票所,嘉義縣,　民雄鄉,三興村,0376,32,313,609,954,11,965,0,965,310,1275,75.6863
第15任總統副總統,在嘉義縣各投開票所,嘉義縣,　民雄鄉,東興村,0377,8,119,233,360,7,367,0,367,158,525,69.9048
第15任總統副總統,在嘉義縣各投開票所,嘉義縣,　民雄鄉,鎮北村,0378,29,258,526,813,16,829,0,829,222,1051,78.8773
第15任總統副總統,在嘉義縣各投開票所,嘉義縣,　民雄鄉,北斗村,0379,43,323,699,1065,8,1073,0,1073,346,1419,75.6166
第15任總統副總統,在嘉義縣各投開票所,嘉義縣,　民雄鄉,北斗村,0380,62,391,687,1140,15,1155,0,1155,388,1543,74.8542
第15任總統副總統,在嘉義縣各投開票所,嘉義縣,　民雄鄉,北斗村,0381,27,139,347,513,5,518,1,519,205,724,71.5470
第15任總統副總統,在嘉義縣各投開票所,嘉義縣,　民雄鄉,北斗村,0382,50,279,588,917,14,931,0,931,413,1344,69.2708
第15任總統副總統,在嘉義縣各投開票所,嘉義縣,　民雄鄉,双福村,0383,31,284,501,816,9,825,0,825,322,1147,71.9268
第15任總統副總統,在嘉義縣各投開票所,嘉義縣,　民雄鄉,双福村,0384,34,321,484,839,18,857,0,857,300,1157,74.0709
第15任總統副總統,在嘉義縣各投開票所,嘉義縣,　民雄鄉,福樂村,0385,39,281,528,848,5,853,0,853,302,1155,73.8528
第15任總統副總統,在嘉義縣各投開票所,嘉義縣,　民雄鄉,福樂村,0386,53,324,563,940,3,943,0,943,293,1236,76.2945
第15任總統副總統,在嘉義縣各投開票所,嘉義縣,　民雄鄉,福樂村,0387,47,329,572,948,7,955,0,955,350,1305,73.1801
第15任總統副總統,在嘉義縣各投開票所,嘉義縣,　民雄鄉,福樂村,0388,38,288,554,880,5,885,0,885,322,1207,73.3223
第15任總統副總統,在嘉義縣各投開票所,嘉義縣,　民雄鄉,福樂村,0389,33,277,672,982,12,994,0,994,349,1343,74.0134
第15任總統副總統,在嘉義縣各投開票所,嘉義縣,　民雄鄉,大崎村,0390,20,236,428,684,11,695,0,695,284,979,70.9908
第15任總統副總統,在嘉義縣各投開票所,嘉義縣,　民雄鄉,大崎村,0391,40,336,622,998,7,1005,0,1005,335,1340,75.0000
第15任總統副總統,在嘉義縣各投開票所,嘉義縣,　民雄鄉,秀林村,0392,48,329,793,1170,10,1180,0,1180,400,1580,74.6835
第15任總統副總統,在嘉義縣各投開票所,嘉義縣,　民雄鄉,秀林村,0393,27,189,452,668,4,672,0,672,248,920,73.0435
第15任總統副總統,在嘉義縣各投開票所,嘉義縣,　民雄鄉,松山村,0394,30,206,447,683,21,704,0,704,302,1006,69.9801
第15任總統副總統,在嘉義縣各投開票所,嘉義縣,　民雄鄉,松山村,0395,13,145,267,425,7,432,0,432,220,652,66.2577
第15任總統副總統,在嘉義縣各投開票所,嘉義縣,　民雄鄉,興中村,0396,23,206,424,653,7,660,0,660,267,927,71.1974
第15任總統副總統,在嘉義縣各投開票所,嘉義縣,　民雄鄉,興中村,0397,22,206,434,662,7,669,0,669,213,882,75.8503
第15任總統副總統,在嘉義縣各投開票所,嘉義縣,　民雄鄉,興南村,0398,41,280,605,926,15,941,0,941,347,1288,73.0590
第15任總統副總統,在嘉義縣各投開票所,嘉義縣,　民雄鄉,興南村,0399,37,288,631,956,13,969,1,970,434,1404,69.0171
第15任總統副總統,在嘉義縣各投開票所,嘉義縣,　民雄鄉,金興村,0400,61,327,627,1015,8,1023,0,1023,348,1371,74.6171
第15任總統副總統,在嘉義縣各投開票所,嘉義縣,　民雄鄉,金興村,0401,42,412,668,1122,10,1132,0,1132,394,1526,74.1809
第15任總統副總統,在嘉義縣各投開票所,嘉義縣,　民雄鄉,福興村,0402,26,205,460,691,7,698,0,698,204,902,77.3836
第15任總統副總統,在嘉義縣各投開票所,嘉義縣,　民雄鄉,福興村,0403,38,189,546,773,6,779,0,779,270,1049,74.2612
第15任總統副總統,在嘉義縣各投開票所,嘉義縣,　民雄鄉,文隆村,0404,34,302,642,978,17,995,0,995,310,1305,76.2452
第15任總統副總統,在嘉義縣各投開票所,嘉義縣,　民雄鄉,文隆村,0405,36,289,443,768,9,777,0,777,263,1040,74.7115
第15任總統副總統,在嘉義縣各投開票所,嘉義縣,　民雄鄉,山中村,0406,23,222,656,901,6,907,0,907,306,1213,74.7733
第15任總統副總統,在嘉義縣各投開票所,嘉義縣,　民雄鄉,山中村,0407,30,255,590,875,14,889,0,889,271,1160,76.6379
第15任總統副總統,在嘉義縣各投開票所,嘉義縣,　民雄鄉,山中村,0408,41,255,526,822,11,833,0,833,264,1097,75.9344
第15任總統副總統,在嘉義縣各投開票所,嘉義縣,　民雄鄉,中央村,0409,31,204,683,918,11,929,0,929,329,1258,73.8474
第15任總統副總統,在嘉義縣各投開票所,嘉義縣,　溪口鄉,溪東村,0257,30,283,615,928,13,941,0,941,304,1245,75.5823
第15任總統副總統,在嘉義縣各投開票所,嘉義縣,　溪口鄉,溪西村,0258,19,152,315,486,6,492,0,492,156,648,75.9259
第15任總統副總統,在嘉義縣各投開票所,嘉義縣,　溪口鄉,溪北村,0259,18,79,215,312,2,314,0,314,92,406,77.3399
第15任總統副總統,在嘉義縣各投開票所,嘉義縣,　溪口鄉,溪北村,0260,4,56,107,167,0,167,0,167,91,258,64.7287
第15任總統副總統,在嘉義縣各投開票所,嘉義縣,　溪口鄉,柳溝村,0261,25,183,442,650,8,658,0,658,209,867,75.8939
第15任總統副總統,在嘉義縣各投開票所,嘉義縣,　溪口鄉,柳溝村,0262,14,53,194,261,3,264,0,264,101,365,72.3288
第15任總統副總統,在嘉義縣各投開票所,嘉義縣,　溪口鄉,疊溪村,0263,22,176,544,742,8,750,0,750,270,1020,73.5294
第15任總統副總統,在嘉義縣各投開票所,嘉義縣,　溪口鄉,妙崙村,0264,15,142,322,479,8,487,0,487,187,674,72.2552
第15任總統副總統,在嘉義縣各投開票所,嘉義縣,　溪口鄉,坪頂村,0265,26,145,442,613,6,619,0,619,224,843,73.4282
第15任總統副總統,在嘉義縣各投開票所,嘉義縣,　溪口鄉,柴林村,0266,9,120,377,506,4,510,0,510,236,746,68.3646
第15任總統副總統,在嘉義縣各投開票所,嘉義縣,　溪口鄉,林腳村,0267,17,103,384,504,10,514,0,514,252,766,67.1018
第15任總統副總統,在嘉義縣各投開票所,嘉義縣,　溪口鄉,美南村,0268,25,176,609,810,8,818,0,818,305,1123,72.8406
第15任總統副總統,在嘉義縣各投開票所,嘉義縣,　溪口鄉,美北村,0269,25,185,493,703,10,713,0,713,257,970,73.5052
第15任總統副總統,在嘉義縣各投開票所,嘉義縣,　溪口鄉,本厝村,0270,12,103,262,377,3,380,0,380,163,543,69.9816
第15任總統副總統,在嘉義縣各投開票所,嘉義縣,　溪口鄉,本厝村,0271,10,91,187,288,4,292,0,292,91,383,76.2402
第15任總統副總統,在嘉義縣各投開票所,嘉義縣,　溪口鄉,游西村,0272,7,101,366,474,3,477,0,477,207,684,69.7368
第15任總統副總統,在嘉義縣各投開票所,嘉義縣,　溪口鄉,游東村,0273,26,157,492,675,3,678,0,678,289,967,70.1138
第15任總統副總統,在嘉義縣各投開票所,嘉義縣,　新港鄉,宮前村,0324,26,273,517,816,6,822,0,822,220,1042,78.8868
第15任總統副總統,在嘉義縣各投開票所,嘉義縣,　新港鄉,宮前村,0325,32,288,527,847,5,852,0,852,218,1070,79.6262
第15任總統副總統,在嘉義縣各投開票所,嘉義縣,　新港鄉,宮後村,0326,18,166,325,509,10,519,0,519,192,711,72.9958
第15任總統副總統,在嘉義縣各投開票所,嘉義縣,　新港鄉,宮後村,0327,16,126,422,564,4,568,0,568,241,809,70.2101
第15任總統副總統,在嘉義縣各投開票所,嘉義縣,　新港鄉,大興村,0328,14,151,347,512,2,514,0,514,163,677,75.9232
第15任總統副總統,在嘉義縣各投開票所,嘉義縣,　新港鄉,大興村,0329,22,133,393,548,10,558,0,558,165,723,77.1784
第15任總統副總統,在嘉義縣各投開票所,嘉義縣,　新港鄉,福德村,0330,13,186,346,545,6,551,0,551,192,743,74.1588
第15任總統副總統,在嘉義縣各投開票所,嘉義縣,　新港鄉,福德村,0331,17,161,401,579,6,585,0,585,231,816,71.6912
第15任總統副總統,在嘉義縣各投開票所,嘉義縣,　新港鄉,古民村,0332,16,102,347,465,3,468,0,468,166,634,73.8170
第15任總統副總統,在嘉義縣各投開票所,嘉義縣,　新港鄉,古民村,0333,9,84,362,455,5,460,0,460,187,647,71.0974
第15任總統副總統,在嘉義縣各投開票所,嘉義縣,　新港鄉,中庄村,0334,16,110,418,544,11,555,0,555,182,737,75.3053
第15任總統副總統,在嘉義縣各投開票所,嘉義縣,　新港鄉,中庄村,0335,12,131,427,570,14,584,0,584,214,798,73.1830
第15任總統副總統,在嘉義縣各投開票所,嘉義縣,　新港鄉,大潭村,0336,25,114,421,560,9,569,0,569,219,788,72.2081
第15任總統副總統,在嘉義縣各投開票所,嘉義縣,　新港鄉,大潭村,0337,20,127,420,567,10,577,0,577,212,789,73.1305
第15任總統副總統,在嘉義縣各投開票所,嘉義縣,　新港鄉,西庄村,0338,21,191,412,624,8,632,0,632,277,909,69.5270
第15任總統副總統,在嘉義縣各投開票所,嘉義縣,　新港鄉,埤子村,0339,10,85,265,360,3,363,0,363,168,531,68.3616
第15任總統副總統,在嘉義縣各投開票所,嘉義縣,　新港鄉,南崙村,0340,16,70,566,652,4,656,0,656,237,893,73.4602
第15任總統副總統,在嘉義縣各投開票所,嘉義縣,　新港鄉,北崙村,0341,7,39,257,303,2,305,0,305,152,457,66.7396
第15任總統副總統,在嘉義縣各投開票所,嘉義縣,　新港鄉,海瀛村,0342,9,95,252,356,3,359,0,359,116,475,75.5789
第15任總統副總統,在嘉義縣各投開票所,嘉義縣,　新港鄉,月眉村,0343,18,131,441,590,3,593,0,593,215,808,73.3911
第15任總統副總統,在嘉義縣各投開票所,嘉義縣,　新港鄉,月眉村,0344,23,136,487,646,8,654,0,654,166,820,79.7561
第15任總統副總統,在嘉義縣各投開票所,嘉義縣,　新港鄉,月潭村,0345,12,119,438,569,4,573,0,573,228,801,71.5356
第15任總統副總統,在嘉義縣各投開票所,嘉義縣,　新港鄉,月潭村,0346,18,126,369,513,7,520,0,520,200,720,72.2222
第15任總統副總統,在嘉義縣各投開票所,嘉義縣,　新港鄉,溪北村,0347,8,137,331,476,6,482,0,482,151,633,76.1453
第15任總統副總統,在嘉義縣各投開票所,嘉義縣,　新港鄉,溪北村,0348,15,111,366,492,5,497,0,497,169,666,74.6246
第15任總統副總統,在嘉義縣各投開票所,嘉義縣,　新港鄉,菜公村,0349,37,185,452,674,7,681,0,681,253,934,72.9122
第15任總統副總統,在嘉義縣各投開票所,嘉義縣,　新港鄉,中洋村,0350,34,204,498,736,3,739,0,739,243,982,75.2546
第15任總統副總統,在嘉義縣各投開票所,嘉義縣,　新港鄉,三間村,0351,20,109,285,414,3,417,0,417,164,581,71.7728
第15任總統副總統,在嘉義縣各投開票所,嘉義縣,　新港鄉,三間村,0352,24,201,406,631,10,641,0,641,173,814,78.7469
第15任總統副總統,在嘉義縣各投開票所,嘉義縣,　新港鄉,安和村,0353,20,140,509,669,13,682,0,682,299,981,69.5209
第15任總統副總統,在嘉義縣各投開票所,嘉義縣,　新港鄉,潭大村,0354,23,174,566,763,13,776,0,776,323,1099,70.6096
第15任總統副總統,在嘉義縣各投開票所,嘉義縣,　新港鄉,南港村,0355,27,206,496,729,1,730,0,730,282,1012,72.1344
第15任總統副總統,在嘉義縣各投開票所,嘉義縣,　新港鄉,板頭村,0356,13,110,260,383,3,386,0,386,153,539,71.6141
第15任總統副總統,在嘉義縣各投開票所,嘉義縣,　新港鄉,共和村,0357,17,157,403,577,5,582,0,582,240,822,70.8029
第15任總統副總統,在嘉義縣各投開票所,嘉義縣,　六腳鄉,蒜頭村,0001,29,276,485,790,9,799,0,799,333,1132,70.5830
第15任總統副總統,在嘉義縣各投開票所,嘉義縣,　六腳鄉,蒜東村,0002,18,159,328,505,10,515,0,515,279,794,64.8615
第15任總統副總統,在嘉義縣各投開票所,嘉義縣,　六腳鄉,蒜南村,0003,22,152,426,600,5,605,0,605,211,816,74.1422
第15任總統副總統,在嘉義縣各投開票所,嘉義縣,　六腳鄉,工廠村,0004,6,94,49,149,4,153,0,153,55,208,73.5577
第15任總統副總統,在嘉義縣各投開票所,嘉義縣,　六腳鄉,灣南村,0005,28,238,561,827,15,842,0,842,315,1157,72.7744
第15任總統副總統,在嘉義縣各投開票所,嘉義縣,　六腳鄉,灣北村,0006,24,289,495,808,14,822,0,822,329,1151,71.4162
第15任總統副總統,在嘉義縣各投開票所,嘉義縣,　六腳鄉,雙涵村,0007,28,131,435,594,5,599,0,599,265,864,69.3287
第15任總統副總統,在嘉義縣各投開票所,嘉義縣,　六腳鄉,塗師村,0008,7,80,325,412,5,417,0,417,184,601,69.3844
第15任總統副總統,在嘉義縣各投開票所,嘉義縣,　六腳鄉,三義村,0009,11,72,299,382,5,387,0,387,182,569,68.0141
第15任總統副總統,在嘉義縣各投開票所,嘉義縣,　六腳鄉,三義村,0010,2,22,85,109,1,110,0,110,56,166,66.2651
第15任總統副總統,在嘉義縣各投開票所,嘉義縣,　六腳鄉,正義村,0011,4,25,114,143,3,146,0,146,55,201,72.6368
第15任總統副總統,在嘉義縣各投開票所,嘉義縣,　六腳鄉,正義村,0012,5,26,136,167,2,169,0,169,67,236,71.6102
第15任總統副總統,在嘉義縣各投開票所,嘉義縣,　六腳鄉,正義村,0013,4,56,186,246,5,251,0,251,107,358,70.1117
第15任總統副總統,在嘉義縣各投開票所,嘉義縣,　六腳鄉,正義村,0014,11,108,301,420,4,424,0,424,152,576,73.6111
第15任總統副總統,在嘉義縣各投開票所,嘉義縣,　六腳鄉,溪厝村,0015,15,99,281,395,6,401,0,401,188,589,68.0815
第15任總統副總統,在嘉義縣各投開票所,嘉義縣,　六腳鄉,港美村,0016,14,68,373,455,9,464,0,464,233,697,66.5710
第15任總統副總統,在嘉義縣各投開票所,嘉義縣,　六腳鄉,豐美村,0017,12,181,522,715,10,725,0,725,282,1007,71.9960
第15任總統副總統,在嘉義縣各投開票所,嘉義縣,　六腳鄉,六斗村,0018,19,160,455,634,7,641,0,641,280,921,69.5983
第15任總統副總統,在嘉義縣各投開票所,嘉義縣,　六腳鄉,崙陽村,0019,21,183,525,729,9,738,0,738,284,1022,72.2114
第15任總統副總統,在嘉義縣各投開票所,嘉義縣,　六腳鄉,蘇厝村,0020,35,251,726,1012,15,1027,0,1027,399,1426,72.0196
第15任總統副總統,在嘉義縣各投開票所,嘉義縣,　六腳鄉,竹本村,0021,11,94,272,377,1,378,0,378,221,599,63.1052
第15任總統副總統,在嘉義縣各投開票所,嘉義縣,　六腳鄉,永賢村,0022,9,74,209,292,3,295,0,295,173,468,63.0342
第15任總統副總統,在嘉義縣各投開票所,嘉義縣,　六腳鄉,魚寮村,0023,10,87,288,385,5,390,0,390,228,618,63.1068
第15任總統副總統,在嘉義縣各投開票所,嘉義縣,　六腳鄉,潭墘村,0024,19,173,354,546,9,555,0,555,282,837,66.3082
第15任總統副總統,在嘉義縣各投開票所,嘉義縣,　六腳鄉,六腳村,0025,11,176,274,461,12,473,0,473,255,728,64.9725
第15任總統副總統,在嘉義縣各投開票所,嘉義縣,　六腳鄉,六南村,0026,11,91,242,344,4,348,0,348,185,533,65.2908
第15任總統副總統,在嘉義縣各投開票所,嘉義縣,　六腳鄉,崩山村,0027,13,99,290,402,11,413,0,413,208,621,66.5056
第15任總統副總統,在嘉義縣各投開票所,嘉義縣,　六腳鄉,古林村,0028,5,93,358,456,6,462,0,462,204,666,69.3694
第15任總統副總統,在嘉義縣各投開票所,嘉義縣,　六腳鄉,更寮村,0029,7,79,212,298,5,303,0,303,137,440,68.8636
第15任總統副總統,在嘉義縣各投開票所,嘉義縣,　六腳鄉,更寮村,0030,1,30,61,92,2,94,0,94,33,127,74.0157
第15任總統副總統,在嘉義縣各投開票所,嘉義縣,　東石鄉,東石村,0031,48,377,836,1261,15,1276,0,1276,575,1851,68.9357
第15任總統副總統,在嘉義縣各投開票所,嘉義縣,　東石鄉,猿樹村,0032,12,196,373,581,9,590,0,590,319,909,64.9065
第15任總統副總統,在嘉義縣各投開票所,嘉義縣,　東石鄉,型厝村,0033,37,314,531,882,14,896,0,896,425,1321,67.8274
第15任總統副總統,在嘉義縣各投開票所,嘉義縣,　東石鄉,塭港村,0034,44,415,602,1061,25,1086,0,1086,516,1602,67.7903
第15任總統副總統,在嘉義縣各投開票所,嘉義縣,　東石鄉,三家村,0035,26,261,455,742,11,753,0,753,343,1096,68.7044
第15任總統副總統,在嘉義縣各投開票所,嘉義縣,　東石鄉,永屯村,0036,24,174,281,479,8,487,0,487,192,679,71.7231
第15任總統副總統,在嘉義縣各投開票所,嘉義縣,　東石鄉,海埔村,0037,6,77,166,249,5,254,0,254,136,390,65.1282
第15任總統副總統,在嘉義縣各投開票所,嘉義縣,　東石鄉,龍港村,0038,17,264,261,542,8,550,0,550,275,825,66.6667
第15任總統副總統,在嘉義縣各投開票所,嘉義縣,　東石鄉,副瀨村,0039,22,182,390,594,9,603,0,603,273,876,68.8356
第15任總統副總統,在嘉義縣各投開票所,嘉義縣,　東石鄉,下揖村,0040,19,125,336,480,9,489,0,489,230,719,68.0111
第15任總統副總統,在嘉義縣各投開票所,嘉義縣,　東石鄉,頂揖村,0041,2,33,78,113,3,116,0,116,48,164,70.7317
第15任總統副總統,在嘉義縣各投開票所,嘉義縣,　東石鄉,頂揖村,0042,3,33,91,127,1,128,0,128,72,200,64.0000
第15任總統副總統,在嘉義縣各投開票所,嘉義縣,　東石鄉,溪下村,0043,19,181,369,569,11,580,0,580,387,967,59.9793
第15任總統副總統,在嘉義縣各投開票所,嘉義縣,　東石鄉,港口村,0044,9,78,104,191,2,193,0,193,99,292,66.0959
第15任總統副總統,在嘉義縣各投開票所,嘉義縣,　東石鄉,鰲鼓村,0045,16,211,450,677,8,685,0,685,313,998,68.6373
第15任總統副總統,在嘉義縣各投開票所,嘉義縣,　東石鄉,鰲鼓村,0046,7,49,96,152,2,154,0,154,74,228,67.5439
第15任總統副總統,在嘉義縣各投開票所,嘉義縣,　東石鄉,港墘村,0047,27,279,556,862,13,875,0,875,297,1172,74.6587
第15任總統副總統,在嘉義縣各投開票所,嘉義縣,　東石鄉,蔦松村,0048,27,184,360,571,10,581,0,581,251,832,69.8317
第15任總統副總統,在嘉義縣各投開票所,嘉義縣,　東石鄉,圍潭村,0049,12,134,302,448,7,455,0,455,208,663,68.6275
第15任總統副總統,在嘉義縣各投開票所,嘉義縣,　東石鄉,洲仔村,0050,21,197,359,577,8,585,0,585,229,814,71.8673
第15任總統副總統,在嘉義縣各投開票所,嘉義縣,　東石鄉,東崙村,0051,8,70,150,228,4,232,0,232,129,361,64.2659
第15任總統副總統,在嘉義縣各投開票所,嘉義縣,　東石鄉,東崙村,0052,9,61,121,191,1,192,0,192,122,314,61.1465
第15任總統副總統,在嘉義縣各投開票所,嘉義縣,　東石鄉,西崙村,0053,22,208,494,724,14,738,1,739,307,1046,70.5545
第15任總統副總統,在嘉義縣各投開票所,嘉義縣,　東石鄉,塭仔村,0054,23,158,424,605,6,611,0,611,265,876,69.7489
第15任總統副總統,在嘉義縣各投開票所,嘉義縣,　東石鄉,網寮村,0055,32,260,445,737,4,741,0,741,436,1177,62.9567
第15任總統副總統,在嘉義縣各投開票所,嘉義縣,　東石鄉,掌潭村,0056,9,80,205,294,5,299,0,299,113,412,72.5728
第15任總統副總統,在嘉義縣各投開票所,嘉義縣,　東石鄉,掌潭村,0057,11,130,108,249,6,255,0,255,106,361,70.6371
第15任總統副總統,在嘉義縣各投開票所,嘉義縣,　義竹鄉,岸腳村,0163,9,84,201,294,4,298,0,298,153,451,66.0754
第15任總統副總統,在嘉義縣各投開票所,嘉義縣,　義竹鄉,岸腳村,0164,9,45,111,165,4,169,0,169,48,217,77.8802
第15任總統副總統,在嘉義縣各投開票所,嘉義縣,　義竹鄉,義竹村,0165,21,187,402,610,6,616,0,616,184,800,77.0000
第15任總統副總統,在嘉義縣各投開票所,嘉義縣,　義竹鄉,義竹村,0166,25,160,292,477,5,482,0,482,172,654,73.7003
第15任總統副總統,在嘉義縣各投開票所,嘉義縣,　義竹鄉,六桂村,0167,24,301,506,831,12,843,0,843,278,1121,75.2007
第15任總統副總統,在嘉義縣各投開票所,嘉義縣,　義竹鄉,仁里村,0168,17,247,387,651,7,658,0,658,186,844,77.9621
第15任總統副總統,在嘉義縣各投開票所,嘉義縣,　義竹鄉,傳芳村,0169,18,175,334,527,8,535,0,535,191,726,73.6915
第15任總統副總統,在嘉義縣各投開票所,嘉義縣,　義竹鄉,頭竹村,0170,16,221,655,892,10,902,0,902,285,1187,75.9899
第15任總統副總統,在嘉義縣各投開票所,嘉義縣,　義竹鄉,五厝村,0171,15,95,172,282,3,285,0,285,86,371,76.8194
第15任總統副總統,在嘉義縣各投開票所,嘉義縣,　義竹鄉,中平村,0172,10,89,138,237,2,239,0,239,87,326,73.3129
第15任總統副總統,在嘉義縣各投開票所,嘉義縣,　義竹鄉,中平村,0173,2,29,42,73,2,75,0,75,26,101,74.2574
第15任總統副總統,在嘉義縣各投開票所,嘉義縣,　義竹鄉,埤前村,0174,18,215,319,552,7,559,0,559,162,721,77.5312
第15任總統副總統,在嘉義縣各投開票所,嘉義縣,　義竹鄉,平溪村,0175,5,84,239,328,2,330,0,330,95,425,77.6471
第15任總統副總統,在嘉義縣各投開票所,嘉義縣,　義竹鄉,後鎮村,0176,8,99,193,300,5,305,0,305,114,419,72.7924
第15任總統副總統,在嘉義縣各投開票所,嘉義縣,　義竹鄉,北華村,0177,13,131,295,439,10,449,0,449,131,580,77.4138
第15任總統副總統,在嘉義縣各投開票所,嘉義縣,　義竹鄉,新店村,0178,8,105,268,381,4,385,0,385,138,523,73.6138
第15任總統副總統,在嘉義縣各投開票所,嘉義縣,　義竹鄉,新店村,0179,22,191,459,672,9,681,0,681,233,914,74.5077
第15任總統副總統,在嘉義縣各投開票所,嘉義縣,　義竹鄉,東過村,0180,35,159,364,558,10,568,0,568,246,814,69.7789
第15任總統副總統,在嘉義縣各投開票所,嘉義縣,　義竹鄉,西過村,0181,13,152,357,522,9,531,0,531,246,777,68.3398
第15任總統副總統,在嘉義縣各投開票所,嘉義縣,　義竹鄉,官和村,0182,17,117,418,552,13,565,0,565,237,802,70.4489
第15任總統副總統,在嘉義縣各投開票所,嘉義縣,　義竹鄉,官順村,0183,6,75,185,266,4,270,0,270,140,410,65.8537
第15任總統副總統,在嘉義縣各投開票所,嘉義縣,　義竹鄉,新富村,0184,20,152,203,375,8,383,0,383,150,533,71.8574
第15任總統副總統,在嘉義縣各投開票所,嘉義縣,　義竹鄉,東光村,0185,15,136,274,425,9,434,0,434,143,577,75.2166
第15任總統副總統,在嘉義縣各投開票所,嘉義縣,　義竹鄉,東光村,0186,0,30,58,88,2,90,0,90,46,136,66.1765
第15任總統副總統,在嘉義縣各投開票所,嘉義縣,　義竹鄉,東榮村,0187,11,86,173,270,4,274,0,274,106,380,72.1053
第15任總統副總統,在嘉義縣各投開票所,嘉義縣,　義竹鄉,龍蛟村,0188,14,142,233,389,2,391,0,391,161,552,70.8333
第15任總統副總統,在嘉義縣各投開票所,嘉義縣,　義竹鄉,溪洲村,0189,11,99,258,368,6,374,0,374,144,518,72.2008
第15任總統副總統,在嘉義縣各投開票所,嘉義縣,　義竹鄉,溪洲村,0190,2,10,79,91,0,91,0,91,27,118,77.1186
第15任總統副總統,在嘉義縣各投開票所,嘉義縣,　鹿草鄉,後寮村,0191,12,80,267,359,4,363,0,363,152,515,70.4854
第15任總統副總統,在嘉義縣各投開票所,嘉義縣,　鹿草鄉,鹿東村,0192,13,96,283,392,3,395,0,395,151,546,72.3443
第15任總統副總統,在嘉義縣各投開票所,嘉義縣,　鹿草鄉,鹿草村,0193,36,302,576,914,15,929,0,929,327,1256,73.9650
第15任總統副總統,在嘉義縣各投開票所,嘉義縣,　鹿草鄉,西井村,0194,23,326,544,893,14,907,0,907,385,1292,70.2012
第15任總統副總統,在嘉義縣各投開票所,嘉義縣,　鹿草鄉,豊稠村,0195,2,75,133,210,0,210,0,210,100,310,67.7419
第15任總統副總統,在嘉義縣各投開票所,嘉義縣,　鹿草鄉,豊稠村,0196,4,46,76,126,3,129,0,129,311,440,29.3182
第15任總統副總統,在嘉義縣各投開票所,嘉義縣,　鹿草鄉,重寮村,0197,15,171,510,696,16,712,0,712,289,1001,71.1289
第15任總統副總統,在嘉義縣各投開票所,嘉義縣,　鹿草鄉,施家村,0198,4,84,220,308,3,311,0,311,130,441,70.5215
第15任總統副總統,在嘉義縣各投開票所,嘉義縣,　鹿草鄉,下潭村,0199,17,125,406,548,8,556,0,556,240,796,69.8492
第15任總統副總統,在嘉義縣各投開票所,嘉義縣,　鹿草鄉,光潭村,0200,13,176,503,692,11,703,0,703,294,997,70.5115
第15任總統副總統,在嘉義縣各投開票所,嘉義縣,　鹿草鄉,碧潭村,0201,16,234,371,621,13,634,0,634,292,926,68.4665
第15任總統副總統,在嘉義縣各投開票所,嘉義縣,　鹿草鄉,松竹村,0202,13,185,407,605,17,622,0,622,304,926,67.1706
第15任總統副總統,在嘉義縣各投開票所,嘉義縣,　鹿草鄉,竹山村,0203,14,112,319,445,7,452,0,452,198,650,69.5385
第15任總統副總統,在嘉義縣各投開票所,嘉義縣,　鹿草鄉,竹山村,0204,7,40,132,179,1,180,0,180,77,257,70.0389
第15任總統副總統,在嘉義縣各投開票所,嘉義縣,　鹿草鄉,後堀村,0205,14,166,439,619,6,625,0,625,231,856,73.0140
第15任總統副總統,在嘉義縣各投開票所,嘉義縣,　鹿草鄉,後堀村,0206,8,73,137,218,2,220,0,220,77,297,74.0741
第15任總統副總統,在嘉義縣各投開票所,嘉義縣,　鹿草鄉,三角村,0207,17,183,528,728,17,745,0,745,269,1014,73.4714
第15任總統副總統,在嘉義縣各投開票所,嘉義縣,　鹿草鄉,三角村,0208,13,95,168,276,4,280,0,280,89,369,75.8808
第15任總統副總統,在嘉義縣各投開票所,嘉義縣,　鹿草鄉,下麻村,0209,3,83,144,230,4,234,0,234,76,310,75.4839
第15任總統副總統,在嘉義縣各投開票所,嘉義縣,　鹿草鄉,下麻村,0210,7,73,113,193,3,196,0,196,77,273,71.7949
第15任總統副總統,在嘉義縣各投開票所,嘉義縣,　水上鄉,水上村,0211,30,288,380,698,7,705,0,705,296,1001,70.4296
第15任總統副總統,在嘉義縣各投開票所,嘉義縣,　水上鄉,水上村,0212,38,254,494,786,15,801,0,801,195,996,80.4217
第15任總統副總統,在嘉義縣各投開票所,嘉義縣,　水上鄉,水上村,0213,37,284,483,804,10,814,0,814,249,1063,76.5757
第15任總統副總統,在嘉義縣各投開票所,嘉義縣,　水上鄉,水上村,0214,28,227,373,628,4,632,0,632,198,830,76.1446
第15任總統副總統,在嘉義縣各投開票所,嘉義縣,　水上鄉,水頭村,0215,35,313,530,878,6,884,0,884,243,1127,78.4383
第15任總統副總統,在嘉義縣各投開票所,嘉義縣,　水上鄉,水頭村,0216,45,370,599,1014,14,1028,0,1028,247,1275,80.6275
第15任總統副總統,在嘉義縣各投開票所,嘉義縣,　水上鄉,粗溪村,0217,35,283,549,867,9,876,0,876,319,1195,73.3054
第15任總統副總統,在嘉義縣各投開票所,嘉義縣,　水上鄉,粗溪村,0218,9,73,143,225,7,232,0,232,78,310,74.8387
第15任總統副總統,在嘉義縣各投開票所,嘉義縣,　水上鄉,下寮村,0219,9,177,280,466,6,472,0,472,136,608,77.6316
第15任總統副總統,在嘉義縣各投開票所,嘉義縣,　水上鄉,下寮村,0220,31,274,589,894,6,900,0,900,283,1183,76.0778
第15任總統副總統,在嘉義縣各投開票所,嘉義縣,　水上鄉,三和村,0221,37,285,407,729,5,734,0,734,264,998,73.5471
第15任總統副總統,在嘉義縣各投開票所,嘉義縣,　水上鄉,三和村,0222,23,199,356,578,9,587,0,587,173,760,77.2368
第15任總統副總統,在嘉義縣各投開票所,嘉義縣,　水上鄉,回歸村,0223,11,140,181,332,3,335,0,335,97,432,77.5463
第15任總統副總統,在嘉義縣各投開票所,嘉義縣,　水上鄉,大堀村,0224,17,141,337,495,8,503,0,503,105,608,82.7303
第15任總統副總統,在嘉義縣各投開票所,嘉義縣,　水上鄉,大堀村,0225,12,131,355,498,7,505,0,505,112,617,81.8476
第15任總統副總統,在嘉義縣各投開票所,嘉義縣,　水上鄉,大堀村,0226,2,72,184,258,7,265,0,265,95,360,73.6111
第15任總統副總統,在嘉義縣各投開票所,嘉義縣,　水上鄉,大崙村,0227,22,193,474,689,12,701,0,701,312,1013,69.2004
第15任總統副總統,在嘉義縣各投開票所,嘉義縣,　水上鄉,大崙村,0228,29,219,518,766,7,773,0,773,247,1020,75.7843
第15任總統副總統,在嘉義縣各投開票所,嘉義縣,　水上鄉,塗溝村,0229,15,167,409,591,3,594,0,594,187,781,76.0563
第15任總統副總統,在嘉義縣各投開票所,嘉義縣,　水上鄉,龍德村,0230,23,231,574,828,13,841,0,841,181,1022,82.2896
第15任總統副總統,在嘉義縣各投開票所,嘉義縣,　水上鄉,龍德村,0231,25,169,446,640,9,649,0,649,206,855,75.9064
第15任總統副總統,在嘉義縣各投開票所,嘉義縣,　水上鄉,溪洲村,0232,25,215,470,710,8,718,0,718,270,988,72.6721
第15任總統副總統,在嘉義縣各投開票所,嘉義縣,　水上鄉,三鎮村,0233,22,190,225,437,5,442,0,442,165,607,72.8171
第15任總統副總統,在嘉義縣各投開票所,嘉義縣,　水上鄉,靖和村,0234,14,148,167,329,2,331,0,331,75,406,81.5271
第15任總統副總統,在嘉義縣各投開票所,嘉義縣,　水上鄉,南和村,0235,21,196,357,574,6,580,0,580,181,761,76.2155
第15任總統副總統,在嘉義縣各投開票所,嘉義縣,　水上鄉,南和村,0236,15,126,250,391,6,397,0,397,159,556,71.4029
第15任總統副總統,在嘉義縣各投開票所,嘉義縣,　水上鄉,柳新村,0237,25,230,344,599,5,604,0,604,173,777,77.7349
第15任總統副總統,在嘉義縣各投開票所,嘉義縣,　水上鄉,柳新村,0238,23,276,375,674,12,686,0,686,244,930,73.7634
第15任總統副總統,在嘉義縣各投開票所,嘉義縣,　水上鄉,柳林村,0239,34,200,420,654,10,664,0,664,223,887,74.8591
第15任總統副總統,在嘉義縣各投開票所,嘉義縣,　水上鄉,柳林村,0240,35,259,489,783,9,792,0,792,286,1078,73.4694
第15任總統副總統,在嘉義縣各投開票所,嘉義縣,　水上鄉,柳鄉村,0241,23,227,541,791,9,800,0,800,235,1035,77.2947
第15任總統副總統,在嘉義縣各投開票所,嘉義縣,　水上鄉,柳鄉村,0242,18,181,447,646,6,652,0,652,242,894,72.9306
第15任總統副總統,在嘉義縣各投開票所,嘉義縣,　水上鄉,內溪村,0243,29,256,556,841,11,852,0,852,275,1127,75.5989
第15任總統副總統,在嘉義縣各投開票所,嘉義縣,　水上鄉,寬士村,0244,13,281,695,989,24,1013,0,1013,313,1326,76.3952
第15任總統副總統,在嘉義縣各投開票所,嘉義縣,　水上鄉,寬士村,0245,36,299,723,1058,11,1069,0,1069,353,1422,75.1758
第15任總統副總統,在嘉義縣各投開票所,嘉義縣,　水上鄉,寬士村,0246,46,350,652,1048,8,1056,0,1056,439,1495,70.6355
第15任總統副總統,在嘉義縣各投開票所,嘉義縣,　水上鄉,民生村,0247,46,360,674,1080,4,1084,1,1085,375,1460,74.2466
第15任總統副總統,在嘉義縣各投開票所,嘉義縣,　水上鄉,民生村,0248,55,351,658,1064,8,1072,0,1072,382,1454,73.7276
第15任總統副總統,在嘉義縣各投開票所,嘉義縣,　水上鄉,義興村,0249,20,195,369,584,8,592,0,592,199,791,74.8420
第15任總統副總統,在嘉義縣各投開票所,嘉義縣,　水上鄉,中庄村,0250,24,275,498,797,11,808,0,808,307,1115,72.4664
第15任總統副總統,在嘉義縣各投開票所,嘉義縣,　水上鄉,中庄村,0251,10,181,296,487,4,491,0,491,133,624,78.6859
第15任總統副總統,在嘉義縣各投開票所,嘉義縣,　水上鄉,忠和村,0252,26,270,458,754,14,768,0,768,312,1080,71.1111
第15任總統副總統,在嘉義縣各投開票所,嘉義縣,　水上鄉,忠和村,0253,19,233,294,546,10,556,0,556,211,767,72.4902
第15任總統副總統,在嘉義縣各投開票所,嘉義縣,　水上鄉,南鄉村,0254,19,198,408,625,6,631,0,631,246,877,71.9498
第15任總統副總統,在嘉義縣各投開票所,嘉義縣,　水上鄉,三界村,0255,17,215,446,678,6,684,0,684,269,953,71.7733
第15任總統副總統,在嘉義縣各投開票所,嘉義縣,　水上鄉,國姓村,0256,35,231,538,804,13,817,0,817,404,1221,66.9124
第15任總統副總統,在嘉義縣各投開票所,嘉義縣,　中埔鄉,富收村,0448,27,253,458,738,14,752,0,752,269,1021,73.6533
第15任總統副總統,在嘉義縣各投開票所,嘉義縣,　中埔鄉,富收村,0449,23,169,374,566,1,567,0,567,228,795,71.3208
第15任總統副總統,在嘉義縣各投開票所,嘉義縣,　中埔鄉,富收村,0450,38,208,477,723,5,728,0,728,243,971,74.9743
第15任總統副總統,在嘉義縣各投開票所,嘉義縣,　中埔鄉,和睦村,0451,23,318,608,949,10,959,0,959,337,1296,73.9969
第15任總統副總統,在嘉義縣各投開票所,嘉義縣,　中埔鄉,和睦村,0452,29,222,376,627,7,634,0,634,208,842,75.2969
第15任總統副總統,在嘉義縣各投開票所,嘉義縣,　中埔鄉,和睦村,0453,20,236,507,763,3,766,0,766,347,1113,68.8230
第15任總統副總統,在嘉義縣各投開票所,嘉義縣,　中埔鄉,和美村,0454,42,356,586,984,7,991,0,991,408,1399,70.8363
第15任總統副總統,在嘉義縣各投開票所,嘉義縣,　中埔鄉,和美村,0455,45,367,518,930,7,937,0,937,271,1208,77.5662
第15任總統副總統,在嘉義縣各投開票所,嘉義縣,　中埔鄉,和美村,0456,28,275,450,753,7,760,0,760,293,1053,72.1747
第15任總統副總統,在嘉義縣各投開票所,嘉義縣,　中埔鄉,和美村,0457,20,334,578,932,8,940,0,940,335,1275,73.7255
第15任總統副總統,在嘉義縣各投開票所,嘉義縣,　中埔鄉,和美村,0458,15,196,370,581,6,587,0,587,194,781,75.1601
第15任總統副總統,在嘉義縣各投開票所,嘉義縣,　中埔鄉,和美村,0459,27,309,532,868,8,876,0,876,324,1200,73.0000
第15任總統副總統,在嘉義縣各投開票所,嘉義縣,　中埔鄉,和興村,0460,30,255,496,781,13,794,2,796,351,1147,69.2241
第15任總統副總統,在嘉義縣各投開票所,嘉義縣,　中埔鄉,和興村,0461,34,317,574,925,6,931,0,931,375,1306,71.2864
第15任總統副總統,在嘉義縣各投開票所,嘉義縣,　中埔鄉,和興村,0462,23,240,377,640,8,648,0,648,294,942,68.7898
第15任總統副總統,在嘉義縣各投開票所,嘉義縣,　中埔鄉,和興村,0463,24,226,411,661,9,670,0,670,270,940,71.2766
第15任總統副總統,在嘉義縣各投開票所,嘉義縣,　中埔鄉,和興村,0464,29,215,576,820,17,837,0,837,317,1154,72.5303
第15任總統副總統,在嘉義縣各投開票所,嘉義縣,　中埔鄉,中埔村,0465,22,175,305,502,2,504,0,504,156,660,76.3636
第15任總統副總統,在嘉義縣各投開票所,嘉義縣,　中埔鄉,中埔村,0466,24,241,493,758,10,768,0,768,322,1090,70.4587
第15任總統副總統,在嘉義縣各投開票所,嘉義縣,　中埔鄉,塩舘村,0467,19,217,419,655,4,659,0,659,261,920,71.6304
第15任總統副總統,在嘉義縣各投開票所,嘉義縣,　中埔鄉,金蘭村,0468,15,145,340,500,5,505,0,505,242,747,67.6037
第15任總統副總統,在嘉義縣各投開票所,嘉義縣,　中埔鄉,金蘭村,0469,22,161,267,450,5,455,0,455,223,678,67.1091
第15任總統副總統,在嘉義縣各投開票所,嘉義縣,　中埔鄉,隆興村,0470,15,228,284,527,3,530,0,530,219,749,70.7610
第15任總統副總統,在嘉義縣各投開票所,嘉義縣,　中埔鄉,隆興村,0471,30,248,463,741,5,746,0,746,316,1062,70.2448
第15任總統副總統,在嘉義縣各投開票所,嘉義縣,　中埔鄉,義仁村,0472,15,125,289,429,5,434,0,434,140,574,75.6098
第15任總統副總統,在嘉義縣各投開票所,嘉義縣,　中埔鄉,義仁村,0473,25,194,408,627,5,632,0,632,224,856,73.8318
第15任總統副總統,在嘉義縣各投開票所,嘉義縣,　中埔鄉,社口村,0474,2,121,159,282,3,285,0,285,124,409,69.6822
第15任總統副總統,在嘉義縣各投開票所,嘉義縣,　中埔鄉,社口村,0475,15,164,333,512,7,519,0,519,244,763,68.0210
第15任總統副總統,在嘉義縣各投開票所,嘉義縣,　中埔鄉,社口村,0476,23,235,351,609,4,613,0,613,247,860,71.2791
第15任總統副總統,在嘉義縣各投開票所,嘉義縣,　中埔鄉,灣潭村,0477,28,253,403,684,8,692,0,692,320,1012,68.3794
第15任總統副總統,在嘉義縣各投開票所,嘉義縣,　中埔鄉,裕民村,0478,18,128,431,577,3,580,0,580,271,851,68.1551
第15任總統副總統,在嘉義縣各投開票所,嘉義縣,　中埔鄉,龍門村,0479,22,206,334,562,5,567,0,567,220,787,72.0457
第15任總統副總統,在嘉義縣各投開票所,嘉義縣,　中埔鄉,石硦村,0480,7,81,120,208,0,208,0,208,81,289,71.9723
第15任總統副總統,在嘉義縣各投開票所,嘉義縣,　中埔鄉,石硦村,0481,23,204,389,616,5,621,0,621,225,846,73.4043
第15任總統副總統,在嘉義縣各投開票所,嘉義縣,　中埔鄉,頂埔村,0482,20,199,437,656,4,660,0,660,271,931,70.8915
第15任總統副總統,在嘉義縣各投開票所,嘉義縣,　中埔鄉,同仁村,0483,29,272,573,874,9,883,0,883,310,1193,74.0151
第15任總統副總統,在嘉義縣各投開票所,嘉義縣,　中埔鄉,同仁村,0484,16,122,287,425,8,433,0,433,221,654,66.2080
第15任總統副總統,在嘉義縣各投開票所,嘉義縣,　中埔鄉,深坑村,0485,21,182,335,538,6,544,0,544,178,722,75.3463
第15任總統副總統,在嘉義縣各投開票所,嘉義縣,　中埔鄉,三層村,0486,15,128,290,433,4,437,0,437,188,625,69.9200
第15任總統副總統,在嘉義縣各投開票所,嘉義縣,　中埔鄉,瑞豐村,0487,27,178,306,511,9,520,0,520,195,715,72.7273
第15任總統副總統,在嘉義縣各投開票所,嘉義縣,　中埔鄉,沄水村,0488,13,132,174,319,5,324,0,324,139,463,69.9784
第15任總統副總統,在嘉義縣各投開票所,嘉義縣,　中埔鄉,沄水村,0489,15,96,268,379,5,384,0,384,123,507,75.7396
第15任總統副總統,在嘉義縣各投開票所,嘉義縣,　中埔鄉,東興村,0490,15,109,127,251,0,251,0,251,88,339,74.0413
第15任總統副總統,在嘉義縣各投開票所,嘉義縣,　中埔鄉,中崙村,0491,12,92,94,198,3,201,0,201,92,293,68.6007
第15任總統副總統,在嘉義縣各投開票所,嘉義縣,　竹崎鄉,竹崎村,0410,36,279,608,923,11,934,0,934,311,1245,75.0201
第15任總統副總統,在嘉義縣各投開票所,嘉義縣,　竹崎鄉,竹崎村,0411,41,337,486,864,10,874,0,874,271,1145,76.3319
第15任總統副總統,在嘉義縣各投開票所,嘉義縣,　竹崎鄉,和平村,0412,25,223,429,677,3,680,0,680,268,948,71.7300
第15任總統副總統,在嘉義縣各投開票所,嘉義縣,　竹崎鄉,和平村,0413,42,263,517,822,10,832,0,832,337,1169,71.1719
第15任總統副總統,在嘉義縣各投開票所,嘉義縣,　竹崎鄉,坑頭村,0414,17,172,314,503,5,508,0,508,220,728,69.7802
第15任總統副總統,在嘉義縣各投開票所,嘉義縣,　竹崎鄉,沙坑村,0415,16,152,423,591,13,604,0,604,207,811,74.4760
第15任總統副總統,在嘉義縣各投開票所,嘉義縣,　竹崎鄉,獅埜村,0416,27,263,607,897,7,904,0,904,281,1185,76.2869
第15任總統副總統,在嘉義縣各投開票所,嘉義縣,　竹崎鄉,義和村,0417,19,153,305,477,3,480,0,480,112,592,81.0811
第15任總統副總統,在嘉義縣各投開票所,嘉義縣,　竹崎鄉,義仁村,0418,24,226,466,716,5,721,0,721,288,1009,71.4569
第15任總統副總統,在嘉義縣各投開票所,嘉義縣,　竹崎鄉,灣橋村,0419,30,296,583,909,10,919,0,919,346,1265,72.6482
第15任總統副總統,在嘉義縣各投開票所,嘉義縣,　竹崎鄉,灣橋村,0420,43,355,561,959,7,966,0,966,349,1315,73.4601
第15任總統副總統,在嘉義縣各投開票所,嘉義縣,　竹崎鄉,灣橋村,0421,21,182,256,459,1,460,0,460,153,613,75.0408
第15任總統副總統,在嘉義縣各投開票所,嘉義縣,　竹崎鄉,灣橋村,0422,35,371,595,1001,6,1007,0,1007,380,1387,72.6027
第15任總統副總統,在嘉義縣各投開票所,嘉義縣,　竹崎鄉,灣橋村,0423,7,152,236,395,1,396,0,396,163,559,70.8408
第15任總統副總統,在嘉義縣各投開票所,嘉義縣,　竹崎鄉,鹿滿村,0424,36,337,644,1017,16,1033,0,1033,350,1383,74.6927
第15任總統副總統,在嘉義縣各投開票所,嘉義縣,　竹崎鄉,紫雲村,0425,54,334,577,965,8,973,0,973,395,1368,71.1257
第15任總統副總統,在嘉義縣各投開票所,嘉義縣,　竹崎鄉,內埔村,0426,56,373,717,1146,11,1157,0,1157,390,1547,74.7899
第15任總統副總統,在嘉義縣各投開票所,嘉義縣,　竹崎鄉,昇平村,0427,18,201,299,518,8,526,0,526,222,748,70.3209
第15任總統副總統,在嘉義縣各投開票所,嘉義縣,　竹崎鄉,昇平村,0428,18,205,419,642,8,650,0,650,314,964,67.4274
第15任總統副總統,在嘉義縣各投開票所,嘉義縣,　竹崎鄉,桃源村,0429,7,74,139,220,3,223,0,223,100,323,69.0402
第15任總統副總統,在嘉義縣各投開票所,嘉義縣,　竹崎鄉,桃源村,0430,16,184,265,465,3,468,0,468,191,659,71.0167
第15任總統副總統,在嘉義縣各投開票所,嘉義縣,　竹崎鄉,白杞村,0431,19,190,241,450,6,456,0,456,171,627,72.7273
第15任總統副總統,在嘉義縣各投開票所,嘉義縣,　竹崎鄉,塘興村,0432,14,132,183,329,7,336,0,336,124,460,73.0435
第15任總統副總統,在嘉義縣各投開票所,嘉義縣,　竹崎鄉,塘興村,0433,12,130,121,263,2,265,0,265,106,371,71.4286
第15任總統副總統,在嘉義縣各投開票所,嘉義縣,　竹崎鄉,義隆村,0434,22,177,250,449,10,459,0,459,157,616,74.5130
第15任總統副總統,在嘉義縣各投開票所,嘉義縣,　竹崎鄉,龍山村,0435,7,50,89,146,0,146,0,146,65,211,69.1943
第15任總統副總統,在嘉義縣各投開票所,嘉義縣,　竹崎鄉,龍山村,0436,34,298,750,1082,9,1091,0,1091,403,1494,73.0254
第15任總統副總統,在嘉義縣各投開票所,嘉義縣,　竹崎鄉,文峯村,0437,19,149,255,423,2,425,0,425,211,636,66.8239
第15任總統副總統,在嘉義縣各投開票所,嘉義縣,　竹崎鄉,金獅村,0438,18,101,172,291,4,295,0,295,110,405,72.8395
第15任總統副總統,在嘉義縣各投開票所,嘉義縣,　竹崎鄉,復金村,0439,23,200,434,657,9,666,0,666,227,893,74.5801
第15任總統副總統,在嘉義縣各投開票所,嘉義縣,　竹崎鄉,復金村,0440,22,235,388,645,8,653,0,653,289,942,69.3206
第15任總統副總統,在嘉義縣各投開票所,嘉義縣,　竹崎鄉,緞繻村,0441,16,191,307,514,3,517,0,517,271,788,65.6091
第15任總統副總統,在嘉義縣各投開票所,嘉義縣,　竹崎鄉,緞繻村,0442,5,36,21,62,0,62,0,62,49,111,55.8559
第15任總統副總統,在嘉義縣各投開票所,嘉義縣,　竹崎鄉,仁壽村,0443,1,27,94,122,4,126,0,126,102,228,55.2632
第15任總統副總統,在嘉義縣各投開票所,嘉義縣,　竹崎鄉,中和村,0444,9,91,106,206,5,211,0,211,113,324,65.1235
第15任總統副總統,在嘉義縣各投開票所,嘉義縣,　竹崎鄉,中和村,0445,20,90,227,337,0,337,0,337,108,445,75.7303
第15任總統副總統,在嘉義縣各投開票所,嘉義縣,　竹崎鄉,光華村,0446,11,97,188,296,2,298,0,298,145,443,67.2686
第15任總統副總統,在嘉義縣各投開票所,嘉義縣,　竹崎鄉,光華村,0447,6,78,78,162,0,162,0,162,88,250,64.8000
第15任總統副總統,在嘉義縣各投開票所,嘉義縣,　梅山鄉,梅東村,0301,28,234,426,688,1,689,0,689,294,983,70.0916
第15任總統副總統,在嘉義縣各投開票所,嘉義縣,　梅山鄉,梅東村,0302,21,297,571,889,4,893,0,893,326,1219,73.2568
第15任總統副總統,在嘉義縣各投開票所,嘉義縣,　梅山鄉,梅南村,0303,20,261,377,658,3,661,0,661,216,877,75.3706
第15任總統副總統,在嘉義縣各投開票所,嘉義縣,　梅山鄉,梅北村,0304,26,268,547,841,6,847,0,847,286,1133,74.7573
第15任總統副總統,在嘉義縣各投開票所,嘉義縣,　梅山鄉,梅北村,0305,46,312,604,962,3,965,0,965,375,1340,72.0149
第15任總統副總統,在嘉義縣各投開票所,嘉義縣,　梅山鄉,梅北村,0306,61,437,805,1303,9,1312,0,1312,471,1783,73.5838
第15任總統副總統,在嘉義縣各投開票所,嘉義縣,　梅山鄉,過山村,0307,15,144,233,392,9,401,0,401,132,533,75.2345
第15任總統副總統,在嘉義縣各投開票所,嘉義縣,　梅山鄉,圳南村,0308,14,95,162,271,3,274,0,274,130,404,67.8218
第15任總統副總統,在嘉義縣各投開票所,嘉義縣,　梅山鄉,圳北村,0309,23,176,236,435,3,438,0,438,172,610,71.8033
第15任總統副總統,在嘉義縣各投開票所,嘉義縣,　梅山鄉,双溪村,0310,16,160,229,405,7,412,0,412,143,555,74.2342
第15任總統副總統,在嘉義縣各投開票所,嘉義縣,　梅山鄉,大南村,0311,21,227,395,643,13,656,0,656,204,860,76.2791
第15任總統副總統,在嘉義縣各投開票所,嘉義縣,　梅山鄉,大南村,0312,14,202,315,531,2,533,0,533,227,760,70.1316
第15任總統副總統,在嘉義縣各投開票所,嘉義縣,　梅山鄉,安靖村,0313,18,213,313,544,6,550,0,550,271,821,66.9915
第15任總統副總統,在嘉義縣各投開票所,嘉義縣,　梅山鄉,永興村,0314,11,150,211,372,2,374,0,374,126,500,74.8000
第15任總統副總統,在嘉義縣各投開票所,嘉義縣,　梅山鄉,半天村,0315,9,68,148,225,4,229,0,229,116,345,66.3768
第15任總統副總統,在嘉義縣各投開票所,嘉義縣,　梅山鄉,太平村,0316,12,125,193,330,7,337,0,337,154,491,68.6354
第15任總統副總統,在嘉義縣各投開票所,嘉義縣,　梅山鄉,太興村,0317,17,142,137,296,5,301,0,301,123,424,70.9906
第15任總統副總統,在嘉義縣各投開票所,嘉義縣,　梅山鄉,龍眼村,0318,11,70,192,273,3,276,0,276,121,397,69.5214
第15任總統副總統,在嘉義縣各投開票所,嘉義縣,　梅山鄉,碧湖村,0319,8,67,102,177,2,179,0,179,99,278,64.3885
第15任總統副總統,在嘉義縣各投開票所,嘉義縣,　梅山鄉,瑞峯村,0320,52,175,252,479,8,487,0,487,210,697,69.8709
第15任總統副總統,在嘉義縣各投開票所,嘉義縣,　梅山鄉,瑞里村,0321,21,214,179,414,7,421,0,421,161,582,72.3368
第15任總統副總統,在嘉義縣各投開票所,嘉義縣,　梅山鄉,太和村,0322,17,133,183,333,7,340,0,340,161,501,67.8643
第15任總統副總統,在嘉義縣各投開票所,嘉義縣,　梅山鄉,太和村,0323,3,136,116,255,0,255,0,255,146,401,63.5910
第15任總統副總統,在嘉義縣各投開票所,嘉義縣,　番路鄉,江西村,0492,19,343,484,846,6,852,0,852,259,1111,76.6877
第15任總統副總統,在嘉義縣各投開票所,嘉義縣,　番路鄉,內甕村,0493,14,127,188,329,5,334,0,334,98,432,77.3148
第15任總統副總統,在嘉義縣各投開票所,嘉義縣,　番路鄉,新福村,0494,18,166,339,523,4,527,0,527,216,743,70.9287
第15任總統副總統,在嘉義縣各投開票所,嘉義縣,　番路鄉,新福村,0495,17,155,174,346,4,350,0,350,182,532,65.7895
第15任總統副總統,在嘉義縣各投開票所,嘉義縣,　番路鄉,下坑村,0496,24,225,396,645,9,654,0,654,234,888,73.6486
第15任總統副總統,在嘉義縣各投開票所,嘉義縣,　番路鄉,下坑村,0497,18,223,371,612,7,619,0,619,204,823,75.2126
第15任總統副總統,在嘉義縣各投開票所,嘉義縣,　番路鄉,番路村,0498,21,225,373,619,7,626,0,626,192,818,76.5281
第15任總統副總統,在嘉義縣各投開票所,嘉義縣,　番路鄉,民和村,0499,25,216,373,614,3,617,0,617,213,830,74.3373
第15任總統副總統,在嘉義縣各投開票所,嘉義縣,　番路鄉,觸口村,0500,16,307,171,494,1,495,0,495,258,753,65.7371
第15任總統副總統,在嘉義縣各投開票所,嘉義縣,　番路鄉,觸口村,0501,10,44,296,350,3,353,0,353,75,428,82.4766
第15任總統副總統,在嘉義縣各投開票所,嘉義縣,　番路鄉,大湖村,0502,7,147,218,372,3,375,0,375,223,598,62.7090
第15任總統副總統,在嘉義縣各投開票所,嘉義縣,　番路鄉,公田村,0503,7,88,128,223,2,225,0,225,91,316,71.2025
第15任總統副總統,在嘉義縣各投開票所,嘉義縣,　番路鄉,公田村,0504,40,180,213,433,5,438,0,438,198,636,68.8679
第15任總統副總統,在嘉義縣各投開票所,嘉義縣,　番路鄉,公興村,0505,12,141,155,308,4,312,0,312,181,493,63.2860
第15任總統副總統,在嘉義縣各投開票所,嘉義縣,　番路鄉,草山村,0506,14,60,30,104,2,106,0,106,52,158,67.0886
第15任總統副總統,在嘉義縣各投開票所,嘉義縣,　番路鄉,草山村,0507,11,60,57,128,2,130,0,130,75,205,63.4146
第15任總統副總統,在嘉義縣各投開票所,嘉義縣,　大埔鄉,大埔村,0521,13,133,200,346,2,348,0,348,250,598,58.1940
第15任總統副總統,在嘉義縣各投開票所,嘉義縣,　大埔鄉,大埔村,0522,10,172,291,473,6,479,0,479,335,814,58.8452
第15任總統副總統,在嘉義縣各投開票所,嘉義縣,　大埔鄉,和平村,0523,4,81,81,166,4,170,0,170,151,321,52.9595
第15任總統副總統,在嘉義縣各投開票所,嘉義縣,　大埔鄉,和平村,0524,5,66,119,190,1,191,0,191,105,296,64.5270
第15任總統副總統,在嘉義縣各投開票所,嘉義縣,　大埔鄉,永樂村,0525,5,54,44,103,1,104,0,104,76,180,57.7778
第15任總統副總統,在嘉義縣各投開票所,嘉義縣,　大埔鄉,永樂村,0526,9,73,64,146,1,147,0,147,80,227,64.7577
第15任總統副總統,在嘉義縣各投開票所,嘉義縣,　大埔鄉,茄苳村,0527,10,92,144,246,3,249,0,249,245,494,50.4049
第15任總統副總統,在嘉義縣各投開票所,嘉義縣,　大埔鄉,茄苳村,0528,4,68,49,121,0,121,0,121,77,198,61.1111
第15任總統副總統,在嘉義縣各投開票所,嘉義縣,　大埔鄉,茄苳村,0529,2,40,50,92,2,94,0,94,129,223,42.1525
第15任總統副總統,在嘉義縣各投開票所,嘉義縣,　大埔鄉,西興村,0530,14,151,182,347,3,350,0,350,211,561,62.3886
第15任總統副總統,在嘉義縣各投開票所,嘉義縣,　阿里山鄉,中山村,0508,12,126,88,226,3,229,0,229,137,366,62.5683
第15任總統副總統,在嘉義縣各投開票所,嘉義縣,　阿里山鄉,中正村,0509,8,75,43,126,1,127,0,127,55,182,69.7802
第15任總統副總統,在嘉義縣各投開票所,嘉義縣,　阿里山鄉,香林村,0510,6,53,15,74,0,74,0,74,73,147,50.3401
第15任總統副總統,在嘉義縣各投開票所,嘉義縣,　阿里山鄉,十字村,0511,4,112,35,151,2,153,0,153,74,227,67.4009
第15任總統副總統,在嘉義縣各投開票所,嘉義縣,　阿里山鄉,十字村,0512,2,28,10,40,0,40,0,40,34,74,54.0541
第15任總統副總統,在嘉義縣各投開票所,嘉義縣,　阿里山鄉,豐山村,0513,5,101,79,185,4,189,0,189,114,303,62.3762
第15任總統副總統,在嘉義縣各投開票所,嘉義縣,　阿里山鄉,來吉村,0514,4,151,58,213,3,216,0,216,81,297,72.7273
第15任總統副總統,在嘉義縣各投開票所,嘉義縣,　阿里山鄉,樂野村,0515,37,373,237,647,7,654,0,654,270,924,70.7792
第15任總統副總統,在嘉義縣各投開票所,嘉義縣,　阿里山鄉,達邦村,0516,8,412,133,553,3,556,0,556,237,793,70.1135
第15任總統副總統,在嘉義縣各投開票所,嘉義縣,　阿里山鄉,里佳村,0517,2,114,39,155,1,156,0,156,75,231,67.5325
第15任總統副總統,在嘉義縣各投開票所,嘉義縣,　阿里山鄉,山美村,0518,6,240,63,309,2,311,0,311,160,471,66.0297
第15任總統副總統,在嘉義縣各投開票所,嘉義縣,　阿里山鄉,新美村,0519,6,127,47,180,2,182,0,182,100,282,64.5390
第15任總統副總統,在嘉義縣各投開票所,嘉義縣,　阿里山鄉,茶山村,0520,6,94,84,184,0,184,0,184,61,245,75.1020
第15任總統副總統,在高雄市各投開票所,高雄市,　鹽埕區,藍橋里,1304,30,294,662,986,7,993,0,993,256,1249,79.5036
第15任總統副總統,在高雄市各投開票所,高雄市,　鹽埕區,慈愛里,1305,4,80,183,267,1,268,0,268,58,326,82.2086
第15任總統副總統,在高雄市各投開票所,高雄市,　鹽埕區,博愛里,1306,12,130,355,497,5,502,0,502,120,622,80.7074
第15任總統副總統,在高雄市各投開票所,高雄市,　鹽埕區,壽星里,1307,18,367,547,932,7,939,0,939,340,1279,73.4167
第15任總統副總統,在高雄市各投開票所,高雄市,　鹽埕區,中山里,1308,28,296,539,863,9,872,0,872,232,1104,78.9855
第15任總統副總統,在高雄市各投開票所,高雄市,　鹽埕區,教仁里,1309,13,237,433,683,4,687,0,687,178,865,79.4220
第15任總統副總統,在高雄市各投開票所,高雄市,　鹽埕區,教仁里,1310,31,295,548,874,7,881,0,881,209,1090,80.8257
第15任總統副總統,在高雄市各投開票所,高雄市,　鹽埕區,新樂里,1311,16,234,390,640,8,648,0,648,168,816,79.4118
第15任總統副總統,在高雄市各投開票所,高雄市,　鹽埕區,中原里,1312,12,141,298,451,6,457,0,457,125,582,78.5223
第15任總統副總統,在高雄市各投開票所,高雄市,　鹽埕區,光明里,1313,22,328,631,981,10,991,0,991,453,1444,68.6288
第15任總統副總統,在高雄市各投開票所,高雄市,　鹽埕區,育仁里,1314,21,177,379,577,10,587,0,587,166,753,77.9548
第15任總統副總統,在高雄市各投開票所,高雄市,　鹽埕區,河濱里,1315,28,207,392,627,9,636,0,636,181,817,77.8458
第15任總統副總統,在高雄市各投開票所,高雄市,　鹽埕區,河濱里,1316,27,200,388,615,5,620,0,620,151,771,80.4150
第15任總統副總統,在高雄市各投開票所,高雄市,　鹽埕區,沙地里,1317,11,151,356,518,4,522,0,522,167,689,75.7620
第15任總統副總統,在高雄市各投開票所,高雄市,　鹽埕區,南端里,1318,23,259,424,706,9,715,0,715,236,951,75.1840
第15任總統副總統,在高雄市各投開票所,高雄市,　鹽埕區,港都里,1319,29,251,547,827,3,830,0,830,202,1032,80.4264
第15任總統副總統,在高雄市各投開票所,高雄市,　鹽埕區,江西里,1320,20,252,560,832,8,840,0,840,224,1064,78.9474
第15任總統副總統,在高雄市各投開票所,高雄市,　鹽埕區,新豐里,1321,20,213,357,590,5,595,0,595,176,771,77.1725
第15任總統副總統,在高雄市各投開票所,高雄市,　鹽埕區,府北里,1322,25,277,516,818,12,830,0,830,273,1103,75.2493
第15任總統副總統,在高雄市各投開票所,高雄市,　鹽埕區,府北里,1323,14,241,417,672,7,679,0,679,233,912,74.4518
第15任總統副總統,在高雄市各投開票所,高雄市,　鹽埕區,陸橋里,1324,23,286,558,867,7,874,0,874,262,1136,76.9366
第15任總統副總統,在高雄市各投開票所,高雄市,　鹽埕區,瀨南里,1325,11,135,290,436,4,440,0,440,127,567,77.6014
第15任總統副總統,在高雄市各投開票所,高雄市,　鹽埕區,新化里,1326,10,133,295,438,13,451,0,451,96,547,82.4497
第15任總統副總統,在高雄市各投開票所,高雄市,　鹽埕區,江南里,1327,7,86,360,453,2,455,0,455,144,599,75.9599
第15任總統副總統,在高雄市各投開票所,高雄市,　鼓山區,鼓峰里,1221,21,338,338,697,6,703,0,703,225,928,75.7543
第15任總統副總統,在高雄市各投開票所,高雄市,　鼓山區,鼓峰里,1222,26,337,365,728,8,736,0,736,214,950,77.4737
第15任總統副總統,在高雄市各投開票所,高雄市,　鼓山區,雄峰里,1223,18,402,226,646,6,652,0,652,233,885,73.6723
第15任總統副總統,在高雄市各投開票所,高雄市,　鼓山區,雄峰里,1224,19,439,353,811,8,819,0,819,249,1068,76.6854
第15任總統副總統,在高雄市各投開票所,高雄市,　鼓山區,前峰里,1225,33,429,667,1129,18,1147,0,1147,306,1453,78.9401
第15任總統副總統,在高雄市各投開票所,高雄市,　鼓山區,前峰里,1226,38,484,562,1084,14,1098,0,1098,274,1372,80.0292
第15任總統副總統,在高雄市各投開票所,高雄市,　鼓山區,前峰里,1227,28,513,418,959,13,972,0,972,237,1209,80.3970
第15任總統副總統,在高雄市各投開票所,高雄市,　鼓山區,光榮里,1228,21,177,571,769,5,774,0,774,240,1014,76.3314
第15任總統副總統,在高雄市各投開票所,高雄市,　鼓山區,光榮里,1229,20,261,613,894,7,901,0,901,238,1139,79.1045
第15任總統副總統,在高雄市各投開票所,高雄市,　鼓山區,光榮里,1230,21,260,629,910,12,922,0,922,232,1154,79.8960
第15任總統副總統,在高雄市各投開票所,高雄市,　鼓山區,民族里,1231,24,340,661,1025,8,1033,0,1033,211,1244,83.0386
第15任總統副總統,在高雄市各投開票所,高雄市,　鼓山區,內惟里,1232,22,245,552,819,11,830,0,830,235,1065,77.9343
第15任總統副總統,在高雄市各投開票所,高雄市,　鼓山區,建國里,1233,29,292,588,909,12,921,0,921,217,1138,80.9315
第15任總統副總統,在高雄市各投開票所,高雄市,　鼓山區,建國里,1234,31,352,579,962,14,976,0,976,250,1226,79.6085
第15任總統副總統,在高雄市各投開票所,高雄市,　鼓山區,忠正里,1235,35,326,598,959,9,968,0,968,277,1245,77.7510
第15任總統副總統,在高雄市各投開票所,高雄市,　鼓山區,忠正里,1236,21,290,575,886,8,894,0,894,293,1187,75.3159
第15任總統副總統,在高雄市各投開票所,高雄市,　鼓山區,忠正里,1237,34,354,582,970,6,976,0,976,229,1205,80.9959
第15任總統副總統,在高雄市各投開票所,高雄市,　鼓山區,自強里,1238,14,458,78,550,3,553,0,553,145,698,79.2264
第15任總統副總統,在高雄市各投開票所,高雄市,　鼓山區,龍井里,1239,21,333,552,906,8,914,0,914,291,1205,75.8506
第15任總統副總統,在高雄市各投開票所,高雄市,　鼓山區,正德里,1240,39,421,1040,1500,10,1510,0,1510,398,1908,79.1405
第15任總統副總統,在高雄市各投開票所,高雄市,　鼓山區,平和里,1241,33,354,917,1304,16,1320,0,1320,360,1680,78.5714
第15任總統副總統,在高雄市各投開票所,高雄市,　鼓山區,平和里,1242,33,397,887,1317,11,1328,0,1328,309,1637,81.1240
第15任總統副總統,在高雄市各投開票所,高雄市,　鼓山區,民強里,1243,33,307,683,1023,9,1032,0,1032,234,1266,81.5166
第15任總統副總統,在高雄市各投開票所,高雄市,　鼓山區,民強里,1244,32,306,706,1044,6,1050,0,1050,272,1322,79.4251
第15任總統副總統,在高雄市各投開票所,高雄市,　鼓山區,厚生里,1245,18,324,602,944,4,948,0,948,234,1182,80.2030
第15任總統副總統,在高雄市各投開票所,高雄市,　鼓山區,厚生里,1246,23,373,939,1335,10,1345,0,1345,381,1726,77.9258
第15任總統副總統,在高雄市各投開票所,高雄市,　鼓山區,龍子里,1247,49,441,602,1092,12,1104,0,1104,284,1388,79.5389
第15任總統副總統,在高雄市各投開票所,高雄市,　鼓山區,龍子里,1248,29,395,715,1139,14,1153,0,1153,314,1467,78.5958
第15任總統副總統,在高雄市各投開票所,高雄市,　鼓山區,龍子里,1249,42,376,724,1142,6,1148,0,1148,329,1477,77.7251
第15任總統副總統,在高雄市各投開票所,高雄市,　鼓山區,龍子里,1250,30,461,654,1145,11,1156,0,1156,356,1512,76.4550
第15任總統副總統,在高雄市各投開票所,高雄市,　鼓山區,龍子里,1251,38,457,675,1170,3,1173,0,1173,325,1498,78.3044
第15任總統副總統,在高雄市各投開票所,高雄市,　鼓山區,龍子里,1252,36,477,613,1126,13,1139,0,1139,355,1494,76.2383
第15任總統副總統,在高雄市各投開票所,高雄市,　鼓山區,龍子里,1253,44,463,675,1182,12,1194,0,1194,327,1521,78.5010
第15任總統副總統,在高雄市各投開票所,高雄市,　鼓山區,龍子里,1254,31,415,704,1150,18,1168,0,1168,297,1465,79.7270
第15任總統副總統,在高雄市各投開票所,高雄市,　鼓山區,龍子里,1255,41,426,694,1161,6,1167,0,1167,341,1508,77.3873
第15任總統副總統,在高雄市各投開票所,高雄市,　鼓山區,龍子里,1256,29,441,633,1103,13,1116,0,1116,327,1443,77.3389
第15任總統副總統,在高雄市各投開票所,高雄市,　鼓山區,龍水里,1257,59,412,682,1153,12,1165,0,1165,375,1540,75.6494
第15任總統副總統,在高雄市各投開票所,高雄市,　鼓山區,龍水里,1258,33,524,738,1295,19,1314,0,1314,400,1714,76.6628
第15任總統副總統,在高雄市各投開票所,高雄市,　鼓山區,龍水里,1259,54,557,703,1314,16,1330,0,1330,372,1702,78.1434
第15任總統副總統,在高雄市各投開票所,高雄市,　鼓山區,龍水里,1260,47,530,650,1227,14,1241,0,1241,343,1584,78.3460
第15任總統副總統,在高雄市各投開票所,高雄市,　鼓山區,龍水里,1261,49,466,733,1248,16,1264,0,1264,404,1668,75.7794
第15任總統副總統,在高雄市各投開票所,高雄市,　鼓山區,龍水里,1262,44,509,729,1282,12,1294,0,1294,353,1647,78.5671
第15任總統副總統,在高雄市各投開票所,高雄市,　鼓山區,龍水里,1263,41,470,689,1200,6,1206,0,1206,324,1530,78.8235
第15任總統副總統,在高雄市各投開票所,高雄市,　鼓山區,龍水里,1264,47,556,674,1277,10,1287,0,1287,338,1625,79.2000
第15任總統副總統,在高雄市各投開票所,高雄市,　鼓山區,龍水里,1265,49,546,754,1349,11,1360,0,1360,351,1711,79.4857
第15任總統副總統,在高雄市各投開票所,高雄市,　鼓山區,龍水里,1266,52,459,847,1358,12,1370,0,1370,324,1694,80.8737
第15任總統副總統,在高雄市各投開票所,高雄市,　鼓山區,龍水里,1267,48,490,683,1221,20,1241,0,1241,326,1567,79.1959
第15任總統副總統,在高雄市各投開票所,高雄市,　鼓山區,龍水里,1268,53,477,647,1177,9,1186,0,1186,354,1540,77.0130
第15任總統副總統,在高雄市各投開票所,高雄市,　鼓山區,龍水里,1269,39,520,673,1232,13,1245,0,1245,342,1587,78.4499
第15任總統副總統,在高雄市各投開票所,高雄市,　鼓山區,明誠里,1270,46,511,607,1164,17,1181,0,1181,412,1593,74.1368
第15任總統副總統,在高雄市各投開票所,高雄市,　鼓山區,明誠里,1271,35,509,709,1253,5,1258,0,1258,329,1587,79.2691
第15任總統副總統,在高雄市各投開票所,高雄市,　鼓山區,明誠里,1272,34,488,649,1171,8,1179,0,1179,374,1553,75.9176
第15任總統副總統,在高雄市各投開票所,高雄市,　鼓山區,明誠里,1273,37,513,668,1218,12,1230,0,1230,384,1614,76.2082
第15任總統副總統,在高雄市各投開票所,高雄市,　鼓山區,明誠里,1274,36,490,684,1210,10,1220,0,1220,331,1551,78.6589
第15任總統副總統,在高雄市各投開票所,高雄市,　鼓山區,明誠里,1275,32,436,732,1200,10,1210,0,1210,339,1549,78.1149
第15任總統副總統,在高雄市各投開票所,高雄市,　鼓山區,明誠里,1276,43,521,648,1212,13,1225,0,1225,347,1572,77.9262
第15任總統副總統,在高雄市各投開票所,高雄市,　鼓山區,明誠里,1277,36,512,630,1178,8,1186,0,1186,363,1549,76.5655
第15任總統副總統,在高雄市各投開票所,高雄市,　鼓山區,明誠里,1278,59,559,571,1189,16,1205,0,1205,329,1534,78.5528
第15任總統副總統,在高雄市各投開票所,高雄市,　鼓山區,明誠里,1279,34,523,589,1146,15,1161,0,1161,404,1565,74.1853
第15任總統副總統,在高雄市各投開票所,高雄市,　鼓山區,華豐里,1280,58,640,737,1435,12,1447,0,1447,353,1800,80.3889
第15任總統副總統,在高雄市各投開票所,高雄市,　鼓山區,華豐里,1281,53,677,841,1571,15,1586,0,1586,398,1984,79.9395
第15任總統副總統,在高雄市各投開票所,高雄市,　鼓山區,裕興里,1282,50,728,657,1435,12,1447,0,1447,460,1907,75.8783
第15任總統副總統,在高雄市各投開票所,高雄市,　鼓山區,裕興里,1283,35,521,671,1227,10,1237,0,1237,324,1561,79.2441
第15任總統副總統,在高雄市各投開票所,高雄市,　鼓山區,裕豐里,1284,22,458,421,901,5,906,0,906,223,1129,80.2480
第15任總統副總統,在高雄市各投開票所,高雄市,　鼓山區,裕豐里,1285,26,551,482,1059,6,1065,0,1065,289,1354,78.6558
第15任總統副總統,在高雄市各投開票所,高雄市,　鼓山區,鼓岩里,1286,12,262,573,847,12,859,0,859,299,1158,74.1796
第15任總統副總統,在高雄市各投開票所,高雄市,　鼓山區,樹德里,1287,20,254,633,907,6,913,0,913,195,1108,82.4007
第15任總統副總統,在高雄市各投開票所,高雄市,　鼓山區,寶樹里,1288,22,305,558,885,6,891,0,891,911,1802,49.4451
第15任總統副總統,在高雄市各投開票所,高雄市,　鼓山區,興宗里,1289,23,342,614,979,6,985,0,985,265,1250,78.8000
第15任總統副總統,在高雄市各投開票所,高雄市,　鼓山區,光化里,1290,44,326,528,898,8,906,0,906,291,1197,75.6892
第15任總統副總統,在高雄市各投開票所,高雄市,　鼓山區,山下里,1291,32,400,545,977,13,990,0,990,309,1299,76.2125
第15任總統副總統,在高雄市各投開票所,高雄市,　鼓山區,河邊里,1292,31,426,690,1147,8,1155,0,1155,354,1509,76.5408
第15任總統副總統,在高雄市各投開票所,高雄市,　鼓山區,綠川里,1293,32,305,705,1042,7,1049,0,1049,300,1349,77.7613
第15任總統副總統,在高雄市各投開票所,高雄市,　鼓山區,登山里,1294,7,163,282,452,1,453,0,453,145,598,75.7525
第15任總統副總統,在高雄市各投開票所,高雄市,　鼓山區,峰南里,1295,11,187,420,618,5,623,0,623,195,818,76.1614
第15任總統副總統,在高雄市各投開票所,高雄市,　鼓山區,麗興里,1296,26,203,482,711,9,720,0,720,226,946,76.1099
第15任總統副總統,在高雄市各投開票所,高雄市,　鼓山區,新民里,1297,23,184,512,719,10,729,0,729,210,939,77.6358
第15任總統副總統,在高雄市各投開票所,高雄市,　鼓山區,延平里,1298,14,146,422,582,3,585,0,585,143,728,80.3571
第15任總統副總統,在高雄市各投開票所,高雄市,　鼓山區,維生里,1299,22,245,643,910,5,915,0,915,285,1200,76.2500
第15任總統副總統,在高雄市各投開票所,高雄市,　鼓山區,惠安里,1300,39,216,554,809,7,816,0,816,270,1086,75.1381
第15任總統副總統,在高雄市各投開票所,高雄市,　鼓山區,壽山里,1301,20,241,701,962,11,973,0,973,335,1308,74.3884
第15任總統副總統,在高雄市各投開票所,高雄市,　鼓山區,哨船頭里,1302,22,290,434,746,14,760,0,760,221,981,77.4720
第15任總統副總統,在高雄市各投開票所,高雄市,　鼓山區,桃源里,1303,10,158,259,427,1,428,0,428,122,550,77.8182
第15任總統副總統,在高雄市各投開票所,高雄市,　左營區,進學里,0644,9,241,280,530,3,533,0,533,1058,1591,33.5009
第15任總統副總統,在高雄市各投開票所,高雄市,　左營區,進學里,0645,26,324,384,734,8,742,0,742,216,958,77.4530
第15任總統副總統,在高雄市各投開票所,高雄市,　左營區,尾西里,0646,29,227,523,779,8,787,0,787,203,990,79.4949
第15任總統副總統,在高雄市各投開票所,高雄市,　左營區,頂北里,0647,17,124,279,420,5,425,0,425,81,506,83.9921
第15任總統副總統,在高雄市各投開票所,高雄市,　左營區,中北里,0648,6,128,355,489,3,492,0,492,124,616,79.8701
第15任總統副總統,在高雄市各投開票所,高雄市,　左營區,中南里,0649,9,79,287,375,2,377,0,377,118,495,76.1616
第15任總統副總統,在高雄市各投開票所,高雄市,　左營區,廟東里,0650,12,113,504,629,5,634,0,634,150,784,80.8673
第15任總統副總統,在高雄市各投開票所,高雄市,　左營區,廟北里,0651,14,141,486,641,8,649,0,649,210,859,75.5530
第15任總統副總統,在高雄市各投開票所,高雄市,　左營區,尾南里,0652,12,131,404,547,6,553,0,553,153,706,78.3286
第15任總統副總統,在高雄市各投開票所,高雄市,　左營區,尾北里,0653,37,383,734,1154,11,1165,0,1165,327,1492,78.0831
第15任總統副總統,在高雄市各投開票所,高雄市,　左營區,尾北里,0654,38,453,816,1307,19,1326,0,1326,357,1683,78.7879
第15任總統副總統,在高雄市各投開票所,高雄市,　左營區,屏山里,0655,29,673,388,1090,17,1107,0,1107,393,1500,73.8000
第15任總統副總統,在高雄市各投開票所,高雄市,　左營區,祥和里,0656,15,360,89,464,1,465,0,465,148,613,75.8564
第15任總統副總統,在高雄市各投開票所,高雄市,　左營區,永清里,0657,15,244,139,398,1,399,0,399,141,540,73.8889
第15任總統副總統,在高雄市各投開票所,高雄市,　左營區,莒光里,0658,44,677,558,1279,6,1285,0,1285,420,1705,75.3666
第15任總統副總統,在高雄市各投開票所,高雄市,　左營區,光輝里,0659,40,429,422,891,7,898,0,898,257,1155,77.7489
第15任總統副總統,在高雄市各投開票所,高雄市,　左營區,光輝里,0660,33,420,507,960,5,965,0,965,256,1221,79.0336
第15任總統副總統,在高雄市各投開票所,高雄市,　左營區,合群里,0661,19,828,138,985,15,1000,0,1000,239,1239,80.7103
第15任總統副總統,在高雄市各投開票所,高雄市,　左營區,合群里,0662,45,762,160,967,7,974,0,974,266,1240,78.5484
第15任總統副總統,在高雄市各投開票所,高雄市,　左營區,明建里,0663,15,270,194,479,3,482,0,482,123,605,79.6694
第15任總統副總統,在高雄市各投開票所,高雄市,　左營區,頂西里,0664,21,164,545,730,6,736,0,736,186,922,79.8265
第15任總統副總統,在高雄市各投開票所,高雄市,　左營區,聖后里,0665,19,150,421,590,5,595,0,595,127,722,82.4100
第15任總統副總統,在高雄市各投開票所,高雄市,　左營區,聖西里,0666,9,230,264,503,3,506,0,506,176,682,74.1935
第15任總統副總統,在高雄市各投開票所,高雄市,　左營區,聖南里,0667,8,94,291,393,2,395,0,395,111,506,78.0632
第15任總統副總統,在高雄市各投開票所,高雄市,　左營區,城南里,0668,11,98,265,374,3,377,0,377,119,496,76.0081
第15任總統副總統,在高雄市各投開票所,高雄市,　左營區,路東里,0669,16,151,383,550,10,560,0,560,134,694,80.6916
第15任總統副總統,在高雄市各投開票所,高雄市,　左營區,廍北里,0670,3,57,244,304,6,310,0,310,82,392,79.0816
第15任總統副總統,在高雄市各投開票所,高雄市,　左營區,廍南里,0671,13,131,314,458,3,461,0,461,125,586,78.6689
第15任總統副總統,在高雄市各投開票所,高雄市,　左營區,埤西里,0672,24,244,401,669,6,675,0,675,212,887,76.0992
第15任總統副總統,在高雄市各投開票所,高雄市,　左營區,埤北里,0673,19,548,360,927,10,937,0,937,358,1295,72.3552
第15任總統副總統,在高雄市各投開票所,高雄市,　左營區,埤東里,0674,16,271,419,706,6,712,0,712,214,926,76.8898
第15任總統副總統,在高雄市各投開票所,高雄市,　左營區,海勝里,0675,37,750,294,1081,10,1091,0,1091,299,1390,78.4892
第15任總統副總統,在高雄市各投開票所,高雄市,　左營區,海勝里,0676,33,622,225,880,10,890,0,890,235,1125,79.1111
第15任總統副總統,在高雄市各投開票所,高雄市,　左營區,海勝里,0677,22,454,147,623,13,636,1,637,163,800,79.5000
第15任總統副總統,在高雄市各投開票所,高雄市,　左營區,海勝里,0678,37,552,139,728,12,740,0,740,212,952,77.7311
第15任總統副總統,在高雄市各投開票所,高雄市,　左營區,海勝里,0679,29,732,209,970,5,975,0,975,263,1238,78.7561
第15任總統副總統,在高雄市各投開票所,高雄市,　左營區,崇實里,0680,59,561,560,1180,9,1189,0,1189,315,1504,79.0559
第15任總統副總統,在高雄市各投開票所,高雄市,　左營區,崇實里,0681,44,541,575,1160,14,1174,0,1174,345,1519,77.2877
第15任總統副總統,在高雄市各投開票所,高雄市,　左營區,自助里,0682,14,147,109,270,2,272,0,272,101,373,72.9223
第15任總統副總統,在高雄市各投開票所,高雄市,　左營區,果貿里,0683,35,903,210,1148,10,1158,0,1158,297,1455,79.5876
第15任總統副總統,在高雄市各投開票所,高雄市,　左營區,果貿里,0684,19,551,290,860,2,862,0,862,310,1172,73.5495
第15任總統副總統,在高雄市各投開票所,高雄市,　左營區,果惠里,0685,44,739,330,1113,7,1120,0,1120,310,1430,78.3217
第15任總統副總統,在高雄市各投開票所,高雄市,　左營區,果峰里,0686,34,846,286,1166,10,1176,0,1176,378,1554,75.6757
第15任總統副總統,在高雄市各投開票所,高雄市,　左營區,新下里,0687,36,443,630,1109,9,1118,0,1118,314,1432,78.0726
第15任總統副總統,在高雄市各投開票所,高雄市,　左營區,新下里,0688,31,445,707,1183,18,1201,0,1201,316,1517,79.1694
第15任總統副總統,在高雄市各投開票所,高雄市,　左營區,新下里,0689,34,467,534,1035,8,1043,0,1043,256,1299,80.2925
第15任總統副總統,在高雄市各投開票所,高雄市,　左營區,新下里,0690,45,416,620,1081,13,1094,0,1094,320,1414,77.3692
第15任總統副總統,在高雄市各投開票所,高雄市,　左營區,新下里,0691,31,402,561,994,10,1004,0,1004,284,1288,77.9503
第15任總統副總統,在高雄市各投開票所,高雄市,　左營區,新下里,0692,47,553,617,1217,14,1231,0,1231,319,1550,79.4194
第15任總統副總統,在高雄市各投開票所,高雄市,　左營區,新下里,0693,32,415,691,1138,5,1143,0,1143,287,1430,79.9301
第15任總統副總統,在高雄市各投開票所,高雄市,　左營區,新下里,0694,34,514,540,1088,14,1102,0,1102,342,1444,76.3158
第15任總統副總統,在高雄市各投開票所,高雄市,　左營區,新下里,0695,38,450,749,1237,14,1251,0,1251,311,1562,80.0896
第15任總統副總統,在高雄市各投開票所,高雄市,　左營區,新上里,0696,29,420,766,1215,8,1223,0,1223,288,1511,80.9398
第15任總統副總統,在高雄市各投開票所,高雄市,　左營區,新上里,0697,39,374,852,1265,13,1278,0,1278,277,1555,82.1865
第15任總統副總統,在高雄市各投開票所,高雄市,　左營區,新上里,0698,38,401,776,1215,8,1223,0,1223,321,1544,79.2098
第15任總統副總統,在高雄市各投開票所,高雄市,　左營區,新上里,0699,32,426,736,1194,7,1201,0,1201,348,1549,77.5339
第15任總統副總統,在高雄市各投開票所,高雄市,　左營區,新上里,0700,42,491,586,1119,11,1130,0,1130,350,1480,76.3514
第15任總統副總統,在高雄市各投開票所,高雄市,　左營區,新上里,0701,41,515,623,1179,10,1189,0,1189,377,1566,75.9259
第15任總統副總統,在高雄市各投開票所,高雄市,　左營區,新上里,0702,42,428,729,1199,11,1210,0,1210,337,1547,78.2159
第15任總統副總統,在高雄市各投開票所,高雄市,　左營區,新上里,0703,40,449,750,1239,7,1246,0,1246,337,1583,78.7113
第15任總統副總統,在高雄市各投開票所,高雄市,　左營區,新上里,0704,45,481,719,1245,7,1252,0,1252,299,1551,80.7221
第15任總統副總統,在高雄市各投開票所,高雄市,　左營區,新上里,0705,42,473,741,1256,14,1270,0,1270,296,1566,81.0983
第15任總統副總統,在高雄市各投開票所,高雄市,　左營區,新上里,0706,41,446,670,1157,13,1170,0,1170,304,1474,79.3758
第15任總統副總統,在高雄市各投開票所,高雄市,　左營區,新上里,0707,34,458,741,1233,14,1247,0,1247,349,1596,78.1328
第15任總統副總統,在高雄市各投開票所,高雄市,　左營區,新上里,0708,39,449,746,1234,15,1249,0,1249,304,1553,80.4250
第15任總統副總統,在高雄市各投開票所,高雄市,　左營區,新上里,0709,33,401,703,1137,7,1144,0,1144,341,1485,77.0370
第15任總統副總統,在高雄市各投開票所,高雄市,　左營區,新上里,0710,40,430,672,1142,12,1154,0,1154,332,1486,77.6581
第15任總統副總統,在高雄市各投開票所,高雄市,　左營區,新上里,0711,31,400,553,984,9,993,0,993,259,1252,79.3131
第15任總統副總統,在高雄市各投開票所,高雄市,　左營區,新中里,0712,53,369,845,1267,12,1279,0,1279,337,1616,79.1460
第15任總統副總統,在高雄市各投開票所,高雄市,　左營區,新中里,0713,35,343,943,1321,16,1337,0,1337,346,1683,79.4415
第15任總統副總統,在高雄市各投開票所,高雄市,　左營區,新中里,0714,34,357,861,1252,8,1260,0,1260,312,1572,80.1527
第15任總統副總統,在高雄市各投開票所,高雄市,　左營區,新光里,0715,41,337,642,1020,7,1027,0,1027,296,1323,77.6266
第15任總統副總統,在高雄市各投開票所,高雄市,　左營區,新光里,0716,30,410,761,1201,8,1209,0,1209,312,1521,79.4872
第15任總統副總統,在高雄市各投開票所,高雄市,　左營區,新光里,0717,39,409,595,1043,9,1052,0,1052,327,1379,76.2872
第15任總統副總統,在高雄市各投開票所,高雄市,　左營區,新光里,0718,43,436,673,1152,11,1163,0,1163,322,1485,78.3165
第15任總統副總統,在高雄市各投開票所,高雄市,　左營區,新光里,0719,37,426,642,1105,10,1115,0,1115,267,1382,80.6802
第15任總統副總統,在高雄市各投開票所,高雄市,　左營區,新光里,0720,32,477,619,1128,11,1139,0,1139,275,1414,80.5516
第15任總統副總統,在高雄市各投開票所,高雄市,　左營區,新光里,0721,31,476,614,1121,7,1128,0,1128,308,1436,78.5515
第15任總統副總統,在高雄市各投開票所,高雄市,　左營區,新光里,0722,46,424,631,1101,2,1103,0,1103,331,1434,76.9177
第15任總統副總統,在高雄市各投開票所,高雄市,　左營區,新光里,0723,33,497,541,1071,11,1082,0,1082,276,1358,79.6760
第15任總統副總統,在高雄市各投開票所,高雄市,　左營區,菜公里,0724,31,425,685,1141,11,1152,0,1152,327,1479,77.8905
第15任總統副總統,在高雄市各投開票所,高雄市,　左營區,菜公里,0725,39,398,672,1109,7,1116,0,1116,328,1444,77.2853
第15任總統副總統,在高雄市各投開票所,高雄市,　左營區,菜公里,0726,45,431,698,1174,6,1180,0,1180,300,1480,79.7297
第15任總統副總統,在高雄市各投開票所,高雄市,　左營區,菜公里,0727,34,328,714,1076,11,1087,0,1087,326,1413,76.9285
第15任總統副總統,在高雄市各投開票所,高雄市,　左營區,菜公里,0728,36,391,626,1053,10,1063,0,1063,344,1407,75.5508
第15任總統副總統,在高雄市各投開票所,高雄市,　左營區,菜公里,0729,34,424,649,1107,5,1112,0,1112,261,1373,80.9905
第15任總統副總統,在高雄市各投開票所,高雄市,　左營區,菜公里,0730,38,461,657,1156,8,1164,0,1164,327,1491,78.0684
第15任總統副總統,在高雄市各投開票所,高雄市,　左營區,菜公里,0731,48,373,664,1085,3,1088,0,1088,322,1410,77.1631
第15任總統副總統,在高雄市各投開票所,高雄市,　左營區,菜公里,0732,34,390,656,1080,6,1086,0,1086,312,1398,77.6824
第15任總統副總統,在高雄市各投開票所,高雄市,　左營區,菜公里,0733,51,434,680,1165,8,1173,0,1173,284,1457,80.5079
第15任總統副總統,在高雄市各投開票所,高雄市,　左營區,菜公里,0734,37,458,595,1090,9,1099,1,1100,257,1357,80.9875
第15任總統副總統,在高雄市各投開票所,高雄市,　左營區,菜公里,0735,45,460,632,1137,9,1146,0,1146,309,1455,78.7629
第15任總統副總統,在高雄市各投開票所,高雄市,　左營區,菜公里,0736,38,503,724,1265,10,1275,0,1275,398,1673,76.2104
第15任總統副總統,在高雄市各投開票所,高雄市,　左營區,菜公里,0737,45,531,747,1323,14,1337,0,1337,357,1694,78.9256
第15任總統副總統,在高雄市各投開票所,高雄市,　左營區,菜公里,0738,39,484,713,1236,10,1246,0,1246,392,1638,76.0684
第15任總統副總統,在高雄市各投開票所,高雄市,　左營區,菜公里,0739,43,506,704,1253,10,1263,0,1263,381,1644,76.8248
第15任總統副總統,在高雄市各投開票所,高雄市,　左營區,菜公里,0740,35,407,710,1152,10,1162,0,1162,344,1506,77.1580
第15任總統副總統,在高雄市各投開票所,高雄市,　左營區,菜公里,0741,48,556,633,1237,10,1247,0,1247,298,1545,80.7120
第15任總統副總統,在高雄市各投開票所,高雄市,　左營區,福山里,0742,45,505,592,1142,3,1145,0,1145,305,1450,78.9655
第15任總統副總統,在高雄市各投開票所,高雄市,　左營區,福山里,0743,37,457,662,1156,10,1166,0,1166,370,1536,75.9115
第15任總統副總統,在高雄市各投開票所,高雄市,　左營區,福山里,0744,42,471,614,1127,6,1133,0,1133,376,1509,75.0828
第15任總統副總統,在高雄市各投開票所,高雄市,　左營區,福山里,0745,46,431,640,1117,11,1128,0,1128,362,1490,75.7047
第15任總統副總統,在高雄市各投開票所,高雄市,　左營區,福山里,0746,55,553,609,1217,12,1229,0,1229,315,1544,79.5984
第15任總統副總統,在高雄市各投開票所,高雄市,　左營區,福山里,0747,50,449,693,1192,10,1202,0,1202,346,1548,77.6486
第15任總統副總統,在高雄市各投開票所,高雄市,　左營區,福山里,0748,42,442,658,1142,6,1148,0,1148,352,1500,76.5333
第15任總統副總統,在高雄市各投開票所,高雄市,　左營區,福山里,0749,50,499,631,1180,11,1191,0,1191,306,1497,79.5591
第15任總統副總統,在高雄市各投開票所,高雄市,　左營區,福山里,0750,43,398,638,1079,8,1087,0,1087,335,1422,76.4416
第15任總統副總統,在高雄市各投開票所,高雄市,　左營區,福山里,0751,47,422,725,1194,5,1199,0,1199,319,1518,78.9855
第15任總統副總統,在高雄市各投開票所,高雄市,　左營區,福山里,0752,52,455,676,1183,11,1194,0,1194,329,1523,78.3979
第15任總統副總統,在高雄市各投開票所,高雄市,　左營區,福山里,0753,38,379,645,1062,6,1068,0,1068,358,1426,74.8948
第15任總統副總統,在高雄市各投開票所,高雄市,　左營區,福山里,0754,48,460,543,1051,4,1055,0,1055,400,1455,72.5086
第15任總統副總統,在高雄市各投開票所,高雄市,　左營區,福山里,0755,38,408,622,1068,10,1078,0,1078,339,1417,76.0762
第15任總統副總統,在高雄市各投開票所,高雄市,　左營區,福山里,0756,43,510,684,1237,8,1245,0,1245,355,1600,77.8125
第15任總統副總統,在高雄市各投開票所,高雄市,　左營區,福山里,0757,39,444,659,1142,9,1151,0,1151,394,1545,74.4984
第15任總統副總統,在高雄市各投開票所,高雄市,　左營區,福山里,0758,42,455,711,1208,8,1216,0,1216,307,1523,79.8424
第15任總統副總統,在高雄市各投開票所,高雄市,　左營區,福山里,0759,35,422,689,1146,9,1155,0,1155,357,1512,76.3889
第15任總統副總統,在高雄市各投開票所,高雄市,　左營區,福山里,0760,40,384,603,1027,11,1038,0,1038,338,1376,75.4360
第15任總統副總統,在高雄市各投開票所,高雄市,　左營區,福山里,0761,40,368,650,1058,14,1072,0,1072,310,1382,77.5687
第15任總統副總統,在高雄市各投開票所,高雄市,　左營區,福山里,0762,42,751,644,1437,9,1446,0,1446,426,1872,77.2436
第15任總統副總統,在高雄市各投開票所,高雄市,　左營區,福山里,0763,44,454,611,1109,14,1123,0,1123,318,1441,77.9320
第15任總統副總統,在高雄市各投開票所,高雄市,　楠梓區,清豐里,0518,29,226,532,787,8,795,0,795,202,997,79.7392
第15任總統副總統,在高雄市各投開票所,高雄市,　楠梓區,清豐里,0519,21,193,578,792,7,799,0,799,209,1008,79.2659
第15任總統副總統,在高雄市各投開票所,高雄市,　楠梓區,清豐里,0520,43,293,629,965,14,979,0,979,211,1190,82.2689
第15任總統副總統,在高雄市各投開票所,高雄市,　楠梓區,清豐里,0521,40,276,593,909,5,914,0,914,305,1219,74.9795
第15任總統副總統,在高雄市各投開票所,高雄市,　楠梓區,清豐里,0522,31,301,750,1082,2,1084,0,1084,268,1352,80.1775
第15任總統副總統,在高雄市各投開票所,高雄市,　楠梓區,清豐里,0523,40,364,672,1076,11,1087,0,1087,310,1397,77.8096
第15任總統副總統,在高雄市各投開票所,高雄市,　楠梓區,清豐里,0524,44,330,593,967,8,975,0,975,259,1234,79.0113
第15任總統副總統,在高雄市各投開票所,高雄市,　楠梓區,清豐里,0525,28,306,600,934,9,943,0,943,250,1193,79.0444
第15任總統副總統,在高雄市各投開票所,高雄市,　楠梓區,清豐里,0526,29,372,548,949,4,953,0,953,283,1236,77.1036
第15任總統副總統,在高雄市各投開票所,高雄市,　楠梓區,清豐里,0527,30,325,690,1045,9,1054,0,1054,280,1334,79.0105
第15任總統副總統,在高雄市各投開票所,高雄市,　楠梓區,清豐里,0528,34,338,683,1055,5,1060,0,1060,302,1362,77.8267
第15任總統副總統,在高雄市各投開票所,高雄市,　楠梓區,清豐里,0529,37,350,577,964,8,972,0,972,297,1269,76.5957
第15任總統副總統,在高雄市各投開票所,高雄市,　楠梓區,清豐里,0530,34,328,790,1152,9,1161,0,1161,251,1412,82.2238
第15任總統副總統,在高雄市各投開票所,高雄市,　楠梓區,清豐里,0531,34,314,660,1008,11,1019,0,1019,321,1340,76.0448
第15任總統副總統,在高雄市各投開票所,高雄市,　楠梓區,清豐里,0532,42,358,650,1050,9,1059,0,1059,277,1336,79.2665
第15任總統副總統,在高雄市各投開票所,高雄市,　楠梓區,清豐里,0533,39,357,794,1190,5,1195,0,1195,321,1516,78.8259
第15任總統副總統,在高雄市各投開票所,高雄市,　楠梓區,東寧里,0534,33,335,627,995,8,1003,0,1003,279,1282,78.2371
第15任總統副總統,在高雄市各投開票所,高雄市,　楠梓區,東寧里,0535,35,354,618,1007,10,1017,0,1017,278,1295,78.5328
第15任總統副總統,在高雄市各投開票所,高雄市,　楠梓區,東寧里,0536,34,320,617,971,4,975,0,975,263,1238,78.7561
第15任總統副總統,在高雄市各投開票所,高雄市,　楠梓區,五常里,0537,34,268,627,929,8,937,0,937,224,1161,80.7063
第15任總統副總統,在高雄市各投開票所,高雄市,　楠梓區,五常里,0538,24,273,616,913,8,921,0,921,259,1180,78.0508
第15任總統副總統,在高雄市各投開票所,高雄市,　楠梓區,五常里,0539,31,226,587,844,12,856,0,856,283,1139,75.1536
第15任總統副總統,在高雄市各投開票所,高雄市,　楠梓區,五常里,0540,18,284,584,886,8,894,0,894,282,1176,76.0204
第15任總統副總統,在高雄市各投開票所,高雄市,　楠梓區,五常里,0541,19,274,500,793,9,802,0,802,345,1147,69.9215
第15任總統副總統,在高雄市各投開票所,高雄市,　楠梓區,享平里,0542,52,370,670,1092,16,1108,0,1108,375,1483,74.7134
第15任總統副總統,在高雄市各投開票所,高雄市,　楠梓區,享平里,0543,21,251,551,823,1,824,0,824,221,1045,78.8517
第15任總統副總統,在高雄市各投開票所,高雄市,　楠梓區,享平里,0544,30,228,512,770,7,777,0,777,244,1021,76.1019
第15任總統副總統,在高雄市各投開票所,高雄市,　楠梓區,惠楠里,0545,7,108,406,521,1,522,0,522,624,1146,45.5497
第15任總統副總統,在高雄市各投開票所,高雄市,　楠梓區,惠楠里,0546,30,286,433,749,5,754,0,754,217,971,77.6519
第15任總統副總統,在高雄市各投開票所,高雄市,　楠梓區,惠楠里,0547,28,270,408,706,9,715,0,715,203,918,77.8867
第15任總統副總統,在高雄市各投開票所,高雄市,　楠梓區,中陽里,0548,35,349,824,1208,10,1218,0,1218,327,1545,78.8350
第15任總統副總統,在高雄市各投開票所,高雄市,　楠梓區,中陽里,0549,39,306,889,1234,7,1241,0,1241,362,1603,77.4173
第15任總統副總統,在高雄市各投開票所,高雄市,　楠梓區,惠民里,0550,29,292,655,976,13,989,0,989,264,1253,78.9306
第15任總統副總統,在高雄市各投開票所,高雄市,　楠梓區,惠民里,0551,39,353,601,993,10,1003,0,1003,263,1266,79.2259
第15任總統副總統,在高雄市各投開票所,高雄市,　楠梓區,惠民里,0552,31,304,625,960,8,968,0,968,308,1276,75.8621
第15任總統副總統,在高雄市各投開票所,高雄市,　楠梓區,惠豐里,0553,26,308,505,839,9,848,0,848,292,1140,74.3860
第15任總統副總統,在高雄市各投開票所,高雄市,　楠梓區,惠豐里,0554,39,325,500,864,5,869,0,869,239,1108,78.4296
第15任總統副總統,在高雄市各投開票所,高雄市,　楠梓區,惠豐里,0555,31,303,466,800,5,805,0,805,200,1005,80.0995
第15任總統副總統,在高雄市各投開票所,高雄市,　楠梓區,惠豐里,0556,55,418,517,990,6,996,0,996,253,1249,79.7438
第15任總統副總統,在高雄市各投開票所,高雄市,　楠梓區,錦屏里,0557,15,143,704,862,7,869,0,869,238,1107,78.5005
第15任總統副總統,在高雄市各投開票所,高雄市,　楠梓區,錦屏里,0558,17,283,533,833,4,837,0,837,260,1097,76.2990
第15任總統副總統,在高雄市各投開票所,高雄市,　楠梓區,錦屏里,0559,19,250,581,850,7,857,0,857,201,1058,81.0019
第15任總統副總統,在高雄市各投開票所,高雄市,　楠梓區,玉屏里,0560,15,117,653,785,6,791,0,791,160,951,83.1756
第15任總統副總統,在高雄市各投開票所,高雄市,　楠梓區,玉屏里,0561,15,190,728,933,6,939,0,939,209,1148,81.7944
第15任總統副總統,在高雄市各投開票所,高雄市,　楠梓區,金田里,0562,23,216,656,895,10,905,0,905,249,1154,78.4229
第15任總統副總統,在高雄市各投開票所,高雄市,　楠梓區,金田里,0563,34,223,630,887,9,896,0,896,278,1174,76.3203
第15任總統副總統,在高雄市各投開票所,高雄市,　楠梓區,金田里,0564,26,167,705,898,11,909,0,909,209,1118,81.3059
第15任總統副總統,在高雄市各投開票所,高雄市,　楠梓區,稔田里,0565,20,210,883,1113,10,1123,0,1123,250,1373,81.7917
第15任總統副總統,在高雄市各投開票所,高雄市,　楠梓區,瑞屏里,0566,23,232,565,820,7,827,0,827,244,1071,77.2176
第15任總統副總統,在高雄市各投開票所,高雄市,　楠梓區,瑞屏里,0567,30,303,630,963,1,964,0,964,262,1226,78.6297
第15任總統副總統,在高雄市各投開票所,高雄市,　楠梓區,瑞屏里,0568,31,337,519,887,5,892,0,892,263,1155,77.2294
第15任總統副總統,在高雄市各投開票所,高雄市,　楠梓區,翠屏里,0569,49,436,622,1107,5,1112,0,1112,332,1444,77.0083
第15任總統副總統,在高雄市各投開票所,高雄市,　楠梓區,翠屏里,0570,37,514,555,1106,9,1115,0,1115,391,1506,74.0372
第15任總統副總統,在高雄市各投開票所,高雄市,　楠梓區,翠屏里,0571,29,437,573,1039,9,1048,0,1048,391,1439,72.8284
第15任總統副總統,在高雄市各投開票所,高雄市,　楠梓區,翠屏里,0572,51,461,564,1076,3,1079,0,1079,350,1429,75.5073
第15任總統副總統,在高雄市各投開票所,高雄市,　楠梓區,翠屏里,0573,35,433,572,1040,9,1049,0,1049,331,1380,76.0145
第15任總統副總統,在高雄市各投開票所,高雄市,　楠梓區,翠屏里,0574,48,449,550,1047,6,1053,0,1053,340,1393,75.5922
第15任總統副總統,在高雄市各投開票所,高雄市,　楠梓區,翠屏里,0575,29,436,562,1027,6,1033,0,1033,319,1352,76.4053
第15任總統副總統,在高雄市各投開票所,高雄市,　楠梓區,翠屏里,0576,35,422,557,1014,8,1022,0,1022,359,1381,74.0043
第15任總統副總統,在高雄市各投開票所,高雄市,　楠梓區,翠屏里,0577,28,430,569,1027,9,1036,0,1036,345,1381,75.0181
第15任總統副總統,在高雄市各投開票所,高雄市,　楠梓區,翠屏里,0578,51,456,559,1066,9,1075,0,1075,300,1375,78.1818
第15任總統副總統,在高雄市各投開票所,高雄市,　楠梓區,翠屏里,0579,40,373,565,978,10,988,0,988,324,1312,75.3049
第15任總統副總統,在高雄市各投開票所,高雄市,　楠梓區,宏南里,0580,14,299,261,574,8,582,0,582,151,733,79.3997
第15任總統副總統,在高雄市各投開票所,高雄市,　楠梓區,宏毅里,0581,31,365,514,910,11,921,0,921,220,1141,80.7187
第15任總統副總統,在高雄市各投開票所,高雄市,　楠梓區,宏毅里,0582,29,278,541,848,6,854,0,854,191,1045,81.7225
第15任總統副總統,在高雄市各投開票所,高雄市,　楠梓區,宏榮里,0583,23,298,467,788,9,797,0,797,197,994,80.1811
第15任總統副總統,在高雄市各投開票所,高雄市,　楠梓區,宏榮里,0584,46,522,529,1097,13,1110,0,1110,329,1439,77.1369
第15任總統副總統,在高雄市各投開票所,高雄市,　楠梓區,廣昌里,0585,28,384,762,1174,12,1186,0,1186,295,1481,80.0810
第15任總統副總統,在高雄市各投開票所,高雄市,　楠梓區,廣昌里,0586,40,518,508,1066,10,1076,0,1076,299,1375,78.2545
第15任總統副總統,在高雄市各投開票所,高雄市,　楠梓區,久昌里,0587,29,444,637,1110,10,1120,0,1120,331,1451,77.1881
第15任總統副總統,在高雄市各投開票所,高雄市,　楠梓區,久昌里,0588,28,377,513,918,5,923,0,923,307,1230,75.0407
第15任總統副總統,在高雄市各投開票所,高雄市,　楠梓區,大昌里,0589,22,273,442,737,6,743,0,743,240,983,75.5849
第15任總統副總統,在高雄市各投開票所,高雄市,　楠梓區,大昌里,0590,29,372,370,771,6,777,0,777,255,1032,75.2907
第15任總統副總統,在高雄市各投開票所,高雄市,　楠梓區,福昌里,0591,24,225,463,712,8,720,0,720,160,880,81.8182
第15任總統副總統,在高雄市各投開票所,高雄市,　楠梓區,福昌里,0592,22,284,533,839,10,849,0,849,216,1065,79.7183
第15任總統副總統,在高雄市各投開票所,高雄市,　楠梓區,盛昌里,0593,33,425,583,1041,6,1047,0,1047,263,1310,79.9237
第15任總統副總統,在高雄市各投開票所,高雄市,　楠梓區,盛昌里,0594,30,413,637,1080,12,1092,0,1092,283,1375,79.4182
第15任總統副總統,在高雄市各投開票所,高雄市,　楠梓區,盛昌里,0595,49,404,500,953,8,961,0,961,282,1243,77.3130
第15任總統副總統,在高雄市各投開票所,高雄市,　楠梓區,盛昌里,0596,38,445,502,985,9,994,0,994,253,1247,79.7113
第15任總統副總統,在高雄市各投開票所,高雄市,　楠梓區,泰昌里,0597,24,404,647,1075,13,1088,0,1088,312,1400,77.7143
第15任總統副總統,在高雄市各投開票所,高雄市,　楠梓區,興昌里,0598,20,267,488,775,4,779,0,779,224,1003,77.6670
第15任總統副總統,在高雄市各投開票所,高雄市,　楠梓區,興昌里,0599,28,276,539,843,5,848,0,848,199,1047,80.9933
第15任總統副總統,在高雄市各投開票所,高雄市,　楠梓區,興昌里,0600,28,301,466,795,9,804,0,804,210,1014,79.2899
第15任總統副總統,在高雄市各投開票所,高雄市,　楠梓區,興昌里,0601,17,312,497,826,6,832,0,832,210,1042,79.8464
第15任總統副總統,在高雄市各投開票所,高雄市,　楠梓區,建昌里,0602,28,360,556,944,9,953,1,954,278,1232,77.3539
第15任總統副總統,在高雄市各投開票所,高雄市,　楠梓區,建昌里,0603,35,398,487,920,14,934,0,934,293,1227,76.1206
第15任總統副總統,在高雄市各投開票所,高雄市,　楠梓區,宏昌里,0604,31,275,512,818,7,825,0,825,230,1055,78.1991
第15任總統副總統,在高雄市各投開票所,高雄市,　楠梓區,宏昌里,0605,25,314,419,758,7,765,0,765,167,932,82.0815
第15任總統副總統,在高雄市各投開票所,高雄市,　楠梓區,宏昌里,0606,31,356,420,807,2,809,0,809,220,1029,78.6200
第15任總統副總統,在高雄市各投開票所,高雄市,　楠梓區,和昌里,0607,23,297,425,745,7,752,0,752,196,948,79.3249
第15任總統副總統,在高雄市各投開票所,高雄市,　楠梓區,和昌里,0608,27,340,414,781,6,787,0,787,237,1024,76.8555
第15任總統副總統,在高雄市各投開票所,高雄市,　楠梓區,慶昌里,0609,30,436,434,900,11,911,0,911,201,1112,81.9245
第15任總統副總統,在高雄市各投開票所,高雄市,　楠梓區,慶昌里,0610,27,358,396,781,8,789,0,789,185,974,81.0062
第15任總統副總統,在高雄市各投開票所,高雄市,　楠梓區,慶昌里,0611,13,318,454,785,6,791,0,791,188,979,80.7967
第15任總統副總統,在高雄市各投開票所,高雄市,　楠梓區,隆昌里,0612,33,528,443,1004,9,1013,0,1013,352,1365,74.2125
第15任總統副總統,在高雄市各投開票所,高雄市,　楠梓區,隆昌里,0613,32,431,600,1063,7,1070,0,1070,292,1362,78.5609
第15任總統副總統,在高雄市各投開票所,高雄市,　楠梓區,隆昌里,0614,22,447,548,1017,7,1024,0,1024,245,1269,80.6935
第15任總統副總統,在高雄市各投開票所,高雄市,　楠梓區,秀昌里,0615,29,299,438,766,5,771,0,771,261,1032,74.7093
第15任總統副總統,在高雄市各投開票所,高雄市,　楠梓區,秀昌里,0616,41,384,409,834,7,841,0,841,194,1035,81.2560
第15任總統副總統,在高雄市各投開票所,高雄市,　楠梓區,裕昌里,0617,30,278,595,903,7,910,1,911,240,1151,79.0617
第15任總統副總統,在高雄市各投開票所,高雄市,　楠梓區,裕昌里,0618,32,290,490,812,6,818,0,818,306,1124,72.7758
第15任總統副總統,在高雄市各投開票所,高雄市,　楠梓區,裕昌里,0619,27,314,533,874,10,884,0,884,211,1095,80.7306
第15任總統副總統,在高雄市各投開票所,高雄市,　楠梓區,裕昌里,0620,38,303,502,843,9,852,0,852,223,1075,79.2558
第15任總統副總統,在高雄市各投開票所,高雄市,　楠梓區,國昌里,0621,21,320,549,890,7,897,0,897,247,1144,78.4091
第15任總統副總統,在高雄市各投開票所,高雄市,　楠梓區,國昌里,0622,31,284,475,790,6,796,0,796,228,1024,77.7344
第15任總統副總統,在高雄市各投開票所,高雄市,　楠梓區,國昌里,0623,23,329,519,871,7,878,0,878,242,1120,78.3929
第15任總統副總統,在高雄市各投開票所,高雄市,　楠梓區,加昌里,0624,21,315,382,718,9,727,0,727,220,947,76.7687
第15任總統副總統,在高雄市各投開票所,高雄市,　楠梓區,加昌里,0625,26,362,419,807,9,816,0,816,247,1063,76.7639
第15任總統副總統,在高雄市各投開票所,高雄市,　楠梓區,加昌里,0626,29,319,435,783,7,790,0,790,209,999,79.0791
第15任總統副總統,在高雄市各投開票所,高雄市,　楠梓區,加昌里,0627,27,301,398,726,6,732,0,732,247,979,74.7702
第15任總統副總統,在高雄市各投開票所,高雄市,　楠梓區,加昌里,0628,28,333,400,761,7,768,0,768,243,1011,75.9644
第15任總統副總統,在高雄市各投開票所,高雄市,　楠梓區,加昌里,0629,35,346,409,790,8,798,0,798,224,1022,78.0822
第15任總統副總統,在高雄市各投開票所,高雄市,　楠梓區,加昌里,0630,38,303,396,737,7,744,0,744,223,967,76.9390
第15任總統副總統,在高雄市各投開票所,高雄市,　楠梓區,加昌里,0631,20,306,382,708,7,715,0,715,215,930,76.8817
第15任總統副總統,在高雄市各投開票所,高雄市,　楠梓區,仁昌里,0632,39,415,509,963,5,968,0,968,334,1302,74.3472
第15任總統副總統,在高雄市各投開票所,高雄市,　楠梓區,仁昌里,0633,33,401,500,934,12,946,0,946,308,1254,75.4386
第15任總統副總統,在高雄市各投開票所,高雄市,　楠梓區,仁昌里,0634,38,380,487,905,4,909,0,909,282,1191,76.3224
第15任總統副總統,在高雄市各投開票所,高雄市,　楠梓區,仁昌里,0635,45,362,436,843,5,848,0,848,216,1064,79.6992
第15任總統副總統,在高雄市各投開票所,高雄市,　楠梓區,藍田里,0636,46,375,778,1199,6,1205,0,1205,321,1526,78.9646
第15任總統副總統,在高雄市各投開票所,高雄市,　楠梓區,藍田里,0637,48,425,688,1161,14,1175,0,1175,297,1472,79.8234
第15任總統副總統,在高雄市各投開票所,高雄市,　楠梓區,藍田里,0638,42,408,605,1055,13,1068,0,1068,232,1300,82.1538
第15任總統副總統,在高雄市各投開票所,高雄市,　楠梓區,藍田里,0639,39,278,539,856,5,861,0,861,248,1109,77.6375
第15任總統副總統,在高雄市各投開票所,高雄市,　楠梓區,藍田里,0640,39,320,505,864,15,879,0,879,290,1169,75.1925
第15任總統副總統,在高雄市各投開票所,高雄市,　楠梓區,中興里,0641,39,308,819,1166,9,1175,0,1175,273,1448,81.1464
第15任總統副總統,在高雄市各投開票所,高雄市,　楠梓區,中和里,0642,27,320,968,1315,9,1324,0,1324,372,1696,78.0660
第15任總統副總統,在高雄市各投開票所,高雄市,　楠梓區,中和里,0643,43,413,880,1336,6,1342,0,1342,505,1847,72.6584
第15任總統副總統,在高雄市各投開票所,高雄市,　三民區,鼎金里,0984,19,288,544,851,7,858,0,858,316,1174,73.0835
第15任總統副總統,在高雄市各投開票所,高雄市,　三民區,鼎金里,0985,28,337,627,992,8,1000,0,1000,291,1291,77.4593
第15任總統副總統,在高雄市各投開票所,高雄市,　三民區,鼎金里,0986,22,295,686,1003,5,1008,0,1008,297,1305,77.2414
第15任總統副總統,在高雄市各投開票所,高雄市,　三民區,鼎盛里,0987,41,428,705,1174,14,1188,0,1188,363,1551,76.5957
第15任總統副總統,在高雄市各投開票所,高雄市,　三民區,鼎盛里,0988,56,386,691,1133,15,1148,0,1148,345,1493,76.8922
第15任總統副總統,在高雄市各投開票所,高雄市,　三民區,鼎盛里,0989,30,391,683,1104,11,1115,0,1115,287,1402,79.5292
第15任總統副總統,在高雄市各投開票所,高雄市,　三民區,鼎盛里,0990,31,397,683,1111,9,1120,0,1120,390,1510,74.1722
第15任總統副總統,在高雄市各投開票所,高雄市,　三民區,鼎盛里,0991,30,319,601,950,5,955,0,955,243,1198,79.7162
第15任總統副總統,在高雄市各投開票所,高雄市,　三民區,鼎強里,0992,36,342,802,1180,14,1194,0,1194,323,1517,78.7080
第15任總統副總統,在高雄市各投開票所,高雄市,　三民區,鼎強里,0993,24,333,562,919,8,927,0,927,283,1210,76.6116
第15任總統副總統,在高雄市各投開票所,高雄市,　三民區,鼎強里,0994,33,309,682,1024,9,1033,0,1033,279,1312,78.7348
第15任總統副總統,在高雄市各投開票所,高雄市,　三民區,鼎力里,0995,48,449,1004,1501,11,1512,0,1512,420,1932,78.2609
第15任總統副總統,在高雄市各投開票所,高雄市,　三民區,鼎力里,0996,33,431,871,1335,8,1343,0,1343,359,1702,78.9072
第15任總統副總統,在高雄市各投開票所,高雄市,　三民區,鼎西里,0997,39,345,675,1059,11,1070,0,1070,284,1354,79.0251
第15任總統副總統,在高雄市各投開票所,高雄市,　三民區,鼎西里,0998,27,306,714,1047,8,1055,0,1055,266,1321,79.8637
第15任總統副總統,在高雄市各投開票所,高雄市,　三民區,鼎西里,0999,35,331,705,1071,9,1080,0,1080,306,1386,77.9221
第15任總統副總統,在高雄市各投開票所,高雄市,　三民區,鼎西里,1000,25,351,743,1119,8,1127,0,1127,334,1461,77.1389
第15任總統副總統,在高雄市各投開票所,高雄市,　三民區,鼎西里,1001,33,326,676,1035,9,1044,0,1044,308,1352,77.2189
第15任總統副總統,在高雄市各投開票所,高雄市,　三民區,鼎中里,1002,14,245,561,820,7,827,0,827,199,1026,80.6043
第15任總統副總統,在高雄市各投開票所,高雄市,　三民區,鼎中里,1003,39,230,586,855,11,866,0,866,207,1073,80.7083
第15任總統副總統,在高雄市各投開票所,高雄市,　三民區,鼎中里,1004,28,302,616,946,6,952,0,952,251,1203,79.1355
第15任總統副總統,在高雄市各投開票所,高雄市,　三民區,鼎泰里,1005,44,328,766,1138,7,1145,0,1145,295,1440,79.5139
第15任總統副總統,在高雄市各投開票所,高雄市,　三民區,鼎泰里,1006,52,445,665,1162,11,1173,0,1173,303,1476,79.4715
第15任總統副總統,在高雄市各投開票所,高雄市,　三民區,鼎泰里,1007,51,441,640,1132,10,1142,0,1142,355,1497,76.2859
第15任總統副總統,在高雄市各投開票所,高雄市,　三民區,鼎泰里,1008,35,322,792,1149,11,1160,0,1160,279,1439,80.6115
第15任總統副總統,在高雄市各投開票所,高雄市,　三民區,鼎泰里,1009,32,359,760,1151,11,1162,0,1162,297,1459,79.6436
第15任總統副總統,在高雄市各投開票所,高雄市,　三民區,鼎泰里,1010,29,363,725,1117,10,1127,0,1127,293,1420,79.3662
第15任總統副總統,在高雄市各投開票所,高雄市,　三民區,鼎泰里,1011,43,432,614,1089,9,1098,0,1098,262,1360,80.7353
第15任總統副總統,在高雄市各投開票所,高雄市,　三民區,鼎泰里,1012,44,464,624,1132,12,1144,0,1144,279,1423,80.3935
第15任總統副總統,在高雄市各投開票所,高雄市,　三民區,鼎泰里,1013,38,501,615,1154,9,1163,0,1163,307,1470,79.1156
第15任總統副總統,在高雄市各投開票所,高雄市,　三民區,鼎泰里,1014,51,464,632,1147,13,1160,0,1160,268,1428,81.2325
第15任總統副總統,在高雄市各投開票所,高雄市,　三民區,鼎泰里,1015,39,482,618,1139,11,1150,0,1150,286,1436,80.0836
第15任總統副總統,在高雄市各投開票所,高雄市,　三民區,鼎泰里,1016,50,494,601,1145,13,1158,0,1158,272,1430,80.9790
第15任總統副總統,在高雄市各投開票所,高雄市,　三民區,鼎泰里,1017,34,452,621,1107,8,1115,0,1115,293,1408,79.1903
第15任總統副總統,在高雄市各投開票所,高雄市,　三民區,鼎泰里,1018,35,525,574,1134,11,1145,0,1145,278,1423,80.4638
第15任總統副總統,在高雄市各投開票所,高雄市,　三民區,本館里,1019,28,441,868,1337,9,1346,0,1346,344,1690,79.6450
第15任總統副總統,在高雄市各投開票所,高雄市,　三民區,本館里,1020,39,453,828,1320,9,1329,0,1329,354,1683,78.9661
第15任總統副總統,在高雄市各投開票所,高雄市,　三民區,本館里,1021,35,418,754,1207,11,1218,0,1218,288,1506,80.8765
第15任總統副總統,在高雄市各投開票所,高雄市,　三民區,本館里,1022,37,391,793,1221,12,1233,0,1233,369,1602,76.9663
第15任總統副總統,在高雄市各投開票所,高雄市,　三民區,本館里,1023,40,457,824,1321,13,1334,0,1334,383,1717,77.6937
第15任總統副總統,在高雄市各投開票所,高雄市,　三民區,本和里,1024,29,361,654,1044,10,1054,0,1054,285,1339,78.7155
第15任總統副總統,在高雄市各投開票所,高雄市,　三民區,本和里,1025,41,393,640,1074,13,1087,0,1087,281,1368,79.4591
第15任總統副總統,在高雄市各投開票所,高雄市,　三民區,本和里,1026,25,349,677,1051,17,1068,0,1068,264,1332,80.1802
第15任總統副總統,在高雄市各投開票所,高雄市,　三民區,本和里,1027,29,344,672,1045,8,1053,0,1053,311,1364,77.1994
第15任總統副總統,在高雄市各投開票所,高雄市,　三民區,本和里,1028,29,383,611,1023,13,1036,0,1036,333,1369,75.6757
第15任總統副總統,在高雄市各投開票所,高雄市,　三民區,本文里,1029,28,270,500,798,6,804,0,804,215,1019,78.9009
第15任總統副總統,在高雄市各投開票所,高雄市,　三民區,本文里,1030,25,276,525,826,8,834,0,834,211,1045,79.8086
第15任總統副總統,在高雄市各投開票所,高雄市,　三民區,本武里,1031,22,191,489,702,9,711,0,711,139,850,83.6471
第15任總統副總統,在高雄市各投開票所,高雄市,　三民區,本武里,1032,18,163,363,544,6,550,0,550,167,717,76.7085
第15任總統副總統,在高雄市各投開票所,高雄市,　三民區,本元里,1033,41,367,590,998,7,1005,0,1005,263,1268,79.2587
第15任總統副總統,在高雄市各投開票所,高雄市,　三民區,本元里,1034,24,257,625,906,4,910,0,910,249,1159,78.5160
第15任總統副總統,在高雄市各投開票所,高雄市,　三民區,本元里,1035,43,342,634,1019,8,1027,0,1027,256,1283,80.0468
第15任總統副總統,在高雄市各投開票所,高雄市,　三民區,本元里,1036,41,334,579,954,14,968,0,968,207,1175,82.3830
第15任總統副總統,在高雄市各投開票所,高雄市,　三民區,本安里,1037,50,445,697,1192,11,1203,0,1203,260,1463,82.2283
第15任總統副總統,在高雄市各投開票所,高雄市,　三民區,本安里,1038,29,383,631,1043,12,1055,0,1055,271,1326,79.5626
第15任總統副總統,在高雄市各投開票所,高雄市,　三民區,本安里,1039,33,395,709,1137,12,1149,0,1149,283,1432,80.2374
第15任總統副總統,在高雄市各投開票所,高雄市,　三民區,本上里,1040,50,379,768,1197,9,1206,0,1206,305,1511,79.8147
第15任總統副總統,在高雄市各投開票所,高雄市,　三民區,本上里,1041,26,452,674,1152,7,1159,0,1159,280,1439,80.5420
第15任總統副總統,在高雄市各投開票所,高雄市,　三民區,本上里,1042,36,448,698,1182,11,1193,0,1193,269,1462,81.6005
第15任總統副總統,在高雄市各投開票所,高雄市,　三民區,本揚里,1043,33,415,720,1168,12,1180,0,1180,286,1466,80.4911
第15任總統副總統,在高雄市各投開票所,高雄市,　三民區,本揚里,1044,42,370,681,1093,15,1108,0,1108,277,1385,80.0000
第15任總統副總統,在高雄市各投開票所,高雄市,　三民區,本揚里,1045,30,379,688,1097,14,1111,0,1111,285,1396,79.5845
第15任總統副總統,在高雄市各投開票所,高雄市,　三民區,本揚里,1046,31,390,609,1030,15,1045,0,1045,260,1305,80.0766
第15任總統副總統,在高雄市各投開票所,高雄市,　三民區,本揚里,1047,31,418,683,1132,6,1138,0,1138,283,1421,80.0844
第15任總統副總統,在高雄市各投開票所,高雄市,　三民區,寶獅里,1048,56,508,951,1515,20,1535,0,1535,398,1933,79.4102
第15任總統副總統,在高雄市各投開票所,高雄市,　三民區,寶獅里,1049,35,418,762,1215,18,1233,0,1233,350,1583,77.8901
第15任總統副總統,在高雄市各投開票所,高雄市,　三民區,寶德里,1050,37,353,582,972,13,985,0,985,226,1211,81.3377
第15任總統副總統,在高雄市各投開票所,高雄市,　三民區,寶德里,1051,28,361,530,919,7,926,0,926,300,1226,75.5302
第15任總統副總統,在高雄市各投開票所,高雄市,　三民區,寶德里,1052,26,266,645,937,8,945,0,945,246,1191,79.3451
第15任總統副總統,在高雄市各投開票所,高雄市,　三民區,寶德里,1053,26,242,636,904,4,908,0,908,260,1168,77.7397
第15任總統副總統,在高雄市各投開票所,高雄市,　三民區,寶泰里,1054,29,345,634,1008,7,1015,0,1015,275,1290,78.6822
第15任總統副總統,在高雄市各投開票所,高雄市,　三民區,寶泰里,1055,43,395,658,1096,8,1104,0,1104,351,1455,75.8763
第15任總統副總統,在高雄市各投開票所,高雄市,　三民區,寶泰里,1056,36,309,582,927,6,933,0,933,332,1265,73.7549
第15任總統副總統,在高雄市各投開票所,高雄市,　三民區,寶興里,1057,43,369,784,1196,9,1205,0,1205,298,1503,80.1730
第15任總統副總統,在高雄市各投開票所,高雄市,　三民區,寶興里,1058,34,383,827,1244,9,1253,0,1253,299,1552,80.7345
第15任總統副總統,在高雄市各投開票所,高雄市,　三民區,寶興里,1059,48,476,763,1287,9,1296,0,1296,339,1635,79.2661
第15任總統副總統,在高雄市各投開票所,高雄市,　三民區,寶興里,1060,36,449,769,1254,14,1268,0,1268,345,1613,78.6113
第15任總統副總統,在高雄市各投開票所,高雄市,　三民區,寶中里,1061,43,371,746,1160,8,1168,0,1168,308,1476,79.1328
第15任總統副總統,在高雄市各投開票所,高雄市,　三民區,寶中里,1062,41,310,699,1050,8,1058,0,1058,276,1334,79.3103
第15任總統副總統,在高雄市各投開票所,高雄市,　三民區,寶華里,1063,35,479,666,1180,10,1190,0,1190,317,1507,78.9648
第15任總統副總統,在高雄市各投開票所,高雄市,　三民區,寶華里,1064,30,435,692,1157,10,1167,0,1167,332,1499,77.8519
第15任總統副總統,在高雄市各投開票所,高雄市,　三民區,寶國里,1065,43,406,625,1074,8,1082,0,1082,304,1386,78.0664
第15任總統副總統,在高雄市各投開票所,高雄市,　三民區,寶國里,1066,35,372,690,1097,8,1105,0,1105,330,1435,77.0035
第15任總統副總統,在高雄市各投開票所,高雄市,　三民區,寶國里,1067,40,380,712,1132,12,1144,0,1144,310,1454,78.6795
第15任總統副總統,在高雄市各投開票所,高雄市,　三民區,寶國里,1068,48,426,718,1192,18,1210,0,1210,281,1491,81.1536
第15任總統副總統,在高雄市各投開票所,高雄市,　三民區,寶國里,1069,37,456,739,1232,9,1241,0,1241,310,1551,80.0129
第15任總統副總統,在高雄市各投開票所,高雄市,　三民區,寶民里,1070,32,392,757,1181,10,1191,0,1191,322,1513,78.7178
第15任總統副總統,在高雄市各投開票所,高雄市,　三民區,寶民里,1071,38,411,671,1120,13,1133,0,1133,316,1449,78.1919
第15任總統副總統,在高雄市各投開票所,高雄市,　三民區,寶慶里,1072,36,339,604,979,12,991,0,991,275,1266,78.2780
第15任總統副總統,在高雄市各投開票所,高雄市,　三民區,寶慶里,1073,29,312,636,977,16,993,0,993,287,1280,77.5781
第15任總統副總統,在高雄市各投開票所,高雄市,　三民區,寶業里,1074,34,352,687,1073,6,1079,0,1079,303,1382,78.0753
第15任總統副總統,在高雄市各投開票所,高雄市,　三民區,寶業里,1075,31,317,618,966,7,973,0,973,279,1252,77.7157
第15任總統副總統,在高雄市各投開票所,高雄市,　三民區,寶業里,1076,34,361,576,971,7,978,0,978,256,1234,79.2545
第15任總統副總統,在高雄市各投開票所,高雄市,　三民區,寶業里,1077,41,398,663,1102,9,1111,0,1111,265,1376,80.7413
第15任總統副總統,在高雄市各投開票所,高雄市,　三民區,寶盛里,1078,42,441,794,1277,15,1292,0,1292,320,1612,80.1489
第15任總統副總統,在高雄市各投開票所,高雄市,　三民區,寶盛里,1079,31,387,694,1112,11,1123,0,1123,297,1420,79.0845
第15任總統副總統,在高雄市各投開票所,高雄市,　三民區,寶盛里,1080,55,528,764,1347,28,1375,0,1375,303,1678,81.9428
第15任總統副總統,在高雄市各投開票所,高雄市,　三民區,寶安里,1081,30,327,652,1009,11,1020,0,1020,254,1274,80.0628
第15任總統副總統,在高雄市各投開票所,高雄市,　三民區,寶安里,1082,40,385,583,1008,10,1018,0,1018,264,1282,79.4072
第15任總統副總統,在高雄市各投開票所,高雄市,　三民區,寶安里,1083,27,392,538,957,6,963,0,963,319,1282,75.1170
第15任總統副總統,在高雄市各投開票所,高雄市,　三民區,寶安里,1084,27,436,629,1092,9,1101,0,1101,315,1416,77.7542
第15任總統副總統,在高雄市各投開票所,高雄市,　三民區,寶安里,1085,24,416,646,1086,11,1097,0,1097,334,1431,76.6597
第15任總統副總統,在高雄市各投開票所,高雄市,　三民區,寶龍里,1086,28,305,720,1053,10,1063,0,1063,285,1348,78.8576
第15任總統副總統,在高雄市各投開票所,高雄市,　三民區,寶龍里,1087,47,472,668,1187,12,1199,0,1199,280,1479,81.0683
第15任總統副總統,在高雄市各投開票所,高雄市,　三民區,寶龍里,1088,14,289,586,889,7,896,0,896,241,1137,78.8039
第15任總統副總統,在高雄市各投開票所,高雄市,　三民區,寶珠里,1089,41,425,777,1243,14,1257,0,1257,1448,2705,46.4695
第15任總統副總統,在高雄市各投開票所,高雄市,　三民區,寶珠里,1090,42,473,859,1374,11,1385,0,1385,345,1730,80.0578
第15任總統副總統,在高雄市各投開票所,高雄市,　三民區,寶珠里,1091,45,389,848,1282,8,1290,0,1290,361,1651,78.1345
第15任總統副總統,在高雄市各投開票所,高雄市,　三民區,寶玉里,1092,35,348,763,1146,12,1158,0,1158,278,1436,80.6407
第15任總統副總統,在高雄市各投開票所,高雄市,　三民區,寶玉里,1093,29,321,633,983,8,991,0,991,243,1234,80.3079
第15任總統副總統,在高雄市各投開票所,高雄市,　三民區,寶玉里,1094,30,373,646,1049,11,1060,0,1060,239,1299,81.6012
第15任總統副總統,在高雄市各投開票所,高雄市,　三民區,寶玉里,1095,40,369,646,1055,14,1069,0,1069,302,1371,77.9723
第15任總統副總統,在高雄市各投開票所,高雄市,　三民區,寶玉里,1096,39,355,586,980,12,992,0,992,233,1225,80.9796
第15任總統副總統,在高雄市各投開票所,高雄市,　三民區,寶玉里,1097,25,323,546,894,12,906,0,906,321,1227,73.8386
第15任總統副總統,在高雄市各投開票所,高雄市,　三民區,灣子里,1098,35,285,657,977,7,984,0,984,265,1249,78.7830
第15任總統副總統,在高雄市各投開票所,高雄市,　三民區,灣子里,1099,30,315,604,949,14,963,0,963,298,1261,76.3680
第15任總統副總統,在高雄市各投開票所,高雄市,　三民區,灣子里,1100,25,398,475,898,12,910,0,910,274,1184,76.8581
第15任總統副總統,在高雄市各投開票所,高雄市,　三民區,灣愛里,1101,21,278,653,952,10,962,0,962,415,1377,69.8620
第15任總統副總統,在高雄市各投開票所,高雄市,　三民區,灣愛里,1102,36,328,733,1097,14,1111,0,1111,384,1495,74.3144
第15任總統副總統,在高雄市各投開票所,高雄市,　三民區,灣中里,1103,25,364,853,1242,14,1256,0,1256,486,1742,72.1010
第15任總統副總統,在高雄市各投開票所,高雄市,　三民區,灣中里,1104,37,392,816,1245,12,1257,0,1257,410,1667,75.4049
第15任總統副總統,在高雄市各投開票所,高雄市,　三民區,灣中里,1105,48,422,841,1311,9,1320,0,1320,448,1768,74.6606
第15任總統副總統,在高雄市各投開票所,高雄市,　三民區,灣華里,1106,18,283,578,879,5,884,0,884,312,1196,73.9130
第15任總統副總統,在高雄市各投開票所,高雄市,　三民區,灣華里,1107,33,370,629,1032,14,1046,0,1046,338,1384,75.5780
第15任總統副總統,在高雄市各投開票所,高雄市,　三民區,灣勝里,1108,22,194,483,699,6,705,0,705,196,901,78.2464
第15任總統副總統,在高雄市各投開票所,高雄市,　三民區,灣勝里,1109,18,197,522,737,3,740,0,740,177,917,80.6979
第15任總統副總統,在高雄市各投開票所,高雄市,　三民區,灣利里,1110,35,384,850,1269,15,1284,0,1284,328,1612,79.6526
第15任總統副總統,在高雄市各投開票所,高雄市,　三民區,灣利里,1111,26,269,855,1150,8,1158,0,1158,274,1432,80.8659
第15任總統副總統,在高雄市各投開票所,高雄市,　三民區,灣復里,1112,30,259,514,803,6,809,0,809,255,1064,76.0338
第15任總統副總統,在高雄市各投開票所,高雄市,　三民區,灣復里,1113,25,258,587,870,12,882,0,882,258,1140,77.3684
第15任總統副總統,在高雄市各投開票所,高雄市,　三民區,灣復里,1114,27,338,570,935,6,941,0,941,306,1247,75.4611
第15任總統副總統,在高雄市各投開票所,高雄市,　三民區,正興里,1115,39,318,665,1022,13,1035,0,1035,350,1385,74.7292
第15任總統副總統,在高雄市各投開票所,高雄市,　三民區,正興里,1116,41,390,690,1121,3,1124,0,1124,347,1471,76.4106
第15任總統副總統,在高雄市各投開票所,高雄市,　三民區,正興里,1117,43,392,605,1040,11,1051,0,1051,279,1330,79.0226
第15任總統副總統,在高雄市各投開票所,高雄市,　三民區,正興里,1118,31,282,756,1069,8,1077,0,1077,304,1381,77.9870
第15任總統副總統,在高雄市各投開票所,高雄市,　三民區,正興里,1119,43,468,704,1215,14,1229,0,1229,322,1551,79.2392
第15任總統副總統,在高雄市各投開票所,高雄市,　三民區,正興里,1120,40,421,653,1114,10,1124,0,1124,329,1453,77.3572
第15任總統副總統,在高雄市各投開票所,高雄市,　三民區,正興里,1121,31,428,624,1083,7,1090,0,1090,280,1370,79.5620
第15任總統副總統,在高雄市各投開票所,高雄市,　三民區,正興里,1122,46,412,549,1007,14,1021,0,1021,299,1320,77.3485
第15任總統副總統,在高雄市各投開票所,高雄市,　三民區,正順里,1123,29,347,639,1015,5,1020,0,1020,255,1275,80.0000
第15任總統副總統,在高雄市各投開票所,高雄市,　三民區,正順里,1124,45,350,646,1041,8,1049,0,1049,280,1329,78.9315
第15任總統副總統,在高雄市各投開票所,高雄市,　三民區,正順里,1125,29,297,596,922,9,931,0,931,241,1172,79.4369
第15任總統副總統,在高雄市各投開票所,高雄市,　三民區,灣興里,1126,24,248,433,705,5,710,0,710,153,863,82.2711
第15任總統副總統,在高雄市各投開票所,高雄市,　三民區,灣興里,1127,16,196,504,716,5,721,0,721,211,932,77.3605
第15任總統副總統,在高雄市各投開票所,高雄市,　三民區,灣成里,1128,24,350,583,957,4,961,0,961,281,1242,77.3752
第15任總統副總統,在高雄市各投開票所,高雄市,　三民區,灣成里,1129,21,195,513,729,6,735,0,735,245,980,75.0000
第15任總統副總統,在高雄市各投開票所,高雄市,　三民區,安康里,1130,28,280,647,955,11,966,0,966,422,1388,69.5965
第15任總統副總統,在高雄市各投開票所,高雄市,　三民區,安康里,1131,32,414,685,1131,9,1140,0,1140,381,1521,74.9507
第15任總統副總統,在高雄市各投開票所,高雄市,　三民區,安寧里,1132,20,172,471,663,6,669,0,669,182,851,78.6134
第15任總統副總統,在高雄市各投開票所,高雄市,　三民區,安寧里,1133,22,225,434,681,7,688,0,688,228,916,75.1092
第15任總統副總統,在高雄市各投開票所,高雄市,　三民區,安吉里,1134,39,389,551,979,10,989,0,989,323,1312,75.3811
第15任總統副總統,在高雄市各投開票所,高雄市,　三民區,安吉里,1135,35,392,705,1132,5,1137,0,1137,320,1457,78.0371
第15任總統副總統,在高雄市各投開票所,高雄市,　三民區,安吉里,1136,39,386,748,1173,7,1180,0,1180,334,1514,77.9392
第15任總統副總統,在高雄市各投開票所,高雄市,　三民區,安發里,1137,33,392,647,1072,8,1080,0,1080,308,1388,77.8098
第15任總統副總統,在高雄市各投開票所,高雄市,　三民區,安發里,1138,35,348,717,1100,16,1116,0,1116,271,1387,80.4614
第15任總統副總統,在高雄市各投開票所,高雄市,　三民區,安發里,1139,37,365,728,1130,9,1139,0,1139,308,1447,78.7146
第15任總統副總統,在高雄市各投開票所,高雄市,　三民區,安東里,1140,34,334,751,1119,8,1127,0,1127,239,1366,82.5037
第15任總統副總統,在高雄市各投開票所,高雄市,　三民區,安東里,1141,46,359,701,1106,12,1118,0,1118,266,1384,80.7803
第15任總統副總統,在高雄市各投開票所,高雄市,　三民區,安和里,1142,25,242,580,847,8,855,0,855,199,1054,81.1195
第15任總統副總統,在高雄市各投開票所,高雄市,　三民區,安和里,1143,36,306,697,1039,8,1047,0,1047,258,1305,80.2299
第15任總統副總統,在高雄市各投開票所,高雄市,　三民區,達德里,1144,26,272,691,989,11,1000,0,1000,225,1225,81.6327
第15任總統副總統,在高雄市各投開票所,高雄市,　三民區,達明里,1145,22,329,748,1099,12,1111,0,1111,304,1415,78.5159
第15任總統副總統,在高雄市各投開票所,高雄市,　三民區,達仁里,1146,34,352,762,1148,9,1157,0,1157,262,1419,81.5363
第15任總統副總統,在高雄市各投開票所,高雄市,　三民區,達勇里,1147,25,231,445,701,6,707,0,707,209,916,77.1834
第15任總統副總統,在高雄市各投開票所,高雄市,　三民區,同德里,1148,39,337,723,1099,10,1109,0,1109,275,1384,80.1301
第15任總統副總統,在高雄市各投開票所,高雄市,　三民區,同德里,1149,26,322,619,967,9,976,0,976,231,1207,80.8616
第15任總統副總統,在高雄市各投開票所,高雄市,　三民區,德智里,1150,23,267,505,795,8,803,0,803,183,986,81.4402
第15任總統副總統,在高雄市各投開票所,高雄市,　三民區,德智里,1151,27,272,549,848,6,854,0,854,225,1079,79.1474
第15任總統副總統,在高雄市各投開票所,高雄市,　三民區,德仁里,1152,21,223,445,689,5,694,0,694,220,914,75.9300
第15任總統副總統,在高雄市各投開票所,高雄市,　三民區,德仁里,1153,17,226,461,704,7,711,0,711,191,902,78.8248
第15任總統副總統,在高雄市各投開票所,高雄市,　三民區,安生里,1154,34,326,735,1095,11,1106,0,1106,239,1345,82.2305
第15任總統副總統,在高雄市各投開票所,高雄市,　三民區,德東里,1155,19,186,416,621,6,627,0,627,134,761,82.3916
第15任總統副總統,在高雄市各投開票所,高雄市,　三民區,德行里,1156,19,252,600,871,8,879,0,879,174,1053,83.4758
第15任總統副總統,在高雄市各投開票所,高雄市,　三民區,精華里,1157,40,381,739,1160,14,1174,0,1174,277,1451,80.9097
第15任總統副總統,在高雄市各投開票所,高雄市,　三民區,民享里,1158,24,243,514,781,7,788,0,788,184,972,81.0700
第15任總統副總統,在高雄市各投開票所,高雄市,　三民區,民享里,1159,16,233,523,772,11,783,0,783,165,948,82.5949
第15任總統副總統,在高雄市各投開票所,高雄市,　三民區,安宜里,1160,44,354,842,1240,13,1253,0,1253,270,1523,82.2718
第15任總統副總統,在高雄市各投開票所,高雄市,　三民區,安宜里,1161,43,362,777,1182,13,1195,0,1195,243,1438,83.1015
第15任總統副總統,在高雄市各投開票所,高雄市,　三民區,安泰里,1162,26,321,572,919,5,924,0,924,203,1127,81.9876
第15任總統副總統,在高雄市各投開票所,高雄市,　三民區,安泰里,1163,33,306,687,1026,11,1037,0,1037,271,1308,79.2813
第15任總統副總統,在高雄市各投開票所,高雄市,　三民區,安泰里,1164,40,354,546,940,7,947,0,947,261,1208,78.3940
第15任總統副總統,在高雄市各投開票所,高雄市,　三民區,安邦里,1165,35,339,690,1064,9,1073,0,1073,634,1707,62.8588
第15任總統副總統,在高雄市各投開票所,高雄市,　三民區,安邦里,1166,22,258,655,935,11,946,0,946,235,1181,80.1016
第15任總統副總統,在高雄市各投開票所,高雄市,　三民區,安邦里,1167,32,280,577,889,11,900,0,900,227,1127,79.8580
第15任總統副總統,在高雄市各投開票所,高雄市,　三民區,十全里,1168,32,366,902,1300,12,1312,0,1312,330,1642,79.9026
第15任總統副總統,在高雄市各投開票所,高雄市,　三民區,十美里,1169,22,222,456,700,5,705,0,705,200,905,77.9006
第15任總統副總統,在高雄市各投開票所,高雄市,　三民區,十美里,1170,26,254,505,785,6,791,0,791,245,1036,76.3514
第15任總統副總統,在高雄市各投開票所,高雄市,　三民區,德北里,1171,22,232,501,755,11,766,0,766,185,951,80.5468
第15任總統副總統,在高雄市各投開票所,高雄市,　三民區,德北里,1172,24,227,414,665,12,677,0,677,188,865,78.2659
第15任總統副總統,在高雄市各投開票所,高雄市,　三民區,立誠里,1173,14,168,384,566,7,573,0,573,107,680,84.2647
第15任總統副總統,在高雄市各投開票所,高雄市,　三民區,立業里,1174,21,203,506,730,4,734,0,734,212,946,77.5899
第15任總統副總統,在高雄市各投開票所,高雄市,　三民區,港東里,1175,30,287,655,972,7,979,0,979,348,1327,73.7754
第15任總統副總統,在高雄市各投開票所,高雄市,　三民區,港新里,1176,32,406,652,1090,3,1093,0,1093,260,1353,80.7834
第15任總統副總統,在高雄市各投開票所,高雄市,　三民區,港西里,1177,15,178,346,539,7,546,0,546,216,762,71.6535
第15任總統副總統,在高雄市各投開票所,高雄市,　三民區,博愛里,1178,45,318,526,889,7,896,0,896,234,1130,79.2920
第15任總統副總統,在高雄市各投開票所,高雄市,　三民區,博惠里,1179,32,353,613,998,10,1008,0,1008,278,1286,78.3826
第15任總統副總統,在高雄市各投開票所,高雄市,　三民區,博惠里,1180,29,347,650,1026,4,1030,0,1030,248,1278,80.5947
第15任總統副總統,在高雄市各投開票所,高雄市,　三民區,博惠里,1181,23,367,629,1019,9,1028,0,1028,263,1291,79.6282
第15任總統副總統,在高雄市各投開票所,高雄市,　三民區,長明里,1182,29,300,438,767,5,772,0,772,247,1019,75.7605
第15任總統副總統,在高雄市各投開票所,高雄市,　三民區,建東里,1183,18,324,474,816,10,826,0,826,331,1157,71.3915
第15任總統副總統,在高雄市各投開票所,高雄市,　三民區,興德里,1184,18,227,428,673,12,685,0,685,181,866,79.0993
第15任總統副總統,在高雄市各投開票所,高雄市,　三民區,興德里,1185,22,260,379,661,7,668,0,668,172,840,79.5238
第15任總統副總統,在高雄市各投開票所,高雄市,　三民區,鳳南里,1186,17,174,463,654,5,659,0,659,165,824,79.9757
第15任總統副總統,在高雄市各投開票所,高雄市,　三民區,鳳北里,1187,15,316,751,1082,6,1088,0,1088,262,1350,80.5926
第15任總統副總統,在高雄市各投開票所,高雄市,　三民區,德西里,1188,25,225,404,654,6,660,0,660,160,820,80.4878
第15任總統副總統,在高雄市各投開票所,高雄市,　三民區,豐裕里,1189,34,278,607,919,7,926,0,926,309,1235,74.9798
第15任總統副總統,在高雄市各投開票所,高雄市,　三民區,豐裕里,1190,17,290,577,884,5,889,0,889,265,1154,77.0364
第15任總統副總統,在高雄市各投開票所,高雄市,　三民區,川東里,1191,20,309,602,931,11,942,0,942,263,1205,78.1743
第15任總統副總統,在高雄市各投開票所,高雄市,　三民區,裕民里,1192,23,319,613,955,9,964,0,964,252,1216,79.2763
第15任總統副總統,在高雄市各投開票所,高雄市,　三民區,力行里,1193,26,231,604,861,6,867,0,867,198,1065,81.4085
第15任總統副總統,在高雄市各投開票所,高雄市,　三民區,千歲里,1194,39,287,558,884,5,889,0,889,202,1091,81.4849
第15任總統副總統,在高雄市各投開票所,高雄市,　三民區,立德里,1195,31,312,551,894,12,906,0,906,232,1138,79.6134
第15任總統副總統,在高雄市各投開票所,高雄市,　三民區,千北里,1196,29,262,538,829,10,839,0,839,162,1001,83.8162
第15任總統副總統,在高雄市各投開票所,高雄市,　三民區,千秋里,1197,14,223,481,718,3,721,0,721,201,922,78.1996
第15任總統副總統,在高雄市各投開票所,高雄市,　三民區,千秋里,1198,17,240,530,787,6,793,0,793,231,1024,77.4414
第15任總統副總統,在高雄市各投開票所,高雄市,　新興區,浩然里,1353,22,273,305,600,4,604,0,604,194,798,75.6892
第15任總統副總統,在高雄市各投開票所,高雄市,　新興區,浩然里,1354,27,307,410,744,4,748,0,748,195,943,79.3213
第15任總統副總統,在高雄市各投開票所,高雄市,　新興區,振成里,1355,27,299,468,794,6,800,0,800,253,1053,75.9734
第15任總統副總統,在高雄市各投開票所,高雄市,　新興區,德生里,1356,36,424,668,1128,13,1141,0,1141,306,1447,78.8528
第15任總統副總統,在高雄市各投開票所,高雄市,　新興區,德生里,1357,35,422,601,1058,15,1073,0,1073,316,1389,77.2498
第15任總統副總統,在高雄市各投開票所,高雄市,　新興區,振華里,1358,23,324,426,773,4,777,0,777,244,1021,76.1019
第15任總統副總統,在高雄市各投開票所,高雄市,　新興區,正氣里,1359,28,381,603,1012,15,1027,0,1027,294,1321,77.7441
第15任總統副總統,在高雄市各投開票所,高雄市,　新興區,德政里,1360,19,207,276,502,7,509,0,509,133,642,79.2835
第15任總統副總統,在高雄市各投開票所,高雄市,　新興區,仁聲里,1361,20,250,433,703,3,706,0,706,239,945,74.7090
第15任總統副總統,在高雄市各投開票所,高雄市,　新興區,德望里,1362,19,288,410,717,4,721,0,721,201,922,78.1996
第15任總統副總統,在高雄市各投開票所,高雄市,　新興區,德望里,1363,27,277,418,722,9,731,0,731,224,955,76.5445
第15任總統副總統,在高雄市各投開票所,高雄市,　新興區,華聲里,1364,16,251,452,719,4,723,0,723,210,933,77.4920
第15任總統副總統,在高雄市各投開票所,高雄市,　新興區,蕉園里,1365,18,189,378,585,8,593,0,593,117,710,83.5211
第15任總統副總統,在高雄市各投開票所,高雄市,　新興區,永寧里,1366,34,320,610,964,10,974,0,974,325,1299,74.9808
第15任總統副總統,在高雄市各投開票所,高雄市,　新興區,玉衡里,1367,15,191,359,565,7,572,0,572,172,744,76.8817
第15任總統副總統,在高雄市各投開票所,高雄市,　新興區,順昌里,1368,24,264,503,791,5,796,0,796,191,987,80.6484
第15任總統副總統,在高雄市各投開票所,高雄市,　新興區,順昌里,1369,23,262,437,722,6,728,0,728,212,940,77.4468
第15任總統副總統,在高雄市各投開票所,高雄市,　新興區,文昌里,1370,41,396,633,1070,9,1079,0,1079,307,1386,77.8499
第15任總統副總統,在高雄市各投開票所,高雄市,　新興區,文昌里,1371,38,365,555,958,14,972,0,972,269,1241,78.3239
第15任總統副總統,在高雄市各投開票所,高雄市,　新興區,光耀里,1372,17,311,548,876,7,883,0,883,254,1137,77.6605
第15任總統副總統,在高雄市各投開票所,高雄市,　新興區,光耀里,1373,23,341,459,823,7,830,0,830,217,1047,79.2741
第15任總統副總統,在高雄市各投開票所,高雄市,　新興區,興昌里,1374,23,279,401,703,2,705,0,705,167,872,80.8486
第15任總統副總統,在高雄市各投開票所,高雄市,　新興區,興昌里,1375,22,241,395,658,11,669,0,669,184,853,78.4291
第15任總統副總統,在高雄市各投開票所,高雄市,　新興區,開平里,1376,29,339,460,828,7,835,0,835,251,1086,76.8877
第15任總統副總統,在高雄市各投開票所,高雄市,　新興區,開平里,1377,27,272,566,865,8,873,0,873,225,1098,79.5082
第15任總統副總統,在高雄市各投開票所,高雄市,　新興區,開平里,1378,36,321,509,866,10,876,0,876,217,1093,80.1464
第15任總統副總統,在高雄市各投開票所,高雄市,　新興區,成功里,1379,33,401,520,954,13,967,0,967,301,1268,76.2618
第15任總統副總統,在高雄市各投開票所,高雄市,　新興區,新江里,1380,31,232,518,781,9,790,0,790,285,1075,73.4884
第15任總統副總統,在高雄市各投開票所,高雄市,　新興區,黎明里,1381,21,207,393,621,8,629,0,629,192,821,76.6139
第15任總統副總統,在高雄市各投開票所,高雄市,　新興區,愛平里,1382,30,251,466,747,7,754,0,754,232,986,76.4706
第15任總統副總統,在高雄市各投開票所,高雄市,　新興區,南港里,1383,15,215,482,712,7,719,0,719,154,873,82.3597
第15任總統副總統,在高雄市各投開票所,高雄市,　新興區,南港里,1384,20,257,522,799,6,805,0,805,188,993,81.0675
第15任總統副總統,在高雄市各投開票所,高雄市,　新興區,中東里,1385,38,344,507,889,7,896,0,896,553,1449,61.8357
第15任總統副總統,在高雄市各投開票所,高雄市,　新興區,中東里,1386,29,368,535,932,7,939,0,939,320,1259,74.5830
第15任總統副總統,在高雄市各投開票所,高雄市,　新興區,明莊里,1387,15,175,355,545,4,549,0,549,162,711,77.2152
第15任總統副總統,在高雄市各投開票所,高雄市,　新興區,大明里,1388,29,261,485,775,6,781,0,781,248,1029,75.8989
第15任總統副總統,在高雄市各投開票所,高雄市,　新興區,秋山里,1389,26,202,432,660,7,667,0,667,249,916,72.8166
第15任總統副總統,在高雄市各投開票所,高雄市,　新興區,長驛里,1390,22,258,410,690,9,699,0,699,230,929,75.2422
第15任總統副總統,在高雄市各投開票所,高雄市,　新興區,建興里,1391,16,224,449,689,10,699,0,699,229,928,75.3233
第15任總統副總統,在高雄市各投開票所,高雄市,　新興區,建華里,1392,26,189,388,603,5,608,0,608,201,809,75.1545
第15任總統副總統,在高雄市各投開票所,高雄市,　新興區,漢民里,1393,17,164,352,533,6,539,0,539,151,690,78.1159
第15任總統副總統,在高雄市各投開票所,高雄市,　新興區,榮治里,1394,13,227,290,530,7,537,0,537,161,698,76.9341
第15任總統副總統,在高雄市各投開票所,高雄市,　新興區,東坡里,1395,22,265,612,899,13,912,0,912,258,1170,77.9487
第15任總統副總統,在高雄市各投開票所,高雄市,　前金區,三川里,1328,13,151,363,527,3,530,0,530,126,656,80.7927
第15任總統副總統,在高雄市各投開票所,高雄市,　前金區,草江里,1329,21,330,442,793,6,799,0,799,203,1002,79.7405
第15任總統副總統,在高雄市各投開票所,高雄市,　前金區,長城里,1330,32,289,659,980,12,992,0,992,312,1304,76.0736
第15任總統副總統,在高雄市各投開票所,高雄市,　前金區,北金里,1331,11,203,388,602,4,606,0,606,200,806,75.1861
第15任總統副總統,在高雄市各投開票所,高雄市,　前金區,東金里,1332,24,225,476,725,5,730,0,730,227,957,76.2800
第15任總統副總統,在高雄市各投開票所,高雄市,　前金區,新生里,1333,41,369,534,944,15,959,0,959,263,1222,78.4779
第15任總統副總統,在高雄市各投開票所,高雄市,　前金區,新生里,1334,27,341,564,932,7,939,0,939,261,1200,78.2500
第15任總統副總統,在高雄市各投開票所,高雄市,　前金區,新生里,1335,30,357,459,846,9,855,0,855,268,1123,76.1354
第15任總統副總統,在高雄市各投開票所,高雄市,　前金區,後金里,1336,26,199,313,538,13,551,0,551,146,697,79.0531
第15任總統副總統,在高雄市各投開票所,高雄市,　前金區,長興里,1337,27,326,494,847,16,863,0,863,266,1129,76.4393
第15任總統副總統,在高雄市各投開票所,高雄市,　前金區,青山里,1338,27,231,397,655,9,664,0,664,217,881,75.3689
第15任總統副總統,在高雄市各投開票所,高雄市,　前金區,青山里,1339,35,223,404,662,6,668,0,668,201,869,76.8700
第15任總統副總統,在高雄市各投開票所,高雄市,　前金區,民生里,1340,29,235,355,619,6,625,0,625,198,823,75.9417
第15任總統副總統,在高雄市各投開票所,高雄市,　前金區,復元里,1341,32,274,398,704,5,709,0,709,217,926,76.5659
第15任總統副總統,在高雄市各投開票所,高雄市,　前金區,林投里,1342,18,211,419,648,3,651,0,651,338,989,65.8241
第15任總統副總統,在高雄市各投開票所,高雄市,　前金區,國民里,1343,21,271,418,710,8,718,0,718,197,915,78.4699
第15任總統副總統,在高雄市各投開票所,高雄市,　前金區,社東里,1344,15,240,313,568,8,576,0,576,161,737,78.1547
第15任總統副總統,在高雄市各投開票所,高雄市,　前金區,社東里,1345,25,225,320,570,7,577,0,577,161,738,78.1843
第15任總統副總統,在高雄市各投開票所,高雄市,　前金區,社西里,1346,27,307,448,782,9,791,0,791,244,1035,76.4251
第15任總統副總統,在高雄市各投開票所,高雄市,　前金區,博孝里,1347,32,264,457,753,7,760,0,760,213,973,78.1089
第15任總統副總統,在高雄市各投開票所,高雄市,　前金區,長生里,1348,29,241,353,623,4,627,0,627,179,806,77.7916
第15任總統副總統,在高雄市各投開票所,高雄市,　前金區,長生里,1349,23,243,335,601,7,608,0,608,194,802,75.8105
第15任總統副總統,在高雄市各投開票所,高雄市,　前金區,榮復里,1350,18,301,512,831,13,844,0,844,207,1051,80.3045
第15任總統副總統,在高雄市各投開票所,高雄市,　前金區,文西里,1351,19,250,436,705,10,715,0,715,193,908,78.7445
第15任總統副總統,在高雄市各投開票所,高雄市,　前金區,文東里,1352,38,335,486,859,13,872,0,872,267,1139,76.5584
第15任總統副總統,在高雄市各投開票所,高雄市,　苓雅區,安祥里,1199,20,331,494,845,8,853,0,853,237,1090,78.2569
第15任總統副總統,在高雄市各投開票所,高雄市,　苓雅區,安祥里,1200,35,350,482,867,10,877,0,877,220,1097,79.9453
第15任總統副總統,在高雄市各投開票所,高雄市,　苓雅區,五權里,1201,23,333,540,896,5,901,0,901,210,1111,81.0981
第15任總統副總統,在高雄市各投開票所,高雄市,　苓雅區,五權里,1202,39,315,464,818,4,822,0,822,162,984,83.5366
第15任總統副總統,在高雄市各投開票所,高雄市,　苓雅區,民主里,1203,14,263,426,703,9,712,0,712,208,920,77.3913
第15任總統副總統,在高雄市各投開票所,高雄市,　苓雅區,民主里,1204,14,247,377,638,6,644,0,644,179,823,78.2503
第15任總統副總統,在高雄市各投開票所,高雄市,　苓雅區,民主里,1205,19,254,439,712,6,718,0,718,179,897,80.0446
第15任總統副總統,在高雄市各投開票所,高雄市,　苓雅區,民主里,1206,36,325,443,804,10,814,0,814,227,1041,78.1940
第15任總統副總統,在高雄市各投開票所,高雄市,　苓雅區,五福里,1207,28,409,489,926,18,944,0,944,236,1180,80.0000
第15任總統副總統,在高雄市各投開票所,高雄市,　苓雅區,五福里,1208,28,346,541,915,6,921,0,921,267,1188,77.5253
第15任總統副總統,在高雄市各投開票所,高雄市,　苓雅區,五福里,1209,34,350,579,963,9,972,0,972,274,1246,78.0096
第15任總統副總統,在高雄市各投開票所,高雄市,　苓雅區,正心里,1210,27,348,551,926,17,943,0,943,216,1159,81.3632
第15任總統副總統,在高雄市各投開票所,高雄市,　苓雅區,正心里,1211,33,313,541,887,8,895,0,895,255,1150,77.8261
第15任總統副總統,在高雄市各投開票所,高雄市,　苓雅區,正心里,1212,37,334,495,866,14,880,0,880,251,1131,77.8073
第15任總統副總統,在高雄市各投開票所,高雄市,　苓雅區,正道里,1213,28,376,605,1009,9,1018,0,1018,315,1333,76.3691
第15任總統副總統,在高雄市各投開票所,高雄市,　苓雅區,正道里,1214,21,367,582,970,9,979,0,979,307,1286,76.1275
第15任總統副總統,在高雄市各投開票所,高雄市,　苓雅區,正道里,1215,25,398,618,1041,8,1049,0,1049,279,1328,78.9910
第15任總統副總統,在高雄市各投開票所,高雄市,　苓雅區,文昌里,1216,28,323,584,935,7,942,0,942,250,1192,79.0268
第15任總統副總統,在高雄市各投開票所,高雄市,　苓雅區,文昌里,1217,17,310,601,928,9,937,0,937,277,1214,77.1829
第15任總統副總統,在高雄市各投開票所,高雄市,　苓雅區,文昌里,1218,32,288,586,906,5,911,0,911,273,1184,76.9426
第15任總統副總統,在高雄市各投開票所,高雄市,　苓雅區,建軍里,1219,24,234,488,746,8,754,0,754,215,969,77.8122
第15任總統副總統,在高雄市各投開票所,高雄市,　苓雅區,建軍里,1220,26,313,477,816,9,825,0,825,201,1026,80.4094
第15任總統副總統,在高雄市各投開票所,高雄市,　苓雅區,博仁里,1396,22,226,295,543,7,550,0,550,154,704,78.1250
第15任總統副總統,在高雄市各投開票所,高雄市,　苓雅區,苓洲里,1397,19,237,343,599,4,603,0,603,178,781,77.2087
第15任總統副總統,在高雄市各投開票所,高雄市,　苓雅區,苓洲里,1398,26,206,309,541,4,545,0,545,160,705,77.3050
第15任總統副總統,在高雄市各投開票所,高雄市,　苓雅區,苓昇里,1399,18,323,546,887,8,895,0,895,287,1182,75.7191
第15任總統副總統,在高雄市各投開票所,高雄市,　苓雅區,苓中里,1400,22,203,350,575,7,582,0,582,144,726,80.1653
第15任總統副總統,在高雄市各投開票所,高雄市,　苓雅區,苓中里,1401,19,175,459,653,13,666,0,666,174,840,79.2857
第15任總統副總統,在高雄市各投開票所,高雄市,　苓雅區,苓雅里,1402,17,210,294,521,2,523,0,523,152,675,77.4815
第15任總統副總統,在高雄市各投開票所,高雄市,　苓雅區,苓雅里,1403,23,202,329,554,6,560,0,560,138,698,80.2292
第15任總統副總統,在高雄市各投開票所,高雄市,　苓雅區,苓東里,1404,19,174,346,539,7,546,0,546,193,739,73.8836
第15任總統副總統,在高雄市各投開票所,高雄市,　苓雅區,苓東里,1405,9,164,320,493,3,496,0,496,176,672,73.8095
第15任總統副總統,在高雄市各投開票所,高雄市,　苓雅區,城北里,1406,23,206,294,523,4,527,0,527,178,705,74.7518
第15任總統副總統,在高雄市各投開票所,高雄市,　苓雅區,城北里,1407,12,216,367,595,3,598,0,598,166,764,78.2723
第15任總統副總統,在高雄市各投開票所,高雄市,　苓雅區,城西里,1408,14,203,329,546,4,550,0,550,204,754,72.9443
第15任總統副總統,在高雄市各投開票所,高雄市,　苓雅區,城東里,1409,17,269,378,664,7,671,0,671,244,915,73.3333
第15任總統副總統,在高雄市各投開票所,高雄市,　苓雅區,城東里,1410,19,245,434,698,7,705,0,705,239,944,74.6822
第15任總統副總統,在高雄市各投開票所,高雄市,　苓雅區,意誠里,1411,36,304,478,818,9,827,0,827,330,1157,71.4780
第15任總統副總統,在高雄市各投開票所,高雄市,　苓雅區,意誠里,1412,31,385,461,877,8,885,0,885,348,1233,71.7762
第15任總統副總統,在高雄市各投開票所,高雄市,　苓雅區,意誠里,1413,30,373,437,840,7,847,0,847,320,1167,72.5793
第15任總統副總統,在高雄市各投開票所,高雄市,　苓雅區,鼓中里,1414,21,238,449,708,7,715,0,715,188,903,79.1805
第15任總統副總統,在高雄市各投開票所,高雄市,　苓雅區,田西里,1415,30,348,569,947,11,958,0,958,275,1233,77.6967
第15任總統副總統,在高雄市各投開票所,高雄市,　苓雅區,人和里,1416,13,229,431,673,3,676,0,676,212,888,76.1261
第15任總統副總統,在高雄市各投開票所,高雄市,　苓雅區,人和里,1417,13,211,370,594,6,600,0,600,201,801,74.9064
第15任總統副總統,在高雄市各投開票所,高雄市,　苓雅區,仁政里,1418,29,374,535,938,11,949,0,949,278,1227,77.3431
第15任總統副總統,在高雄市各投開票所,高雄市,　苓雅區,廣澤里,1419,19,257,445,721,4,725,0,725,223,948,76.4768
第15任總統副總統,在高雄市各投開票所,高雄市,　苓雅區,廣澤里,1420,17,167,426,610,4,614,0,614,138,752,81.6489
第15任總統副總統,在高雄市各投開票所,高雄市,　苓雅區,美田里,1421,32,314,494,840,9,849,0,849,248,1097,77.3929
第15任總統副總統,在高雄市各投開票所,高雄市,　苓雅區,華堂里,1422,15,263,508,786,9,795,0,795,179,974,81.6222
第15任總統副總統,在高雄市各投開票所,高雄市,　苓雅區,華堂里,1423,18,245,461,724,8,732,0,732,236,968,75.6198
第15任總統副總統,在高雄市各投開票所,高雄市,　苓雅區,華堂里,1424,18,271,389,678,7,685,0,685,279,964,71.0581
第15任總統副總統,在高雄市各投開票所,高雄市,　苓雅區,日中里,1425,26,262,537,825,13,838,0,838,219,1057,79.2810
第15任總統副總統,在高雄市各投開票所,高雄市,　苓雅區,日中里,1426,25,316,469,810,10,820,0,820,211,1031,79.5344
第15任總統副總統,在高雄市各投開票所,高雄市,　苓雅區,普照里,1427,32,266,462,760,8,768,0,768,221,989,77.6542
第15任總統副總統,在高雄市各投開票所,高雄市,　苓雅區,普照里,1428,19,298,425,742,5,747,0,747,221,968,77.1694
第15任總統副總統,在高雄市各投開票所,高雄市,　苓雅區,普照里,1429,25,262,469,756,11,767,0,767,217,984,77.9472
第15任總統副總統,在高雄市各投開票所,高雄市,　苓雅區,和煦里,1430,31,332,400,763,4,767,0,767,199,966,79.3996
第15任總統副總統,在高雄市各投開票所,高雄市,　苓雅區,和煦里,1431,17,235,502,754,5,759,0,759,191,950,79.8947
第15任總統副總統,在高雄市各投開票所,高雄市,　苓雅區,晴朗里,1432,45,279,521,845,9,854,0,854,193,1047,81.5664
第15任總統副總統,在高雄市各投開票所,高雄市,　苓雅區,晴朗里,1433,9,153,203,365,1,366,0,366,930,1296,28.2407
第15任總統副總統,在高雄市各投開票所,高雄市,　苓雅區,普天里,1434,34,348,473,855,10,865,0,865,233,1098,78.7796
第15任總統副總統,在高雄市各投開票所,高雄市,　苓雅區,普天里,1435,31,308,558,897,7,904,0,904,269,1173,77.0673
第15任總統副總統,在高雄市各投開票所,高雄市,　苓雅區,普天里,1436,22,263,471,756,6,762,0,762,212,974,78.2341
第15任總統副總統,在高雄市各投開票所,高雄市,　苓雅區,林富里,1437,24,261,497,782,6,788,0,788,229,1017,77.4828
第15任總統副總統,在高雄市各投開票所,高雄市,　苓雅區,林富里,1438,27,316,391,734,6,740,0,740,200,940,78.7234
第15任總統副總統,在高雄市各投開票所,高雄市,　苓雅區,林圍里,1439,26,389,442,857,11,868,0,868,229,1097,79.1249
第15任總統副總統,在高雄市各投開票所,高雄市,　苓雅區,林圍里,1440,34,346,528,908,7,915,0,915,221,1136,80.5458
第15任總統副總統,在高雄市各投開票所,高雄市,　苓雅區,林安里,1441,27,198,322,547,4,551,0,551,139,690,79.8551
第15任總統副總統,在高雄市各投開票所,高雄市,　苓雅區,林安里,1442,21,256,300,577,4,581,0,581,146,727,79.9175
第15任總統副總統,在高雄市各投開票所,高雄市,　苓雅區,光華里,1443,16,150,347,513,6,519,0,519,143,662,78.3988
第15任總統副總統,在高雄市各投開票所,高雄市,　苓雅區,林興里,1444,19,127,328,474,5,479,0,479,125,604,79.3046
第15任總統副總統,在高雄市各投開票所,高雄市,　苓雅區,林興里,1445,8,156,314,478,4,482,0,482,147,629,76.6296
第15任總統副總統,在高雄市各投開票所,高雄市,　苓雅區,林華里,1446,19,189,435,643,7,650,0,650,176,826,78.6925
第15任總統副總統,在高雄市各投開票所,高雄市,　苓雅區,林華里,1447,21,245,456,722,8,730,0,730,163,893,81.7469
第15任總統副總統,在高雄市各投開票所,高雄市,　苓雅區,林華里,1448,22,242,455,719,3,722,0,722,191,913,79.0800
第15任總統副總統,在高雄市各投開票所,高雄市,　苓雅區,林西里,1449,21,210,377,608,4,612,0,612,159,771,79.3774
第15任總統副總統,在高雄市各投開票所,高雄市,　苓雅區,林西里,1450,16,204,337,557,6,563,0,563,176,739,76.1840
第15任總統副總統,在高雄市各投開票所,高雄市,　苓雅區,林中里,1451,24,246,457,727,9,736,0,736,220,956,76.9874
第15任總統副總統,在高雄市各投開票所,高雄市,　苓雅區,林中里,1452,35,231,426,692,14,706,0,706,199,905,78.0110
第15任總統副總統,在高雄市各投開票所,高雄市,　苓雅區,林中里,1453,15,282,388,685,2,687,0,687,188,875,78.5143
第15任總統副總統,在高雄市各投開票所,高雄市,　苓雅區,林泉里,1454,28,299,375,702,7,709,0,709,175,884,80.2036
第15任總統副總統,在高雄市各投開票所,高雄市,　苓雅區,林泉里,1455,21,324,398,743,9,752,0,752,170,922,81.5618
第15任總統副總統,在高雄市各投開票所,高雄市,　苓雅區,林南里,1456,20,317,330,667,10,677,0,677,204,881,76.8445
第15任總統副總統,在高雄市各投開票所,高雄市,　苓雅區,林南里,1457,14,310,395,719,13,732,0,732,191,923,79.3066
第15任總統副總統,在高雄市各投開票所,高雄市,　苓雅區,林南里,1458,25,307,409,741,5,746,0,746,218,964,77.3859
第15任總統副總統,在高雄市各投開票所,高雄市,　苓雅區,中正里,1459,26,298,401,725,7,732,0,732,163,895,81.7877
第15任總統副總統,在高雄市各投開票所,高雄市,　苓雅區,中正里,1460,19,247,380,646,7,653,0,653,182,835,78.2036
第15任總統副總統,在高雄市各投開票所,高雄市,　苓雅區,中正里,1461,23,252,460,735,3,738,0,738,220,958,77.0355
第15任總統副總統,在高雄市各投開票所,高雄市,　苓雅區,尚義里,1462,18,245,347,610,6,616,0,616,131,747,82.4632
第15任總統副總統,在高雄市各投開票所,高雄市,　苓雅區,尚義里,1463,26,212,304,542,7,549,0,549,177,726,75.6198
第15任總統副總統,在高雄市各投開票所,高雄市,　苓雅區,同慶里,1464,25,350,452,827,5,832,0,832,183,1015,81.9704
第15任總統副總統,在高雄市各投開票所,高雄市,　苓雅區,同慶里,1465,30,351,483,864,11,875,0,875,201,1076,81.3197
第15任總統副總統,在高雄市各投開票所,高雄市,　苓雅區,凱旋里,1466,36,340,425,801,6,807,0,807,201,1008,80.0595
第15任總統副總統,在高雄市各投開票所,高雄市,　苓雅區,凱旋里,1467,39,379,409,827,5,832,0,832,186,1018,81.7289
第15任總統副總統,在高雄市各投開票所,高雄市,　苓雅區,奏捷里,1468,13,240,293,546,3,549,0,549,142,691,79.4501
第15任總統副總統,在高雄市各投開票所,高雄市,　苓雅區,奏捷里,1469,22,245,349,616,6,622,0,622,162,784,79.3367
第15任總統副總統,在高雄市各投開票所,高雄市,　苓雅區,福壽里,1470,7,159,373,539,9,548,0,548,156,704,77.8409
第15任總統副總統,在高雄市各投開票所,高雄市,　苓雅區,福壽里,1471,19,151,391,561,2,563,0,563,136,699,80.5436
第15任總統副總統,在高雄市各投開票所,高雄市,　苓雅區,福南里,1472,23,166,429,618,12,630,0,630,163,793,79.4451
第15任總統副總統,在高雄市各投開票所,高雄市,　苓雅區,福南里,1473,17,199,453,669,7,676,0,676,187,863,78.3314
第15任總統副總統,在高雄市各投開票所,高雄市,　苓雅區,林德里,1474,25,321,408,754,2,756,0,756,184,940,80.4255
第15任總統副總統,在高雄市各投開票所,高雄市,　苓雅區,林德里,1475,15,255,372,642,9,651,0,651,190,841,77.4078
第15任總統副總統,在高雄市各投開票所,高雄市,　苓雅區,林貴里,1476,29,247,378,654,9,663,0,663,164,827,80.1693
第15任總統副總統,在高雄市各投開票所,高雄市,　苓雅區,林貴里,1477,21,242,437,700,8,708,0,708,196,904,78.3186
第15任總統副總統,在高雄市各投開票所,高雄市,　苓雅區,林榮里,1478,31,411,512,954,11,965,0,965,309,1274,75.7457
第15任總統副總統,在高雄市各投開票所,高雄市,　苓雅區,林榮里,1479,26,360,604,990,10,1000,0,1000,254,1254,79.7448
第15任總統副總統,在高雄市各投開票所,高雄市,　苓雅區,林榮里,1480,28,364,560,952,8,960,0,960,299,1259,76.2510
第15任總統副總統,在高雄市各投開票所,高雄市,　苓雅區,英明里,1481,20,241,437,698,4,702,0,702,205,907,77.3980
第15任總統副總統,在高雄市各投開票所,高雄市,　苓雅區,英明里,1482,17,210,480,707,8,715,0,715,180,895,79.8883
第15任總統副總統,在高雄市各投開票所,高雄市,　苓雅區,林靖里,1483,20,270,326,616,4,620,0,620,137,757,81.9022
第15任總統副總統,在高雄市各投開票所,高雄市,　苓雅區,林靖里,1484,20,305,215,540,8,548,0,548,155,703,77.9516
第15任總統副總統,在高雄市各投開票所,高雄市,　苓雅區,朝陽里,1485,9,175,339,523,9,532,0,532,175,707,75.2475
第15任總統副總統,在高雄市各投開票所,高雄市,　苓雅區,朝陽里,1486,15,190,346,551,6,557,0,557,133,690,80.7246
第15任總統副總統,在高雄市各投開票所,高雄市,　苓雅區,福隆里,1487,23,332,599,954,5,959,0,959,255,1214,78.9951
第15任總統副總統,在高雄市各投開票所,高雄市,　苓雅區,福隆里,1488,12,310,623,945,8,953,0,953,263,1216,78.3717
第15任總統副總統,在高雄市各投開票所,高雄市,　苓雅區,福祥里,1489,34,340,537,911,10,921,0,921,255,1176,78.3163
第15任總統副總統,在高雄市各投開票所,高雄市,　苓雅區,福海里,1490,39,305,450,794,9,803,0,803,210,1013,79.2695
第15任總統副總統,在高雄市各投開票所,高雄市,　苓雅區,福康里,1491,28,195,493,716,11,727,0,727,204,931,78.0881
第15任總統副總統,在高雄市各投開票所,高雄市,　苓雅區,福康里,1492,31,216,454,701,8,709,0,709,169,878,80.7517
第15任總統副總統,在高雄市各投開票所,高雄市,　苓雅區,福人里,1493,28,294,502,824,8,832,0,832,259,1091,76.2603
第15任總統副總統,在高雄市各投開票所,高雄市,　苓雅區,福人里,1494,18,261,408,687,4,691,0,691,197,888,77.8153
第15任總統副總統,在高雄市各投開票所,高雄市,　苓雅區,福地里,1495,23,307,631,961,8,969,0,969,299,1268,76.4196
第15任總統副總統,在高雄市各投開票所,高雄市,　苓雅區,福地里,1496,27,398,557,982,14,996,0,996,287,1283,77.6306
第15任總統副總統,在高雄市各投開票所,高雄市,　苓雅區,福居里,1497,22,312,625,959,11,970,0,970,313,1283,75.6041
第15任總統副總統,在高雄市各投開票所,高雄市,　苓雅區,福居里,1498,21,315,679,1015,9,1024,0,1024,269,1293,79.1957
第15任總統副總統,在高雄市各投開票所,高雄市,　苓雅區,福東里,1499,33,295,551,879,12,891,0,891,260,1151,77.4109
第15任總統副總統,在高雄市各投開票所,高雄市,　苓雅區,福東里,1500,32,390,609,1031,5,1036,0,1036,305,1341,77.2558
第15任總統副總統,在高雄市各投開票所,高雄市,　苓雅區,福西里,1501,16,200,422,638,5,643,0,643,180,823,78.1288
第15任總統副總統,在高雄市各投開票所,高雄市,　苓雅區,福西里,1502,18,210,442,670,8,678,0,678,206,884,76.6968
第15任總統副總統,在高雄市各投開票所,高雄市,　苓雅區,永康里,1503,18,315,486,819,12,831,0,831,190,1021,81.3908
第15任總統副總統,在高雄市各投開票所,高雄市,　苓雅區,永康里,1504,27,309,457,793,5,798,0,798,238,1036,77.0270
第15任總統副總統,在高雄市各投開票所,高雄市,　苓雅區,正文里,1505,22,260,457,739,5,744,0,744,225,969,76.7802
第15任總統副總統,在高雄市各投開票所,高雄市,　苓雅區,正文里,1506,31,271,513,815,11,826,0,826,224,1050,78.6667
第15任總統副總統,在高雄市各投開票所,高雄市,　苓雅區,正言里,1507,19,250,396,665,4,669,0,669,223,892,75.0000
第15任總統副總統,在高雄市各投開票所,高雄市,　苓雅區,正言里,1508,26,293,427,746,10,756,0,756,233,989,76.4408
第15任總統副總統,在高雄市各投開票所,高雄市,　苓雅區,正言里,1509,28,248,425,701,7,708,0,708,266,974,72.6899
第15任總統副總統,在高雄市各投開票所,高雄市,　苓雅區,正大里,1510,37,404,518,959,9,968,0,968,286,1254,77.1930
第15任總統副總統,在高雄市各投開票所,高雄市,　苓雅區,正大里,1511,20,316,476,812,15,827,0,827,231,1058,78.1664
第15任總統副總統,在高雄市各投開票所,高雄市,　苓雅區,正大里,1512,34,319,570,923,13,936,0,936,307,1243,75.3017
第15任總統副總統,在高雄市各投開票所,高雄市,　苓雅區,正大里,1513,23,359,559,941,19,960,0,960,336,1296,74.0741
第15任總統副總統,在高雄市各投開票所,高雄市,　苓雅區,正義里,1514,35,289,596,920,10,930,0,930,215,1145,81.2227
第15任總統副總統,在高雄市各投開票所,高雄市,　苓雅區,正義里,1515,20,328,622,970,8,978,0,978,219,1197,81.7043
第15任總統副總統,在高雄市各投開票所,高雄市,　苓雅區,正仁里,1516,20,357,533,910,4,914,0,914,276,1190,76.8067
第15任總統副總統,在高雄市各投開票所,高雄市,　苓雅區,正仁里,1517,26,359,560,945,12,957,0,957,302,1259,76.0127
第15任總統副總統,在高雄市各投開票所,高雄市,　苓雅區,衛武里,1518,31,285,450,766,3,769,0,769,188,957,80.3553
第15任總統副總統,在高雄市各投開票所,高雄市,　苓雅區,衛武里,1519,23,317,369,709,10,719,0,719,221,940,76.4894
第15任總統副總統,在高雄市各投開票所,高雄市,　前鎮區,草衙里,1772,13,158,537,708,5,713,0,713,188,901,79.1343
第15任總統副總統,在高雄市各投開票所,高雄市,　前鎮區,草衙里,1773,25,249,637,911,8,919,0,919,261,1180,77.8814
第15任總統副總統,在高雄市各投開票所,高雄市,　前鎮區,草衙里,1774,23,270,615,908,8,916,0,916,272,1188,77.1044
第15任總統副總統,在高雄市各投開票所,高雄市,　前鎮區,草衙里,1775,24,247,623,894,9,903,0,903,297,1200,75.2500
第15任總統副總統,在高雄市各投開票所,高雄市,　前鎮區,草衙里,1776,31,279,618,928,6,934,0,934,281,1215,76.8724
第15任總統副總統,在高雄市各投開票所,高雄市,　前鎮區,草衙里,1777,25,309,325,659,6,665,0,665,204,869,76.5247
第15任總統副總統,在高雄市各投開票所,高雄市,　前鎮區,草衙里,1778,18,207,654,879,9,888,0,888,316,1204,73.7542
第15任總統副總統,在高雄市各投開票所,高雄市,　前鎮區,草衙里,1779,20,241,677,938,7,945,0,945,319,1264,74.7627
第15任總統副總統,在高雄市各投開票所,高雄市,　前鎮區,明孝里,1780,21,167,432,620,11,631,0,631,185,816,77.3284
第15任總統副總統,在高雄市各投開票所,高雄市,　前鎮區,明孝里,1781,15,154,459,628,2,630,0,630,174,804,78.3582
第15任總統副總統,在高雄市各投開票所,高雄市,　前鎮區,明孝里,1782,15,252,393,660,5,665,0,665,215,880,75.5682
第15任總統副總統,在高雄市各投開票所,高雄市,　前鎮區,明正里,1783,21,223,594,838,9,847,0,847,240,1087,77.9209
第15任總統副總統,在高雄市各投開票所,高雄市,　前鎮區,明正里,1784,21,255,526,802,10,812,0,812,214,1026,79.1423
第15任總統副總統,在高雄市各投開票所,高雄市,　前鎮區,明正里,1785,25,225,567,817,5,822,0,822,217,1039,79.1145
第15任總統副總統,在高雄市各投開票所,高雄市,　前鎮區,明正里,1786,19,149,375,543,5,548,0,548,130,678,80.8260
第15任總統副總統,在高雄市各投開票所,高雄市,　前鎮區,明正里,1787,27,204,550,781,9,790,0,790,196,986,80.1217
第15任總統副總統,在高雄市各投開票所,高雄市,　前鎮區,明義里,1788,20,277,491,788,15,803,0,803,197,1000,80.3000
第15任總統副總統,在高雄市各投開票所,高雄市,　前鎮區,明義里,1789,27,232,662,921,4,925,0,925,207,1132,81.7138
第15任總統副總統,在高雄市各投開票所,高雄市,　前鎮區,仁愛里,1790,27,252,695,974,11,985,0,985,273,1258,78.2989
第15任總統副總統,在高雄市各投開票所,高雄市,　前鎮區,德昌里,1791,16,195,426,637,5,642,0,642,204,846,75.8865
第15任總統副總統,在高雄市各投開票所,高雄市,　前鎮區,德昌里,1792,13,263,397,673,7,680,0,680,209,889,76.4904
第15任總統副總統,在高雄市各投開票所,高雄市,　前鎮區,平等里,1793,19,226,619,864,7,871,0,871,274,1145,76.0699
第15任總統副總統,在高雄市各投開票所,高雄市,　前鎮區,平等里,1794,16,195,452,663,3,666,0,666,948,1614,41.2639
第15任總統副總統,在高雄市各投開票所,高雄市,　前鎮區,平昌里,1795,8,116,321,445,4,449,0,449,146,595,75.4622
第15任總統副總統,在高雄市各投開票所,高雄市,　前鎮區,明禮里,1796,25,243,774,1042,14,1056,0,1056,323,1379,76.5772
第15任總統副總統,在高雄市各投開票所,高雄市,　前鎮區,信義里,1797,20,276,772,1068,6,1074,0,1074,281,1355,79.2620
第15任總統副總統,在高雄市各投開票所,高雄市,　前鎮區,信德里,1798,18,176,489,683,10,693,0,693,221,914,75.8206
第15任總統副總統,在高雄市各投開票所,高雄市,　前鎮區,信德里,1799,24,311,625,960,6,966,0,966,270,1236,78.1553
第15任總統副總統,在高雄市各投開票所,高雄市,　前鎮區,明道里,1800,20,194,580,794,3,797,0,797,222,1019,78.2139
第15任總統副總統,在高雄市各投開票所,高雄市,　前鎮區,興化里,1801,13,117,386,516,7,523,0,523,126,649,80.5855
第15任總統副總統,在高雄市各投開票所,高雄市,　前鎮區,興仁里,1802,11,109,415,535,1,536,0,536,152,688,77.9070
第15任總統副總統,在高雄市各投開票所,高雄市,　前鎮區,前鎮里,1803,25,247,747,1019,17,1036,0,1036,255,1291,80.2479
第15任總統副總統,在高雄市各投開票所,高雄市,　前鎮區,鎮東里,1804,15,187,467,669,4,673,0,673,140,813,82.7798
第15任總統副總統,在高雄市各投開票所,高雄市,　前鎮區,鎮東里,1805,23,142,444,609,8,617,0,617,191,808,76.3614
第15任總統副總統,在高雄市各投開票所,高雄市,　前鎮區,鎮榮里,1806,19,198,583,800,5,805,0,805,209,1014,79.3886
第15任總統副總統,在高雄市各投開票所,高雄市,　前鎮區,鎮榮里,1807,18,234,570,822,0,822,0,822,237,1059,77.6204
第15任總統副總統,在高雄市各投開票所,高雄市,　前鎮區,鎮昌里,1808,24,210,535,769,9,778,0,778,218,996,78.1124
第15任總統副總統,在高雄市各投開票所,高雄市,　前鎮區,鎮昌里,1809,25,175,506,706,13,719,0,719,187,906,79.3598
第15任總統副總統,在高雄市各投開票所,高雄市,　前鎮區,鎮海里,1810,22,276,665,963,6,969,0,969,329,1298,74.6533
第15任總統副總統,在高雄市各投開票所,高雄市,　前鎮區,鎮海里,1811,36,319,707,1062,17,1079,0,1079,284,1363,79.1636
第15任總統副總統,在高雄市各投開票所,高雄市,　前鎮區,鎮海里,1812,29,328,586,943,10,953,0,953,271,1224,77.8595
第15任總統副總統,在高雄市各投開票所,高雄市,　前鎮區,鎮陽里,1813,22,222,465,709,10,719,0,719,191,910,79.0110
第15任總統副總統,在高雄市各投開票所,高雄市,　前鎮區,興邦里,1814,42,486,586,1114,18,1132,0,1132,338,1470,77.0068
第15任總統副總統,在高雄市各投開票所,高雄市,　前鎮區,興邦里,1815,47,472,830,1349,15,1364,0,1364,308,1672,81.5789
第15任總統副總統,在高雄市各投開票所,高雄市,　前鎮區,鎮中里,1816,15,157,421,593,9,602,0,602,207,809,74.4129
第15任總統副總統,在高雄市各投開票所,高雄市,　前鎮區,鎮北里,1817,20,264,572,856,13,869,0,869,205,1074,80.9125
第15任總統副總統,在高雄市各投開票所,高雄市,　前鎮區,忠純里,1818,29,747,211,987,9,996,0,996,259,1255,79.3625
第15任總統副總統,在高雄市各投開票所,高雄市,　前鎮區,忠純里,1819,29,756,328,1113,13,1126,0,1126,259,1385,81.2996
第15任總統副總統,在高雄市各投開票所,高雄市,　前鎮區,忠純里,1820,22,581,251,854,9,863,0,863,234,1097,78.6691
第15任總統副總統,在高雄市各投開票所,高雄市,　前鎮區,忠純里,1821,35,367,608,1010,3,1013,0,1013,262,1275,79.4510
第15任總統副總統,在高雄市各投開票所,高雄市,　前鎮區,忠誠里,1822,18,605,206,829,6,835,0,835,187,1022,81.7025
第15任總統副總統,在高雄市各投開票所,高雄市,　前鎮區,忠誠里,1823,27,508,224,759,4,763,0,763,213,976,78.1762
第15任總統副總統,在高雄市各投開票所,高雄市,　前鎮區,西山里,1824,31,277,499,807,1,808,0,808,214,1022,79.0607
第15任總統副總統,在高雄市各投開票所,高雄市,　前鎮區,西山里,1825,19,347,494,860,8,868,0,868,258,1126,77.0870
第15任總統副總統,在高雄市各投開票所,高雄市,　前鎮區,西山里,1826,40,390,483,913,3,916,0,916,255,1171,78.2237
第15任總統副總統,在高雄市各投開票所,高雄市,　前鎮區,民權里,1827,30,421,607,1058,8,1066,0,1066,190,1256,84.8726
第15任總統副總統,在高雄市各投開票所,高雄市,　前鎮區,民權里,1828,39,462,600,1101,9,1110,0,1110,246,1356,81.8584
第15任總統副總統,在高雄市各投開票所,高雄市,　前鎮區,民權里,1829,36,472,514,1022,8,1030,0,1030,258,1288,79.9689
第15任總統副總統,在高雄市各投開票所,高雄市,　前鎮區,建隆里,1830,17,342,535,894,13,907,0,907,283,1190,76.2185
第15任總統副總統,在高雄市各投開票所,高雄市,　前鎮區,振興里,1831,36,297,515,848,8,856,0,856,233,1089,78.6042
第15任總統副總統,在高雄市各投開票所,高雄市,　前鎮區,振興里,1832,42,348,468,858,11,869,0,869,247,1116,77.8674
第15任總統副總統,在高雄市各投開票所,高雄市,　前鎮區,良和里,1833,32,471,624,1127,11,1138,0,1138,310,1448,78.5912
第15任總統副總統,在高雄市各投開票所,高雄市,　前鎮區,良和里,1834,37,520,478,1035,9,1044,0,1044,276,1320,79.0909
第15任總統副總統,在高雄市各投開票所,高雄市,　前鎮區,西甲里,1835,12,244,530,786,4,790,0,790,185,975,81.0256
第15任總統副總統,在高雄市各投開票所,高雄市,　前鎮區,西甲里,1836,34,243,487,764,3,767,0,767,255,1022,75.0489
第15任總統副總統,在高雄市各投開票所,高雄市,　前鎮區,盛興里,1837,32,432,569,1033,4,1037,0,1037,339,1376,75.3634
第15任總統副總統,在高雄市各投開票所,高雄市,　前鎮區,盛興里,1838,26,352,557,935,4,939,0,939,335,1274,73.7049
第15任總統副總統,在高雄市各投開票所,高雄市,　前鎮區,盛豐里,1839,30,374,725,1129,9,1138,0,1138,322,1460,77.9452
第15任總統副總統,在高雄市各投開票所,高雄市,　前鎮區,盛豐里,1840,37,404,673,1114,7,1121,0,1121,354,1475,76.0000
第15任總統副總統,在高雄市各投開票所,高雄市,　前鎮區,興中里,1841,24,308,496,828,10,838,0,838,221,1059,79.1313
第15任總統副總統,在高雄市各投開票所,高雄市,　前鎮區,興中里,1842,23,268,454,745,4,749,0,749,224,973,76.9784
第15任總統副總統,在高雄市各投開票所,高雄市,　前鎮區,興中里,1843,19,258,408,685,7,692,0,692,284,976,70.9016
第15任總統副總統,在高雄市各投開票所,高雄市,　前鎮區,興東里,1844,21,333,683,1037,8,1045,0,1045,303,1348,77.5223
第15任總統副總統,在高雄市各投開票所,高雄市,　前鎮區,興東里,1845,35,373,554,962,15,977,0,977,244,1221,80.0164
第15任總統副總統,在高雄市各投開票所,高雄市,　前鎮區,興東里,1846,35,359,661,1055,10,1065,0,1065,281,1346,79.1233
第15任總統副總統,在高雄市各投開票所,高雄市,　前鎮區,興東里,1847,29,443,577,1049,17,1066,0,1066,299,1365,78.0952
第15任總統副總統,在高雄市各投開票所,高雄市,　前鎮區,忠孝里,1848,33,462,618,1113,12,1125,0,1125,322,1447,77.7471
第15任總統副總統,在高雄市各投開票所,高雄市,　前鎮區,忠孝里,1849,32,412,550,994,7,1001,0,1001,292,1293,77.4169
第15任總統副總統,在高雄市各投開票所,高雄市,　前鎮區,復國里,1850,20,296,664,980,12,992,0,992,313,1305,76.0153
第15任總統副總統,在高雄市各投開票所,高雄市,　前鎮區,復國里,1851,35,385,593,1013,17,1030,0,1030,259,1289,79.9069
第15任總統副總統,在高雄市各投開票所,高雄市,　前鎮區,竹內里,1852,46,356,782,1184,10,1194,0,1194,305,1499,79.6531
第15任總統副總統,在高雄市各投開票所,高雄市,　前鎮區,竹內里,1853,29,400,699,1128,12,1140,0,1140,333,1473,77.3931
第15任總統副總統,在高雄市各投開票所,高雄市,　前鎮區,竹東里,1854,28,260,471,759,8,767,0,767,224,991,77.3966
第15任總統副總統,在高雄市各投開票所,高雄市,　前鎮區,竹東里,1855,33,308,506,847,10,857,0,857,244,1101,77.8383
第15任總統副總統,在高雄市各投開票所,高雄市,　前鎮區,竹南里,1856,41,314,767,1122,8,1130,0,1130,331,1461,77.3443
第15任總統副總統,在高雄市各投開票所,高雄市,　前鎮區,竹南里,1857,39,404,717,1160,8,1168,0,1168,330,1498,77.9706
第15任總統副總統,在高雄市各投開票所,高雄市,　前鎮區,竹南里,1858,31,298,476,805,7,812,0,812,190,1002,81.0379
第15任總統副總統,在高雄市各投開票所,高雄市,　前鎮區,竹南里,1859,45,431,565,1041,13,1054,0,1054,286,1340,78.6567
第15任總統副總統,在高雄市各投開票所,高雄市,　前鎮區,竹南里,1860,40,385,495,920,12,932,0,932,275,1207,77.2162
第15任總統副總統,在高雄市各投開票所,高雄市,　前鎮區,竹北里,1861,25,278,562,865,4,869,0,869,223,1092,79.5788
第15任總統副總統,在高雄市各投開票所,高雄市,　前鎮區,竹北里,1862,31,287,489,807,6,813,0,813,268,1081,75.2081
第15任總統副總統,在高雄市各投開票所,高雄市,　前鎮區,竹西里,1863,39,365,719,1123,13,1136,0,1136,280,1416,80.2260
第15任總統副總統,在高雄市各投開票所,高雄市,　前鎮區,竹西里,1864,36,352,612,1000,10,1010,0,1010,260,1270,79.5276
第15任總統副總統,在高雄市各投開票所,高雄市,　前鎮區,竹西里,1865,45,440,537,1022,10,1032,0,1032,264,1296,79.6296
第15任總統副總統,在高雄市各投開票所,高雄市,　前鎮區,竹中里,1866,27,342,430,799,14,813,0,813,228,1041,78.0980
第15任總統副總統,在高雄市各投開票所,高雄市,　前鎮區,竹中里,1867,28,256,486,770,6,776,0,776,210,986,78.7018
第15任總統副總統,在高雄市各投開票所,高雄市,　前鎮區,竹中里,1868,27,305,573,905,7,912,0,912,257,1169,78.0154
第15任總統副總統,在高雄市各投開票所,高雄市,　前鎮區,瑞竹里,1869,20,137,431,588,8,596,0,596,172,768,77.6042
第15任總統副總統,在高雄市各投開票所,高雄市,　前鎮區,瑞竹里,1870,20,186,372,578,3,581,0,581,146,727,79.9175
第15任總統副總統,在高雄市各投開票所,高雄市,　前鎮區,瑞南里,1871,28,283,518,829,4,833,0,833,238,1071,77.7778
第15任總統副總統,在高雄市各投開票所,高雄市,　前鎮區,瑞南里,1872,18,266,606,890,4,894,0,894,280,1174,76.1499
第15任總統副總統,在高雄市各投開票所,高雄市,　前鎮區,瑞南里,1873,29,257,507,793,5,798,0,798,199,997,80.0401
第15任總統副總統,在高雄市各投開票所,高雄市,　前鎮區,瑞南里,1874,24,315,595,934,10,944,0,944,256,1200,78.6667
第15任總統副總統,在高雄市各投開票所,高雄市,　前鎮區,瑞豐里,1875,38,306,634,978,8,986,0,986,286,1272,77.5157
第15任總統副總統,在高雄市各投開票所,高雄市,　前鎮區,瑞豐里,1876,24,305,674,1003,11,1014,0,1014,283,1297,78.1804
第15任總統副總統,在高雄市各投開票所,高雄市,　前鎮區,瑞祥里,1877,31,235,545,811,6,817,0,817,244,1061,77.0028
第15任總統副總統,在高雄市各投開票所,高雄市,　前鎮區,瑞祥里,1878,28,316,589,933,11,944,0,944,265,1209,78.0811
第15任總統副總統,在高雄市各投開票所,高雄市,　前鎮區,瑞祥里,1879,28,266,518,812,6,818,0,818,208,1026,79.7271
第15任總統副總統,在高雄市各投開票所,高雄市,　前鎮區,瑞祥里,1880,22,274,572,868,12,880,0,880,223,1103,79.7824
第15任總統副總統,在高雄市各投開票所,高雄市,　前鎮區,瑞東里,1881,33,263,612,908,6,914,0,914,254,1168,78.2534
第15任總統副總統,在高雄市各投開票所,高雄市,　前鎮區,瑞東里,1882,21,218,575,814,6,820,0,820,217,1037,79.0743
第15任總統副總統,在高雄市各投開票所,高雄市,　前鎮區,瑞和里,1883,23,192,470,685,8,693,0,693,241,934,74.1970
第15任總統副總統,在高雄市各投開票所,高雄市,　前鎮區,瑞和里,1884,13,182,509,704,9,713,0,713,174,887,80.3833
第15任總統副總統,在高雄市各投開票所,高雄市,　前鎮區,瑞平里,1885,20,261,607,888,7,895,0,895,186,1081,82.7937
第15任總統副總統,在高雄市各投開票所,高雄市,　前鎮區,瑞平里,1886,23,215,627,865,10,875,0,875,199,1074,81.4711
第15任總統副總統,在高雄市各投開票所,高雄市,　前鎮區,瑞平里,1887,40,339,597,976,9,985,0,985,266,1251,78.7370
第15任總統副總統,在高雄市各投開票所,高雄市,　前鎮區,瑞隆里,1888,12,236,619,867,11,878,0,878,242,1120,78.3929
第15任總統副總統,在高雄市各投開票所,高雄市,　前鎮區,瑞隆里,1889,24,221,478,723,8,731,0,731,235,966,75.6729
第15任總統副總統,在高雄市各投開票所,高雄市,　前鎮區,瑞隆里,1890,34,319,651,1004,6,1010,0,1010,259,1269,79.5902
第15任總統副總統,在高雄市各投開票所,高雄市,　前鎮區,瑞北里,1891,33,292,871,1196,12,1208,0,1208,314,1522,79.3693
第15任總統副總統,在高雄市各投開票所,高雄市,　前鎮區,瑞北里,1892,30,402,777,1209,4,1213,0,1213,381,1594,76.0979
第15任總統副總統,在高雄市各投開票所,高雄市,　前鎮區,瑞西里,1893,27,267,669,963,6,969,0,969,307,1276,75.9404
第15任總統副總統,在高雄市各投開票所,高雄市,　前鎮區,瑞西里,1894,33,254,732,1019,8,1027,0,1027,220,1247,82.3577
第15任總統副總統,在高雄市各投開票所,高雄市,　前鎮區,瑞崗里,1895,21,300,605,926,8,934,0,934,208,1142,81.7863
第15任總統副總統,在高雄市各投開票所,高雄市,　前鎮區,瑞崗里,1896,35,297,707,1039,9,1048,0,1048,302,1350,77.6296
第15任總統副總統,在高雄市各投開票所,高雄市,　前鎮區,瑞興里,1897,27,267,667,961,5,966,0,966,213,1179,81.9338
第15任總統副總統,在高雄市各投開票所,高雄市,　前鎮區,瑞興里,1898,16,263,699,978,11,989,0,989,258,1247,79.3103
第15任總統副總統,在高雄市各投開票所,高雄市,　前鎮區,瑞誠里,1899,33,313,672,1018,11,1029,0,1029,273,1302,79.0323
第15任總統副總統,在高雄市各投開票所,高雄市,　前鎮區,瑞誠里,1900,22,318,588,928,5,933,0,933,227,1160,80.4310
第15任總統副總統,在高雄市各投開票所,高雄市,　前鎮區,瑞文里,1901,27,239,572,838,7,845,0,845,299,1144,73.8636
第15任總統副總統,在高雄市各投開票所,高雄市,　前鎮區,瑞文里,1902,24,233,658,915,5,920,0,920,240,1160,79.3103
第15任總統副總統,在高雄市各投開票所,高雄市,　前鎮區,瑞華里,1903,32,397,639,1068,6,1074,0,1074,301,1375,78.1091
第15任總統副總統,在高雄市各投開票所,高雄市,　前鎮區,瑞華里,1904,25,302,814,1141,7,1148,0,1148,285,1433,80.1117
第15任總統副總統,在高雄市各投開票所,高雄市,　前鎮區,瑞華里,1905,41,445,691,1177,9,1186,0,1186,300,1486,79.8116
第15任總統副總統,在高雄市各投開票所,高雄市,　前鎮區,瑞昌里,1906,25,205,504,734,11,745,0,745,222,967,77.0424
第15任總統副總統,在高雄市各投開票所,高雄市,　前鎮區,瑞昌里,1907,20,173,519,712,2,714,0,714,183,897,79.5987
第15任總統副總統,在高雄市各投開票所,高雄市,　前鎮區,瑞昌里,1908,32,281,598,911,8,919,0,919,253,1172,78.4130
第15任總統副總統,在高雄市各投開票所,高雄市,　旗津區,旗下里,1752,26,215,618,859,16,875,0,875,279,1154,75.8232
第15任總統副總統,在高雄市各投開票所,高雄市,　旗津區,永安里,1753,26,222,552,800,4,804,0,804,260,1064,75.5639
第15任總統副總統,在高雄市各投開票所,高雄市,　旗津區,振興里,1754,33,306,847,1186,13,1199,0,1199,362,1561,76.8097
第15任總統副總統,在高雄市各投開票所,高雄市,　旗津區,慈愛里,1755,23,219,571,813,10,823,0,823,318,1141,72.1297
第15任總統副總統,在高雄市各投開票所,高雄市,　旗津區,慈愛里,1756,17,198,551,766,9,775,0,775,293,1068,72.5655
第15任總統副總統,在高雄市各投開票所,高雄市,　旗津區,復興里,1757,16,362,712,1090,9,1099,0,1099,385,1484,74.0566
第15任總統副總統,在高雄市各投開票所,高雄市,　旗津區,復興里,1758,30,380,631,1041,12,1053,0,1053,379,1432,73.5335
第15任總統副總統,在高雄市各投開票所,高雄市,　旗津區,中華里,1759,22,279,831,1132,8,1140,0,1140,315,1455,78.3505
第15任總統副總統,在高雄市各投開票所,高雄市,　旗津區,實踐里,1760,29,510,410,949,13,962,0,962,352,1314,73.2116
第15任總統副總統,在高雄市各投開票所,高雄市,　旗津區,北汕里,1761,28,300,632,960,7,967,0,967,370,1337,72.3261
第15任總統副總統,在高雄市各投開票所,高雄市,　旗津區,北汕里,1762,14,245,626,885,8,893,0,893,322,1215,73.4979
第15任總統副總統,在高雄市各投開票所,高雄市,　旗津區,南汕里,1763,16,159,501,676,6,682,0,682,276,958,71.1900
第15任總統副總統,在高雄市各投開票所,高雄市,　旗津區,南汕里,1764,21,166,601,788,11,799,0,799,244,1043,76.6059
第15任總統副總統,在高雄市各投開票所,高雄市,　旗津區,上竹里,1765,11,155,656,822,9,831,0,831,259,1090,76.2385
第15任總統副總統,在高雄市各投開票所,高雄市,　旗津區,上竹里,1766,30,259,900,1189,11,1200,0,1200,399,1599,75.0469
第15任總統副總統,在高雄市各投開票所,高雄市,　旗津區,中洲里,1767,12,155,612,779,6,785,0,785,234,1019,77.0363
第15任總統副總統,在高雄市各投開票所,高雄市,　旗津區,中洲里,1768,15,136,458,609,4,613,0,613,159,772,79.4041
第15任總統副總統,在高雄市各投開票所,高雄市,　旗津區,安順里,1769,13,124,492,629,7,636,0,636,227,863,73.6964
第15任總統副總統,在高雄市各投開票所,高雄市,　旗津區,中興里,1770,19,172,763,954,9,963,0,963,206,1169,82.3781
第15任總統副總統,在高雄市各投開票所,高雄市,　旗津區,中興里,1771,26,255,681,962,6,968,0,968,283,1251,77.3781
第15任總統副總統,在高雄市各投開票所,高雄市,　小港區,小港里,1909,39,577,659,1275,7,1282,0,1282,409,1691,75.8131
第15任總統副總統,在高雄市各投開票所,高雄市,　小港區,小港里,1910,21,200,640,861,4,865,0,865,242,1107,78.1391
第15任總統副總統,在高雄市各投開票所,高雄市,　小港區,港口里,1911,40,477,675,1192,18,1210,0,1210,298,1508,80.2387
第15任總統副總統,在高雄市各投開票所,高雄市,　小港區,港口里,1912,34,450,650,1134,8,1142,0,1142,349,1491,76.5929
第15任總統副總統,在高雄市各投開票所,高雄市,　小港區,港正里,1913,34,376,412,822,11,833,0,833,232,1065,78.2160
第15任總統副總統,在高雄市各投開票所,高雄市,　小港區,港正里,1914,36,364,635,1035,13,1048,0,1048,269,1317,79.5748
第15任總統副總統,在高雄市各投開票所,高雄市,　小港區,港墘里,1915,47,383,811,1241,10,1251,0,1251,319,1570,79.6815
第15任總統副總統,在高雄市各投開票所,高雄市,　小港區,港明里,1916,37,342,783,1162,8,1170,0,1170,343,1513,77.3298
第15任總統副總統,在高雄市各投開票所,高雄市,　小港區,港明里,1917,30,352,678,1060,9,1069,0,1069,309,1378,77.5762
第15任總統副總統,在高雄市各投開票所,高雄市,　小港區,港后里,1918,24,229,613,866,6,872,0,872,202,1074,81.1918
第15任總統副總統,在高雄市各投開票所,高雄市,　小港區,港后里,1919,27,318,601,946,11,957,0,957,264,1221,78.3784
第15任總統副總統,在高雄市各投開票所,高雄市,　小港區,港南里,1920,23,212,446,681,7,688,0,688,584,1272,54.0881
第15任總統副總統,在高雄市各投開票所,高雄市,　小港區,港南里,1921,34,289,635,958,11,969,0,969,246,1215,79.7531
第15任總統副總統,在高雄市各投開票所,高雄市,　小港區,港興里,1922,18,284,603,905,2,907,0,907,232,1139,79.6313
第15任總統副總統,在高雄市各投開票所,高雄市,　小港區,港興里,1923,25,271,517,813,9,822,0,822,215,1037,79.2671
第15任總統副總統,在高雄市各投開票所,高雄市,　小港區,鳳宮里,1924,41,290,659,990,11,1001,0,1001,325,1326,75.4902
第15任總統副總統,在高雄市各投開票所,高雄市,　小港區,鳳宮里,1925,22,238,589,849,3,852,0,852,289,1141,74.6713
第15任總統副總統,在高雄市各投開票所,高雄市,　小港區,店鎮里,1926,40,298,797,1135,9,1144,0,1144,369,1513,75.6114
第15任總統副總統,在高雄市各投開票所,高雄市,　小港區,店鎮里,1927,40,291,595,926,3,929,0,929,281,1210,76.7769
第15任總統副總統,在高雄市各投開票所,高雄市,　小港區,店鎮里,1928,27,318,713,1058,7,1065,0,1065,351,1416,75.2119
第15任總統副總統,在高雄市各投開票所,高雄市,　小港區,店鎮里,1929,24,357,720,1101,10,1111,0,1111,291,1402,79.2439
第15任總統副總統,在高雄市各投開票所,高雄市,　小港區,大苓里,1930,31,251,579,861,8,869,0,869,279,1148,75.6969
第15任總統副總統,在高雄市各投開票所,高雄市,　小港區,大苓里,1931,30,303,642,975,10,985,0,985,258,1243,79.2438
第15任總統副總統,在高雄市各投開票所,高雄市,　小港區,二苓里,1932,24,300,687,1011,8,1019,0,1019,280,1299,78.4450
第15任總統副總統,在高雄市各投開票所,高雄市,　小港區,二苓里,1933,23,244,585,852,5,857,0,857,252,1109,77.2768
第15任總統副總統,在高雄市各投開票所,高雄市,　小港區,二苓里,1934,40,201,553,794,10,804,0,804,291,1095,73.4247
第15任總統副總統,在高雄市各投開票所,高雄市,　小港區,三苓里,1935,29,309,699,1037,7,1044,0,1044,321,1365,76.4835
第15任總統副總統,在高雄市各投開票所,高雄市,　小港區,三苓里,1936,31,335,712,1078,11,1089,0,1089,275,1364,79.8387
第15任總統副總統,在高雄市各投開票所,高雄市,　小港區,正苓里,1937,25,357,611,993,5,998,0,998,323,1321,75.5488
第15任總統副總統,在高雄市各投開票所,高雄市,　小港區,正苓里,1938,17,320,577,914,11,925,0,925,304,1229,75.2644
第15任總統副總統,在高雄市各投開票所,高雄市,　小港區,正苓里,1939,34,328,584,946,8,954,0,954,303,1257,75.8950
第15任總統副總統,在高雄市各投開票所,高雄市,　小港區,順苓里,1940,29,340,661,1030,7,1037,0,1037,320,1357,76.4186
第15任總統副總統,在高雄市各投開票所,高雄市,　小港區,順苓里,1941,35,321,694,1050,13,1063,0,1063,339,1402,75.8203
第15任總統副總統,在高雄市各投開票所,高雄市,　小港區,順苓里,1942,25,393,628,1046,6,1052,0,1052,304,1356,77.5811
第15任總統副總統,在高雄市各投開票所,高雄市,　小港區,六苓里,1943,31,437,794,1262,20,1282,0,1282,430,1712,74.8832
第15任總統副總統,在高雄市各投開票所,高雄市,　小港區,六苓里,1944,36,351,625,1012,13,1025,0,1025,211,1236,82.9288
第15任總統副總統,在高雄市各投開票所,高雄市,　小港區,宏亮里,1945,37,375,755,1167,12,1179,0,1179,385,1564,75.3836
第15任總統副總統,在高雄市各投開票所,高雄市,　小港區,宏亮里,1946,32,358,768,1158,6,1164,0,1164,327,1491,78.0684
第15任總統副總統,在高雄市各投開票所,高雄市,　小港區,山東里,1947,25,469,585,1079,2,1081,0,1081,324,1405,76.9395
第15任總統副總統,在高雄市各投開票所,高雄市,　小港區,山東里,1948,38,422,550,1010,12,1022,0,1022,349,1371,74.5441
第15任總統副總統,在高雄市各投開票所,高雄市,　小港區,青島里,1949,30,430,335,795,12,807,0,807,211,1018,79.2731
第15任總統副總統,在高雄市各投開票所,高雄市,　小港區,青島里,1950,35,521,490,1046,12,1058,0,1058,341,1399,75.6254
第15任總統副總統,在高雄市各投開票所,高雄市,　小港區,濟南里,1951,36,459,603,1098,10,1108,0,1108,270,1378,80.4064
第15任總統副總統,在高雄市各投開票所,高雄市,　小港區,濟南里,1952,34,441,557,1032,14,1046,0,1046,312,1358,77.0250
第15任總統副總統,在高雄市各投開票所,高雄市,　小港區,濟南里,1953,29,315,521,865,7,872,0,872,276,1148,75.9582
第15任總統副總統,在高雄市各投開票所,高雄市,　小港區,泰山里,1954,38,377,776,1191,11,1202,0,1202,295,1497,80.2939
第15任總統副總統,在高雄市各投開票所,高雄市,　小港區,泰山里,1955,23,392,819,1234,10,1244,0,1244,348,1592,78.1407
第15任總統副總統,在高雄市各投開票所,高雄市,　小港區,山明里,1956,22,243,611,876,7,883,0,883,344,1227,71.9641
第15任總統副總統,在高雄市各投開票所,高雄市,　小港區,山明里,1957,26,333,681,1040,10,1050,0,1050,236,1286,81.6485
第15任總統副總統,在高雄市各投開票所,高雄市,　小港區,山明里,1958,17,249,678,944,7,951,0,951,315,1266,75.1185
第15任總統副總統,在高雄市各投開票所,高雄市,　小港區,山明里,1959,37,337,791,1165,10,1175,0,1175,317,1492,78.7534
第15任總統副總統,在高雄市各投開票所,高雄市,　小港區,山明里,1960,26,257,706,989,5,994,0,994,232,1226,81.0767
第15任總統副總統,在高雄市各投開票所,高雄市,　小港區,山明里,1961,30,290,645,965,6,971,1,972,285,1257,77.2474
第15任總統副總統,在高雄市各投開票所,高雄市,　小港區,山明里,1962,31,274,717,1022,11,1033,0,1033,247,1280,80.7031
第15任總統副總統,在高雄市各投開票所,高雄市,　小港區,山明里,1963,32,297,683,1012,6,1018,0,1018,421,1439,70.7436
第15任總統副總統,在高雄市各投開票所,高雄市,　小港區,高松里,1964,22,268,636,926,8,934,0,934,312,1246,74.9599
第15任總統副總統,在高雄市各投開票所,高雄市,　小港區,高松里,1965,34,314,685,1033,7,1040,0,1040,286,1326,78.4314
第15任總統副總統,在高雄市各投開票所,高雄市,　小港區,高松里,1966,24,291,633,948,7,955,0,955,266,1221,78.2146
第15任總統副總統,在高雄市各投開票所,高雄市,　小港區,松金里,1967,32,450,708,1190,7,1197,0,1197,394,1591,75.2357
第15任總統副總統,在高雄市各投開票所,高雄市,　小港區,松金里,1968,31,290,637,958,9,967,0,967,293,1260,76.7460
第15任總統副總統,在高雄市各投開票所,高雄市,　小港區,松山里,1969,39,354,800,1193,10,1203,0,1203,300,1503,80.0399
第15任總統副總統,在高雄市各投開票所,高雄市,　小港區,松山里,1970,45,369,705,1119,15,1134,0,1134,297,1431,79.2453
第15任總統副總統,在高雄市各投開票所,高雄市,　小港區,大坪里,1971,32,222,713,967,14,981,0,981,272,1253,78.2921
第15任總統副總統,在高雄市各投開票所,高雄市,　小港區,大坪里,1972,40,291,690,1021,13,1034,0,1034,305,1339,77.2218
第15任總統副總統,在高雄市各投開票所,高雄市,　小港區,坪頂里,1973,23,234,753,1010,8,1018,0,1018,306,1324,76.8882
第15任總統副總統,在高雄市各投開票所,高雄市,　小港區,坪頂里,1974,28,270,745,1043,7,1050,0,1050,326,1376,76.3081
第15任總統副總統,在高雄市各投開票所,高雄市,　小港區,坪頂里,1975,24,373,742,1139,9,1148,0,1148,320,1468,78.2016
第15任總統副總統,在高雄市各投開票所,高雄市,　小港區,坪頂里,1976,27,298,667,992,9,1001,0,1001,383,1384,72.3266
第15任總統副總統,在高雄市各投開票所,高雄市,　小港區,孔宅里,1977,18,198,647,863,7,870,0,870,171,1041,83.5735
第15任總統副總統,在高雄市各投開票所,高雄市,　小港區,孔宅里,1978,35,227,630,892,7,899,0,899,290,1189,75.6098
第15任總統副總統,在高雄市各投開票所,高雄市,　小港區,孔宅里,1979,29,332,505,866,12,878,0,878,283,1161,75.6245
第15任總統副總統,在高雄市各投開票所,高雄市,　小港區,孔宅里,1980,32,479,612,1123,14,1137,0,1137,427,1564,72.6982
第15任總統副總統,在高雄市各投開票所,高雄市,　小港區,廈莊里,1981,31,261,539,831,8,839,0,839,216,1055,79.5261
第15任總統副總統,在高雄市各投開票所,高雄市,　小港區,廈莊里,1982,22,237,567,826,7,833,0,833,210,1043,79.8658
第15任總統副總統,在高雄市各投開票所,高雄市,　小港區,廈莊里,1983,31,345,713,1089,17,1106,0,1106,334,1440,76.8056
第15任總統副總統,在高雄市各投開票所,高雄市,　小港區,合作里,1984,34,264,632,930,5,935,0,935,223,1158,80.7427
第15任總統副總統,在高雄市各投開票所,高雄市,　小港區,合作里,1985,23,300,744,1067,4,1071,0,1071,264,1335,80.2247
第15任總統副總統,在高雄市各投開票所,高雄市,　小港區,桂林里,1986,29,270,706,1005,15,1020,0,1020,369,1389,73.4341
第15任總統副總統,在高雄市各投開票所,高雄市,　小港區,桂林里,1987,25,329,765,1119,16,1135,0,1135,312,1447,78.4381
第15任總統副總統,在高雄市各投開票所,高雄市,　小港區,桂林里,1988,32,332,756,1120,13,1133,0,1133,312,1445,78.4083
第15任總統副總統,在高雄市各投開票所,高雄市,　小港區,桂林里,1989,43,354,741,1138,11,1149,0,1149,310,1459,78.7526
第15任總統副總統,在高雄市各投開票所,高雄市,　小港區,桂林里,1990,36,402,814,1252,8,1260,0,1260,388,1648,76.4563
第15任總統副總統,在高雄市各投開票所,高雄市,　小港區,中厝里,1991,22,210,569,801,4,805,0,805,259,1064,75.6579
第15任總統副總統,在高雄市各投開票所,高雄市,　小港區,中厝里,1992,28,301,642,971,12,983,0,983,299,1282,76.6771
第15任總統副總統,在高雄市各投開票所,高雄市,　小港區,中厝里,1993,22,275,583,880,8,888,0,888,268,1156,76.8166
第15任總統副總統,在高雄市各投開票所,高雄市,　小港區,鳳鳴里,1994,21,351,689,1061,12,1073,0,1073,314,1387,77.3612
第15任總統副總統,在高雄市各投開票所,高雄市,　小港區,鳳鳴里,1995,32,393,805,1230,11,1241,0,1241,417,1658,74.8492
第15任總統副總統,在高雄市各投開票所,高雄市,　小港區,龍鳳里,1996,19,302,759,1080,10,1090,0,1090,354,1444,75.4848
第15任總統副總統,在高雄市各投開票所,高雄市,　小港區,龍鳳里,1997,27,342,751,1120,16,1136,0,1136,355,1491,76.1905
第15任總統副總統,在高雄市各投開票所,高雄市,　小港區,鳳森里,1998,17,203,576,796,2,798,0,798,249,1047,76.2178
第15任總統副總統,在高雄市各投開票所,高雄市,　小港區,鳳森里,1999,25,228,594,847,8,855,0,855,259,1114,76.7504
第15任總統副總統,在高雄市各投開票所,高雄市,　小港區,鳳林里,2000,26,270,833,1129,10,1139,0,1139,330,1469,77.5357
第15任總統副總統,在高雄市各投開票所,高雄市,　小港區,鳳林里,2001,22,282,858,1162,8,1170,0,1170,334,1504,77.7926
第15任總統副總統,在高雄市各投開票所,高雄市,　小港區,鳳興里,2002,17,209,713,939,9,948,0,948,295,1243,76.2671
第15任總統副總統,在高雄市各投開票所,高雄市,　小港區,鳳興里,2003,23,208,656,887,12,899,0,899,282,1181,76.1219
第15任總統副總統,在高雄市各投開票所,高雄市,　小港區,鳳源里,2004,18,200,617,835,6,841,0,841,290,1131,74.3590
第15任總統副總統,在高雄市各投開票所,高雄市,　小港區,鳳源里,2005,21,223,690,934,12,946,0,946,299,1245,75.9839
第15任總統副總統,在高雄市各投開票所,高雄市,　小港區,鳳源里,2006,18,178,654,850,8,858,0,858,335,1193,71.9195
第15任總統副總統,在高雄市各投開票所,高雄市,　鳳山區,鳳崗里,1520,20,367,441,828,8,836,0,836,208,1044,80.0766
第15任總統副總統,在高雄市各投開票所,高雄市,　鳳山區,縣衙里,1521,27,249,312,588,2,590,0,590,197,787,74.9682
第15任總統副總統,在高雄市各投開票所,高雄市,　鳳山區,曹公里,1522,17,229,343,589,6,595,0,595,203,798,74.5614
第15任總統副總統,在高雄市各投開票所,高雄市,　鳳山區,曹公里,1523,27,321,466,814,9,823,0,823,215,1038,79.2871
第15任總統副總統,在高雄市各投開票所,高雄市,　鳳山區,鎮西里,1524,31,374,528,933,7,940,0,940,240,1180,79.6610
第15任總統副總統,在高雄市各投開票所,高雄市,　鳳山區,鎮西里,1525,23,319,589,931,11,942,0,942,254,1196,78.7625
第15任總統副總統,在高雄市各投開票所,高雄市,　鳳山區,鎮西里,1526,30,334,629,993,11,1004,0,1004,273,1277,78.6218
第15任總統副總統,在高雄市各投開票所,高雄市,　鳳山區,鎮西里,1527,39,317,521,877,7,884,0,884,243,1127,78.4383
第15任總統副總統,在高雄市各投開票所,高雄市,　鳳山區,北門里,1528,16,285,490,791,9,800,0,800,223,1023,78.2014
第15任總統副總統,在高雄市各投開票所,高雄市,　鳳山區,北門里,1529,24,272,511,807,11,818,0,818,250,1068,76.5918
第15任總統副總統,在高雄市各投開票所,高雄市,　鳳山區,北門里,1530,26,184,369,579,3,582,0,582,136,718,81.0585
第15任總統副總統,在高雄市各投開票所,高雄市,　鳳山區,北門里,1531,27,298,521,846,6,852,0,852,275,1127,75.5989
第15任總統副總統,在高雄市各投開票所,高雄市,　鳳山區,鎮北里,1532,34,330,733,1097,13,1110,0,1110,325,1435,77.3519
第15任總統副總統,在高雄市各投開票所,高雄市,　鳳山區,鎮北里,1533,27,339,717,1083,13,1096,0,1096,424,1520,72.1053
第15任總統副總統,在高雄市各投開票所,高雄市,　鳳山區,鎮北里,1534,38,423,713,1174,13,1187,0,1187,322,1509,78.6614
第15任總統副總統,在高雄市各投開票所,高雄市,　鳳山區,鎮北里,1535,45,388,796,1229,6,1235,0,1235,429,1664,74.2188
第15任總統副總統,在高雄市各投開票所,高雄市,　鳳山區,鎮北里,1536,36,433,707,1176,17,1193,0,1193,341,1534,77.7705
第15任總統副總統,在高雄市各投開票所,高雄市,　鳳山區,鎮北里,1537,47,360,744,1151,13,1164,0,1164,294,1458,79.8354
第15任總統副總統,在高雄市各投開票所,高雄市,　鳳山區,武松里,1538,45,370,681,1096,16,1112,0,1112,280,1392,79.8851
第15任總統副總統,在高雄市各投開票所,高雄市,　鳳山區,武松里,1539,29,321,551,901,9,910,0,910,277,1187,76.6639
第15任總統副總統,在高雄市各投開票所,高雄市,　鳳山區,忠誠里,1540,38,442,861,1341,9,1350,0,1350,363,1713,78.8091
第15任總統副總統,在高雄市各投開票所,高雄市,　鳳山區,忠誠里,1541,32,390,843,1265,13,1278,0,1278,343,1621,78.8402
第15任總統副總統,在高雄市各投開票所,高雄市,　鳳山區,文英里,1542,33,283,669,985,8,993,0,993,237,1230,80.7317
第15任總統副總統,在高雄市各投開票所,高雄市,　鳳山區,文英里,1543,29,264,505,798,7,805,0,805,228,1033,77.9284
第15任總統副總統,在高雄市各投開票所,高雄市,　鳳山區,文英里,1544,32,389,506,927,8,935,0,935,263,1198,78.0467
第15任總統副總統,在高雄市各投開票所,高雄市,　鳳山區,文華里,1545,41,847,268,1156,20,1176,0,1176,354,1530,76.8627
第15任總統副總統,在高雄市各投開票所,高雄市,　鳳山區,文華里,1546,29,372,562,963,12,975,0,975,243,1218,80.0493
第15任總統副總統,在高雄市各投開票所,高雄市,　鳳山區,文華里,1547,36,353,588,977,13,990,0,990,243,1233,80.2920
第15任總統副總統,在高雄市各投開票所,高雄市,　鳳山區,文華里,1548,37,434,645,1116,6,1122,0,1122,328,1450,77.3793
第15任總統副總統,在高雄市各投開票所,高雄市,　鳳山區,文華里,1549,20,387,514,921,5,926,0,926,182,1108,83.5740
第15任總統副總統,在高雄市各投開票所,高雄市,　鳳山區,文華里,1550,35,455,692,1182,9,1191,0,1191,250,1441,82.6509
第15任總統副總統,在高雄市各投開票所,高雄市,　鳳山區,文山里,1551,35,296,673,1004,7,1011,0,1011,257,1268,79.7319
第15任總統副總統,在高雄市各投開票所,高雄市,　鳳山區,文山里,1552,37,385,745,1167,12,1179,0,1179,317,1496,78.8102
第15任總統副總統,在高雄市各投開票所,高雄市,　鳳山區,文山里,1553,12,232,568,812,10,822,0,822,240,1062,77.4011
第15任總統副總統,在高雄市各投開票所,高雄市,　鳳山區,文山里,1554,29,256,656,941,8,949,0,949,265,1214,78.1713
第15任總統副總統,在高雄市各投開票所,高雄市,　鳳山區,文山里,1555,45,343,467,855,10,865,0,865,197,1062,81.4501
第15任總統副總統,在高雄市各投開票所,高雄市,　鳳山區,文德里,1556,43,572,727,1342,12,1354,0,1354,355,1709,79.2276
第15任總統副總統,在高雄市各投開票所,高雄市,　鳳山區,文德里,1557,46,556,740,1342,11,1353,0,1353,385,1738,77.8481
第15任總統副總統,在高雄市各投開票所,高雄市,　鳳山區,文德里,1558,46,495,684,1225,15,1240,0,1240,418,1658,74.7889
第15任總統副總統,在高雄市各投開票所,高雄市,　鳳山區,文德里,1559,51,541,763,1355,18,1373,0,1373,369,1742,78.8175
第15任總統副總統,在高雄市各投開票所,高雄市,　鳳山區,文德里,1560,38,500,791,1329,17,1346,0,1346,321,1667,80.7439
第15任總統副總統,在高雄市各投開票所,高雄市,　鳳山區,文衡里,1561,40,373,535,948,9,957,0,957,285,1242,77.0531
第15任總統副總統,在高雄市各投開票所,高雄市,　鳳山區,文衡里,1562,31,364,685,1080,12,1092,0,1092,280,1372,79.5918
第15任總統副總統,在高雄市各投開票所,高雄市,　鳳山區,文衡里,1563,31,363,623,1017,7,1024,0,1024,272,1296,79.0123
第15任總統副總統,在高雄市各投開票所,高雄市,　鳳山區,文福里,1564,48,532,733,1313,11,1324,0,1324,387,1711,77.3816
第15任總統副總統,在高雄市各投開票所,高雄市,　鳳山區,文福里,1565,46,420,743,1209,13,1222,0,1222,301,1523,80.2364
第15任總統副總統,在高雄市各投開票所,高雄市,　鳳山區,文福里,1566,24,487,664,1175,12,1187,0,1187,312,1499,79.1861
第15任總統副總統,在高雄市各投開票所,高雄市,　鳳山區,文福里,1567,35,421,679,1135,10,1145,0,1145,275,1420,80.6338
第15任總統副總統,在高雄市各投開票所,高雄市,　鳳山區,文福里,1568,33,433,587,1053,9,1062,0,1062,281,1343,79.0767
第15任總統副總統,在高雄市各投開票所,高雄市,　鳳山區,文福里,1569,47,441,714,1202,9,1211,0,1211,329,1540,78.6364
第15任總統副總統,在高雄市各投開票所,高雄市,　鳳山區,成功里,1570,17,179,360,556,2,558,0,558,163,721,77.3925
第15任總統副總統,在高雄市各投開票所,高雄市,　鳳山區,縣口里,1571,21,285,258,564,6,570,0,570,196,766,74.4125
第15任總統副總統,在高雄市各投開票所,高雄市,　鳳山區,光明里,1572,31,358,586,975,5,980,0,980,287,1267,77.3481
第15任總統副總統,在高雄市各投開票所,高雄市,　鳳山區,和德里,1573,19,222,329,570,6,576,0,576,141,717,80.3347
第15任總統副總統,在高雄市各投開票所,高雄市,　鳳山區,和德里,1574,38,362,558,958,9,967,0,967,213,1180,81.9492
第15任總統副總統,在高雄市各投開票所,高雄市,　鳳山區,和興里,1575,25,345,533,903,7,910,0,910,165,1075,84.6512
第15任總統副總統,在高雄市各投開票所,高雄市,　鳳山區,和興里,1576,33,338,535,906,11,917,0,917,210,1127,81.3665
第15任總統副總統,在高雄市各投開票所,高雄市,　鳳山區,和興里,1577,39,356,527,922,6,928,0,928,223,1151,80.6255
第15任總統副總統,在高雄市各投開票所,高雄市,　鳳山區,和興里,1578,25,317,607,949,9,958,0,958,256,1214,78.9127
第15任總統副總統,在高雄市各投開票所,高雄市,　鳳山區,南興里,1579,22,241,427,690,8,698,0,698,167,865,80.6936
第15任總統副總統,在高雄市各投開票所,高雄市,　鳳山區,三民里,1580,19,289,461,769,5,774,0,774,216,990,78.1818
第15任總統副總統,在高雄市各投開票所,高雄市,　鳳山區,新興里,1581,13,194,393,600,7,607,0,607,174,781,77.7209
第15任總統副總統,在高雄市各投開票所,高雄市,　鳳山區,新興里,1582,15,235,362,612,4,616,0,616,1088,1704,36.1502
第15任總統副總統,在高雄市各投開票所,高雄市,　鳳山區,興仁里,1583,27,336,480,843,4,847,0,847,240,1087,77.9209
第15任總統副總統,在高雄市各投開票所,高雄市,　鳳山區,興仁里,1584,24,308,519,851,17,868,0,868,233,1101,78.8374
第15任總統副總統,在高雄市各投開票所,高雄市,　鳳山區,興仁里,1585,30,338,517,885,12,897,0,897,222,1119,80.1609
第15任總統副總統,在高雄市各投開票所,高雄市,　鳳山區,興中里,1586,25,278,378,681,10,691,0,691,144,835,82.7545
第15任總統副總統,在高雄市各投開票所,高雄市,　鳳山區,協和里,1587,38,290,492,820,10,830,0,830,179,1009,82.2597
第15任總統副總統,在高雄市各投開票所,高雄市,　鳳山區,協和里,1588,35,382,375,792,10,802,0,802,198,1000,80.2000
第15任總統副總統,在高雄市各投開票所,高雄市,　鳳山區,協和里,1589,29,398,487,914,7,921,0,921,244,1165,79.0558
第15任總統副總統,在高雄市各投開票所,高雄市,　鳳山區,忠義里,1590,26,287,448,761,4,765,0,765,180,945,80.9524
第15任總統副總統,在高雄市各投開票所,高雄市,　鳳山區,忠義里,1591,18,310,410,738,6,744,0,744,210,954,77.9874
第15任總統副總統,在高雄市各投開票所,高雄市,　鳳山區,忠義里,1592,42,426,459,927,9,936,0,936,263,1199,78.0651
第15任總統副總統,在高雄市各投開票所,高雄市,　鳳山區,忠義里,1593,26,368,650,1044,10,1054,0,1054,288,1342,78.5395
第15任總統副總統,在高雄市各投開票所,高雄市,　鳳山區,忠孝里,1594,18,320,538,876,5,881,0,881,312,1193,73.8474
第15任總統副總統,在高雄市各投開票所,高雄市,　鳳山區,忠孝里,1595,26,301,435,762,3,765,0,765,203,968,79.0289
第15任總統副總統,在高雄市各投開票所,高雄市,　鳳山區,忠孝里,1596,41,331,442,814,4,818,0,818,241,1059,77.2427
第15任總統副總統,在高雄市各投開票所,高雄市,　鳳山區,忠孝里,1597,47,406,583,1036,9,1045,0,1045,238,1283,81.4497
第15任總統副總統,在高雄市各投開票所,高雄市,　鳳山區,忠孝里,1598,15,331,449,795,10,805,0,805,219,1024,78.6133
第15任總統副總統,在高雄市各投開票所,高雄市,　鳳山區,中和里,1599,43,352,521,916,7,923,0,923,194,1117,82.6321
第15任總統副總統,在高雄市各投開票所,高雄市,　鳳山區,中和里,1600,21,428,398,847,12,859,0,859,239,1098,78.2332
第15任總統副總統,在高雄市各投開票所,高雄市,　鳳山區,中和里,1601,28,356,485,869,8,877,0,877,208,1085,80.8295
第15任總統副總統,在高雄市各投開票所,高雄市,　鳳山區,誠義里,1602,63,623,811,1497,23,1520,0,1520,328,1848,82.2511
第15任總統副總統,在高雄市各投開票所,高雄市,　鳳山區,誠義里,1603,50,649,743,1442,13,1455,0,1455,277,1732,84.0069
第15任總統副總統,在高雄市各投開票所,高雄市,　鳳山區,生明里,1604,19,379,361,759,8,767,0,767,207,974,78.7474
第15任總統副總統,在高雄市各投開票所,高雄市,　鳳山區,生明里,1605,29,356,365,750,7,757,0,757,212,969,78.1218
第15任總統副總統,在高雄市各投開票所,高雄市,　鳳山區,鎮東里,1606,31,347,541,919,7,926,0,926,248,1174,78.8756
第15任總統副總統,在高雄市各投開票所,高雄市,　鳳山區,鎮東里,1607,17,350,532,899,12,911,0,911,281,1192,76.4262
第15任總統副總統,在高雄市各投開票所,高雄市,　鳳山區,瑞竹里,1608,30,376,547,953,10,963,0,963,240,1203,80.0499
第15任總統副總統,在高雄市各投開票所,高雄市,　鳳山區,瑞竹里,1609,25,342,543,910,5,915,0,915,260,1175,77.8723
第15任總統副總統,在高雄市各投開票所,高雄市,　鳳山區,瑞竹里,1610,35,458,466,959,6,965,0,965,270,1235,78.1377
第15任總統副總統,在高雄市各投開票所,高雄市,　鳳山區,瑞竹里,1611,29,376,595,1000,8,1008,0,1008,258,1266,79.6209
第15任總統副總統,在高雄市各投開票所,高雄市,　鳳山區,瑞興里,1612,36,492,623,1151,11,1162,0,1162,303,1465,79.3174
第15任總統副總統,在高雄市各投開票所,高雄市,　鳳山區,瑞興里,1613,44,554,559,1157,13,1170,0,1170,314,1484,78.8410
第15任總統副總統,在高雄市各投開票所,高雄市,　鳳山區,瑞興里,1614,45,510,757,1312,19,1331,0,1331,325,1656,80.3744
第15任總統副總統,在高雄市各投開票所,高雄市,　鳳山區,東門里,1615,29,437,641,1107,8,1115,0,1115,400,1515,73.5974
第15任總統副總統,在高雄市各投開票所,高雄市,　鳳山區,東門里,1616,33,722,203,958,14,972,0,972,239,1211,80.2642
第15任總統副總統,在高雄市各投開票所,高雄市,　鳳山區,東門里,1617,19,358,559,936,13,949,0,949,297,1246,76.1637
第15任總統副總統,在高雄市各投開票所,高雄市,　鳳山區,東門里,1618,34,344,520,898,11,909,0,909,286,1195,76.0669
第15任總統副總統,在高雄市各投開票所,高雄市,　鳳山區,誠德里,1619,38,477,428,943,3,946,0,946,218,1164,81.2715
第15任總統副總統,在高雄市各投開票所,高雄市,　鳳山區,誠德里,1620,32,440,518,990,9,999,0,999,269,1268,78.7855
第15任總統副總統,在高雄市各投開票所,高雄市,　鳳山區,誠信里,1621,18,338,351,707,3,710,0,710,218,928,76.5086
第15任總統副總統,在高雄市各投開票所,高雄市,　鳳山區,誠信里,1622,32,503,370,905,9,914,0,914,297,1211,75.4748
第15任總統副總統,在高雄市各投開票所,高雄市,　鳳山區,誠智里,1623,40,513,463,1016,13,1029,0,1029,349,1378,74.6734
第15任總統副總統,在高雄市各投開票所,高雄市,　鳳山區,誠智里,1624,33,416,479,928,6,934,0,934,282,1216,76.8092
第15任總統副總統,在高雄市各投開票所,高雄市,　鳳山區,鳳東里,1625,41,417,653,1111,13,1124,0,1124,288,1412,79.6034
第15任總統副總統,在高雄市各投開票所,高雄市,　鳳山區,鳳東里,1626,46,438,767,1251,10,1261,0,1261,299,1560,80.8333
第15任總統副總統,在高雄市各投開票所,高雄市,　鳳山區,鳳東里,1627,32,454,662,1148,12,1160,0,1160,291,1451,79.9449
第15任總統副總統,在高雄市各投開票所,高雄市,　鳳山區,鳳東里,1628,42,449,670,1161,8,1169,0,1169,277,1446,80.8437
第15任總統副總統,在高雄市各投開票所,高雄市,　鳳山區,埤頂里,1629,40,398,753,1191,7,1198,0,1198,293,1491,80.3488
第15任總統副總統,在高雄市各投開票所,高雄市,　鳳山區,埤頂里,1630,38,403,638,1079,6,1085,0,1085,288,1373,79.0240
第15任總統副總統,在高雄市各投開票所,高雄市,　鳳山區,埤頂里,1631,40,550,570,1160,8,1168,0,1168,321,1489,78.4419
第15任總統副總統,在高雄市各投開票所,高雄市,　鳳山區,埤頂里,1632,44,524,558,1126,8,1134,0,1134,324,1458,77.7778
第15任總統副總統,在高雄市各投開票所,高雄市,　鳳山區,中正里,1633,30,551,387,968,6,974,0,974,287,1261,77.2403
第15任總統副總統,在高雄市各投開票所,高雄市,　鳳山區,中正里,1634,29,883,218,1130,18,1148,0,1148,320,1468,78.2016
第15任總統副總統,在高雄市各投開票所,高雄市,　鳳山區,中正里,1635,31,815,154,1000,6,1006,0,1006,224,1230,81.7886
第15任總統副總統,在高雄市各投開票所,高雄市,　鳳山區,海光里,1636,34,475,504,1013,10,1023,0,1023,316,1339,76.4003
第15任總統副總統,在高雄市各投開票所,高雄市,　鳳山區,海光里,1637,35,545,556,1136,7,1143,0,1143,311,1454,78.6107
第15任總統副總統,在高雄市各投開票所,高雄市,　鳳山區,國泰里,1638,25,347,506,878,6,884,0,884,268,1152,76.7361
第15任總統副總統,在高雄市各投開票所,高雄市,　鳳山區,國泰里,1639,27,363,569,959,6,965,0,965,235,1200,80.4167
第15任總統副總統,在高雄市各投開票所,高雄市,　鳳山區,國泰里,1640,32,346,603,981,9,990,0,990,290,1280,77.3438
第15任總統副總統,在高雄市各投開票所,高雄市,　鳳山區,國光里,1641,15,301,515,831,15,846,0,846,212,1058,79.9622
第15任總統副總統,在高雄市各投開票所,高雄市,　鳳山區,國光里,1642,35,309,530,874,8,882,0,882,241,1123,78.5396
第15任總統副總統,在高雄市各投開票所,高雄市,　鳳山區,國光里,1643,22,349,459,830,4,834,0,834,237,1071,77.8711
第15任總統副總統,在高雄市各投開票所,高雄市,　鳳山區,國隆里,1644,23,260,605,888,10,898,0,898,276,1174,76.4906
第15任總統副總統,在高雄市各投開票所,高雄市,　鳳山區,國隆里,1645,19,312,605,936,3,939,0,939,289,1228,76.4658
第15任總統副總統,在高雄市各投開票所,高雄市,　鳳山區,國富里,1646,40,379,637,1056,10,1066,0,1066,252,1318,80.8801
第15任總統副總統,在高雄市各投開票所,高雄市,　鳳山區,國富里,1647,40,380,548,968,10,978,0,978,191,1169,83.6612
第15任總統副總統,在高雄市各投開票所,高雄市,　鳳山區,武慶里,1648,24,265,567,856,9,865,0,865,214,1079,80.1668
第15任總統副總統,在高雄市各投開票所,高雄市,　鳳山區,武慶里,1649,25,309,590,924,11,935,0,935,242,1177,79.4393
第15任總統副總統,在高雄市各投開票所,高雄市,　鳳山區,武漢里,1650,21,200,470,691,7,698,0,698,212,910,76.7033
第15任總統副總統,在高雄市各投開票所,高雄市,　鳳山區,武漢里,1651,37,298,542,877,3,880,0,880,279,1159,75.9275
第15任總統副總統,在高雄市各投開票所,高雄市,　鳳山區,武漢里,1652,35,311,573,919,6,925,0,925,223,1148,80.5749
第15任總統副總統,在高雄市各投開票所,高雄市,　鳳山區,武漢里,1653,38,339,685,1062,5,1067,0,1067,282,1349,79.0956
第15任總統副總統,在高雄市各投開票所,高雄市,　鳳山區,新甲里,1654,32,342,740,1114,13,1127,1,1128,303,1431,78.7561
第15任總統副總統,在高雄市各投開票所,高雄市,　鳳山區,新甲里,1655,28,311,669,1008,10,1018,0,1018,292,1310,77.7099
第15任總統副總統,在高雄市各投開票所,高雄市,　鳳山區,新武里,1656,43,281,622,946,8,954,0,954,209,1163,82.0292
第15任總統副總統,在高雄市各投開票所,高雄市,　鳳山區,新武里,1657,29,232,535,796,9,805,0,805,255,1060,75.9434
第15任總統副總統,在高雄市各投開票所,高雄市,　鳳山區,新泰里,1658,36,335,734,1105,10,1115,0,1115,268,1383,80.6218
第15任總統副總統,在高雄市各投開票所,高雄市,　鳳山區,新泰里,1659,47,345,624,1016,8,1024,0,1024,313,1337,76.5894
第15任總統副總統,在高雄市各投開票所,高雄市,　鳳山區,新泰里,1660,32,313,586,931,8,939,0,939,248,1187,79.1070
第15任總統副總統,在高雄市各投開票所,高雄市,　鳳山區,新樂里,1661,39,381,660,1080,15,1095,0,1095,277,1372,79.8105
第15任總統副總統,在高雄市各投開票所,高雄市,　鳳山區,新樂里,1662,39,343,698,1080,8,1088,0,1088,273,1361,79.9412
第15任總統副總統,在高雄市各投開票所,高雄市,　鳳山區,新樂里,1663,37,421,749,1207,13,1220,0,1220,286,1506,81.0093
第15任總統副總統,在高雄市各投開票所,高雄市,　鳳山區,新強里,1664,36,325,703,1064,10,1074,0,1074,277,1351,79.4967
第15任總統副總統,在高雄市各投開票所,高雄市,　鳳山區,新強里,1665,42,285,603,930,8,938,0,938,260,1198,78.2972
第15任總統副總統,在高雄市各投開票所,高雄市,　鳳山區,新強里,1666,36,374,687,1097,10,1107,0,1107,267,1374,80.5677
第15任總統副總統,在高雄市各投開票所,高雄市,　鳳山區,新強里,1667,42,401,519,962,4,966,0,966,228,1194,80.9045
第15任總統副總統,在高雄市各投開票所,高雄市,　鳳山區,海洋里,1668,26,223,589,838,7,845,0,845,209,1054,80.1708
第15任總統副總統,在高雄市各投開票所,高雄市,　鳳山區,海洋里,1669,30,299,584,913,5,918,0,918,232,1150,79.8261
第15任總統副總統,在高雄市各投開票所,高雄市,　鳳山區,海洋里,1670,43,452,692,1187,11,1198,0,1198,240,1438,83.3102
第15任總統副總統,在高雄市各投開票所,高雄市,　鳳山區,新富里,1671,36,265,614,915,6,921,0,921,229,1150,80.0870
第15任總統副總統,在高雄市各投開票所,高雄市,　鳳山區,新富里,1672,29,293,682,1004,7,1011,0,1011,286,1297,77.9491
第15任總統副總統,在高雄市各投開票所,高雄市,　鳳山區,新富里,1673,35,393,646,1074,11,1085,0,1085,344,1429,75.9272
第15任總統副總統,在高雄市各投開票所,高雄市,　鳳山區,老爺里,1674,30,299,656,985,8,993,0,993,289,1282,77.4571
第15任總統副總統,在高雄市各投開票所,高雄市,　鳳山區,老爺里,1675,36,369,817,1222,13,1235,1,1236,323,1559,79.2174
第15任總統副總統,在高雄市各投開票所,高雄市,　鳳山區,老爺里,1676,37,364,830,1231,10,1241,0,1241,323,1564,79.3478
第15任總統副總統,在高雄市各投開票所,高雄市,　鳳山區,老爺里,1677,30,246,572,848,10,858,0,858,277,1135,75.5947
第15任總統副總統,在高雄市各投開票所,高雄市,　鳳山區,老爺里,1678,23,215,563,801,9,810,0,810,234,1044,77.5862
第15任總統副總統,在高雄市各投開票所,高雄市,　鳳山區,中民里,1679,28,300,720,1048,13,1061,0,1061,345,1406,75.4623
第15任總統副總統,在高雄市各投開票所,高雄市,　鳳山區,中民里,1680,26,330,714,1070,10,1080,0,1080,371,1451,74.4314
第15任總統副總統,在高雄市各投開票所,高雄市,　鳳山區,中民里,1681,45,395,744,1184,16,1200,0,1200,305,1505,79.7342
第15任總統副總統,在高雄市各投開票所,高雄市,　鳳山區,中崙里,1682,19,378,560,957,5,962,0,962,282,1244,77.3312
第15任總統副總統,在高雄市各投開票所,高雄市,　鳳山區,中崙里,1683,33,351,578,962,10,972,0,972,297,1269,76.5957
第15任總統副總統,在高雄市各投開票所,高雄市,　鳳山區,中榮里,1684,31,282,486,799,4,803,0,803,230,1033,77.7348
第15任總統副總統,在高雄市各投開票所,高雄市,　鳳山區,中榮里,1685,37,266,511,814,8,822,0,822,221,1043,78.8111
第15任總統副總統,在高雄市各投開票所,高雄市,　鳳山區,中榮里,1686,31,306,446,783,9,792,0,792,229,1021,77.5710
第15任總統副總統,在高雄市各投開票所,高雄市,　鳳山區,中榮里,1687,33,307,602,942,4,946,0,946,278,1224,77.2876
第15任總統副總統,在高雄市各投開票所,高雄市,　鳳山區,過埤里,1688,34,412,736,1182,17,1199,0,1199,421,1620,74.0123
第15任總統副總統,在高雄市各投開票所,高雄市,　鳳山區,過埤里,1689,42,429,778,1249,13,1262,0,1262,343,1605,78.6293
第15任總統副總統,在高雄市各投開票所,高雄市,　鳳山區,過埤里,1690,34,413,753,1200,4,1204,0,1204,387,1591,75.6757
第15任總統副總統,在高雄市各投開票所,高雄市,　鳳山區,過埤里,1691,42,356,844,1242,8,1250,0,1250,365,1615,77.3994
第15任總統副總統,在高雄市各投開票所,高雄市,　鳳山區,過埤里,1692,35,478,716,1229,16,1245,0,1245,389,1634,76.1934
第15任總統副總統,在高雄市各投開票所,高雄市,　鳳山區,過埤里,1693,43,467,771,1281,9,1290,0,1290,320,1610,80.1242
第15任總統副總統,在高雄市各投開票所,高雄市,　鳳山區,過埤里,1694,37,488,752,1277,10,1287,0,1287,329,1616,79.6411
第15任總統副總統,在高雄市各投開票所,高雄市,　鳳山區,過埤里,1695,34,359,866,1259,13,1272,0,1272,403,1675,75.9403
第15任總統副總統,在高雄市各投開票所,高雄市,　鳳山區,正義里,1696,27,341,660,1028,7,1035,0,1035,316,1351,76.6099
第15任總統副總統,在高雄市各投開票所,高雄市,　鳳山區,正義里,1697,15,205,620,840,7,847,0,847,213,1060,79.9057
第15任總統副總統,在高雄市各投開票所,高雄市,　鳳山區,正義里,1698,19,262,679,960,13,973,0,973,225,1198,81.2187
第15任總統副總統,在高雄市各投開票所,高雄市,　鳳山區,正義里,1699,33,272,629,934,12,946,0,946,255,1201,78.7677
第15任總統副總統,在高雄市各投開票所,高雄市,　鳳山區,正義里,1700,22,273,653,948,6,954,0,954,235,1189,80.2355
第15任總統副總統,在高雄市各投開票所,高雄市,　鳳山區,保安里,1701,42,391,743,1176,19,1195,0,1195,266,1461,81.7933
第15任總統副總統,在高雄市各投開票所,高雄市,　鳳山區,保安里,1702,36,375,827,1238,7,1245,0,1245,262,1507,82.6145
第15任總統副總統,在高雄市各投開票所,高雄市,　鳳山區,保安里,1703,37,349,790,1176,11,1187,0,1187,298,1485,79.9327
第15任總統副總統,在高雄市各投開票所,高雄市,　鳳山區,保安里,1704,46,397,764,1207,9,1216,0,1216,314,1530,79.4771
第15任總統副總統,在高雄市各投開票所,高雄市,　鳳山區,一甲里,1705,13,227,527,767,5,772,0,772,252,1024,75.3906
第15任總統副總統,在高雄市各投開票所,高雄市,　鳳山區,一甲里,1706,14,242,621,877,9,886,0,886,260,1146,77.3124
第15任總統副總統,在高雄市各投開票所,高雄市,　鳳山區,一甲里,1707,21,238,527,786,8,794,0,794,261,1055,75.2607
第15任總統副總統,在高雄市各投開票所,高雄市,　鳳山區,二甲里,1708,32,280,701,1013,12,1025,0,1025,305,1330,77.0677
第15任總統副總統,在高雄市各投開票所,高雄市,　鳳山區,二甲里,1709,33,410,758,1201,9,1210,0,1210,305,1515,79.8680
第15任總統副總統,在高雄市各投開票所,高雄市,　鳳山區,二甲里,1710,44,350,786,1180,15,1195,0,1195,298,1493,80.0402
第15任總統副總統,在高雄市各投開票所,高雄市,　鳳山區,龍成里,1711,50,290,716,1056,7,1063,0,1063,276,1339,79.3876
第15任總統副總統,在高雄市各投開票所,高雄市,　鳳山區,龍成里,1712,25,278,751,1054,9,1063,0,1063,319,1382,76.9175
第15任總統副總統,在高雄市各投開票所,高雄市,　鳳山區,鎮南里,1713,20,260,515,795,1,796,0,796,230,1026,77.5828
第15任總統副總統,在高雄市各投開票所,高雄市,　鳳山區,鎮南里,1714,23,278,478,779,7,786,0,786,206,992,79.2339
第15任總統副總統,在高雄市各投開票所,高雄市,　鳳山區,鎮南里,1715,45,340,744,1129,29,1158,0,1158,340,1498,77.3031
第15任總統副總統,在高雄市各投開票所,高雄市,　鳳山區,鎮南里,1716,32,234,616,882,5,887,0,887,228,1115,79.5516
第15任總統副總統,在高雄市各投開票所,高雄市,　鳳山區,富甲里,1717,22,169,334,525,4,529,0,529,753,1282,41.2637
第15任總統副總統,在高雄市各投開票所,高雄市,　鳳山區,富甲里,1718,31,275,627,933,6,939,0,939,284,1223,76.7784
第15任總統副總統,在高雄市各投開票所,高雄市,　鳳山區,善美里,1719,21,276,608,905,4,909,0,909,230,1139,79.8068
第15任總統副總統,在高雄市各投開票所,高雄市,　鳳山區,善美里,1720,26,258,636,920,11,931,0,931,243,1174,79.3015
第15任總統副總統,在高雄市各投開票所,高雄市,　鳳山區,善美里,1721,32,371,764,1167,8,1175,0,1175,300,1475,79.6610
第15任總統副總統,在高雄市各投開票所,高雄市,　鳳山區,善美里,1722,32,353,649,1034,7,1041,0,1041,405,1446,71.9917
第15任總統副總統,在高雄市各投開票所,高雄市,　鳳山區,富榮里,1723,20,266,567,853,13,866,0,866,237,1103,78.5131
第15任總統副總統,在高雄市各投開票所,高雄市,　鳳山區,富榮里,1724,48,311,604,963,13,976,0,976,294,1270,76.8504
第15任總統副總統,在高雄市各投開票所,高雄市,　鳳山區,南和里,1725,29,317,736,1082,8,1090,0,1090,297,1387,78.5869
第15任總統副總統,在高雄市各投開票所,高雄市,　鳳山區,南和里,1726,27,287,619,933,9,942,0,942,272,1214,77.5947
第15任總統副總統,在高雄市各投開票所,高雄市,　鳳山區,南成里,1727,25,324,657,1006,5,1011,0,1011,223,1234,81.9287
第15任總統副總統,在高雄市各投開票所,高雄市,　鳳山區,南成里,1728,27,265,698,990,12,1002,0,1002,269,1271,78.8356
第15任總統副總統,在高雄市各投開票所,高雄市,　鳳山區,南成里,1729,29,346,771,1146,10,1156,0,1156,285,1441,80.2221
第15任總統副總統,在高雄市各投開票所,高雄市,　鳳山區,南成里,1730,19,250,546,815,7,822,0,822,223,1045,78.6603
第15任總統副總統,在高雄市各投開票所,高雄市,　鳳山區,南成里,1731,24,283,757,1064,8,1072,0,1072,274,1346,79.6434
第15任總統副總統,在高雄市各投開票所,高雄市,　鳳山區,南成里,1732,32,274,679,985,9,994,0,994,230,1224,81.2092
第15任總統副總統,在高雄市各投開票所,高雄市,　鳳山區,天興里,1733,27,227,588,842,12,854,0,854,250,1104,77.3551
第15任總統副總統,在高雄市各投開票所,高雄市,　鳳山區,天興里,1734,16,278,568,862,8,870,0,870,271,1141,76.2489
第15任總統副總統,在高雄市各投開票所,高雄市,　鳳山區,天興里,1735,24,269,601,894,9,903,0,903,230,1133,79.6999
第15任總統副總統,在高雄市各投開票所,高雄市,　鳳山區,大德里,1736,29,340,705,1074,8,1082,0,1082,299,1381,78.3490
第15任總統副總統,在高雄市各投開票所,高雄市,　鳳山區,大德里,1737,25,277,720,1022,12,1034,0,1034,317,1351,76.5359
第15任總統副總統,在高雄市各投開票所,高雄市,　鳳山區,大德里,1738,41,334,758,1133,12,1145,0,1145,295,1440,79.5139
第15任總統副總統,在高雄市各投開票所,高雄市,　鳳山區,五福里,1739,29,227,528,784,9,793,0,793,197,990,80.1010
第15任總統副總統,在高雄市各投開票所,高雄市,　鳳山區,五福里,1740,28,209,528,765,13,778,0,778,188,966,80.5383
第15任總統副總統,在高雄市各投開票所,高雄市,　鳳山區,五福里,1741,17,276,450,743,11,754,0,754,208,962,78.3784
第15任總統副總統,在高雄市各投開票所,高雄市,　鳳山區,福興里,1742,29,281,548,858,10,868,0,868,280,1148,75.6098
第15任總統副總統,在高雄市各投開票所,高雄市,　鳳山區,福興里,1743,13,268,566,847,11,858,0,858,229,1087,78.9328
第15任總統副總統,在高雄市各投開票所,高雄市,　鳳山區,福興里,1744,22,242,654,918,12,930,0,930,280,1210,76.8595
第15任總統副總統,在高雄市各投開票所,高雄市,　鳳山區,福興里,1745,33,249,639,921,9,930,0,930,282,1212,76.7327
第15任總統副總統,在高雄市各投開票所,高雄市,　鳳山區,福興里,1746,22,248,526,796,7,803,0,803,259,1062,75.6121
第15任總統副總統,在高雄市各投開票所,高雄市,　鳳山區,福祥里,1747,21,253,733,1007,10,1017,0,1017,273,1290,78.8372
第15任總統副總統,在高雄市各投開票所,高雄市,　鳳山區,福祥里,1748,32,300,638,970,7,977,0,977,287,1264,77.2943
第15任總統副總統,在高雄市各投開票所,高雄市,　鳳山區,福誠里,1749,31,372,748,1151,7,1158,0,1158,250,1408,82.2443
第15任總統副總統,在高雄市各投開票所,高雄市,　鳳山區,福誠里,1750,41,403,726,1170,15,1185,0,1185,322,1507,78.6330
第15任總統副總統,在高雄市各投開票所,高雄市,　鳳山區,福誠里,1751,21,302,777,1100,10,1110,0,1110,289,1399,79.3424
第15任總統副總統,在高雄市各投開票所,高雄市,　林園區,東林里,0933,17,298,629,944,9,953,0,953,252,1205,79.0871
第15任總統副總統,在高雄市各投開票所,高雄市,　林園區,東林里,0934,42,310,757,1109,14,1123,0,1123,380,1503,74.7172
第15任總統副總統,在高雄市各投開票所,高雄市,　林園區,林園里,0935,15,265,517,797,10,807,0,807,222,1029,78.4257
第15任總統副總統,在高雄市各投開票所,高雄市,　林園區,林園里,0936,15,220,469,704,9,713,0,713,208,921,77.4159
第15任總統副總統,在高雄市各投開票所,高雄市,　林園區,林園里,0937,27,230,531,788,11,799,0,799,198,997,80.1404
第15任總統副總統,在高雄市各投開票所,高雄市,　林園區,溪州里,0938,33,258,677,968,17,985,0,985,344,1329,74.1159
第15任總統副總統,在高雄市各投開票所,高雄市,　林園區,溪州里,0939,14,295,633,942,7,949,0,949,293,1242,76.4090
第15任總統副總統,在高雄市各投開票所,高雄市,　林園區,溪州里,0940,34,257,659,950,20,970,0,970,303,1273,76.1980
第15任總統副總統,在高雄市各投開票所,高雄市,　林園區,潭頭里,0941,48,344,727,1119,7,1126,0,1126,395,1521,74.0302
第15任總統副總統,在高雄市各投開票所,高雄市,　林園區,潭頭里,0942,25,302,533,860,14,874,0,874,298,1172,74.5734
第15任總統副總統,在高雄市各投開票所,高雄市,　林園區,中厝里,0943,32,342,757,1131,17,1148,0,1148,315,1463,78.4689
第15任總統副總統,在高雄市各投開票所,高雄市,　林園區,中厝里,0944,31,402,588,1021,18,1039,0,1039,353,1392,74.6408
第15任總統副總統,在高雄市各投開票所,高雄市,　林園區,中門里,0945,31,370,795,1196,11,1207,0,1207,366,1573,76.7324
第15任總統副總統,在高雄市各投開票所,高雄市,　林園區,中門里,0946,18,180,446,644,11,655,0,655,214,869,75.3740
第15任總統副總統,在高雄市各投開票所,高雄市,　林園區,頂厝里,0947,15,233,553,801,2,803,0,803,293,1096,73.2664
第15任總統副總統,在高雄市各投開票所,高雄市,　林園區,頂厝里,0948,31,258,688,977,10,987,0,987,351,1338,73.7668
第15任總統副總統,在高雄市各投開票所,高雄市,　林園區,頂厝里,0949,22,173,493,688,6,694,0,694,186,880,78.8636
第15任總統副總統,在高雄市各投開票所,高雄市,　林園區,頂厝里,0950,23,236,583,842,7,849,0,849,214,1063,79.8683
第15任總統副總統,在高雄市各投開票所,高雄市,　林園區,港埔里,0951,11,159,520,690,4,694,0,694,228,922,75.2711
第15任總統副總統,在高雄市各投開票所,高雄市,　林園區,港埔里,0952,20,167,458,645,10,655,0,655,191,846,77.4232
第15任總統副總統,在高雄市各投開票所,高雄市,　林園區,西溪里,0953,24,201,582,807,2,809,0,809,254,1063,76.1054
第15任總統副總統,在高雄市各投開票所,高雄市,　林園區,西溪里,0954,24,184,587,795,6,801,0,801,234,1035,77.3913
第15任總統副總統,在高雄市各投開票所,高雄市,　林園區,西溪里,0955,34,232,696,962,6,968,0,968,289,1257,77.0088
第15任總統副總統,在高雄市各投開票所,高雄市,　林園區,港嘴里,0956,34,279,946,1259,11,1270,0,1270,361,1631,77.8663
第15任總統副總統,在高雄市各投開票所,高雄市,　林園區,北汕里,0957,8,217,207,432,6,438,0,438,157,595,73.6134
第15任總統副總統,在高雄市各投開票所,高雄市,　林園區,北汕里,0958,17,174,498,689,10,699,0,699,276,975,71.6923
第15任總統副總統,在高雄市各投開票所,高雄市,　林園區,林內里,0959,28,263,485,776,4,780,0,780,231,1011,77.1513
第15任總統副總統,在高雄市各投開票所,高雄市,　林園區,林內里,0960,24,299,326,649,7,656,0,656,242,898,73.0512
第15任總統副總統,在高雄市各投開票所,高雄市,　林園區,王公里,0961,29,324,718,1071,9,1080,0,1080,445,1525,70.8197
第15任總統副總統,在高雄市各投開票所,高雄市,　林園區,王公里,0962,33,279,682,994,7,1001,0,1001,247,1248,80.2083
第15任總統副總統,在高雄市各投開票所,高雄市,　林園區,王公里,0963,26,261,611,898,22,920,0,920,225,1145,80.3493
第15任總統副總統,在高雄市各投開票所,高雄市,　林園區,林家里,0964,31,255,648,934,15,949,0,949,306,1255,75.6175
第15任總統副總統,在高雄市各投開票所,高雄市,　林園區,龔厝里,0965,28,233,528,789,6,795,0,795,230,1025,77.5610
第15任總統副總統,在高雄市各投開票所,高雄市,　林園區,龔厝里,0966,17,175,477,669,1,670,0,670,179,849,78.9164
第15任總統副總統,在高雄市各投開票所,高雄市,　林園區,鳳芸里,0967,12,120,516,648,5,653,0,653,170,823,79.3439
第15任總統副總統,在高雄市各投開票所,高雄市,　林園區,鳳芸里,0968,14,184,523,721,2,723,0,723,193,916,78.9301
第15任總統副總統,在高雄市各投開票所,高雄市,　林園區,中芸里,0969,20,157,549,726,6,732,0,732,256,988,74.0891
第15任總統副總統,在高雄市各投開票所,高雄市,　林園區,中芸里,0970,25,138,451,614,5,619,0,619,142,761,81.3403
第15任總統副總統,在高雄市各投開票所,高雄市,　林園區,東汕里,0971,20,167,436,623,4,627,0,627,251,878,71.4123
第15任總統副總統,在高雄市各投開票所,高雄市,　林園區,西汕里,0972,13,116,391,520,3,523,0,523,208,731,71.5458
第15任總統副總統,在高雄市各投開票所,高雄市,　林園區,仁愛里,0973,35,307,823,1165,9,1174,0,1174,278,1452,80.8540
第15任總統副總統,在高雄市各投開票所,高雄市,　林園區,仁愛里,0974,36,299,739,1074,19,1093,0,1093,329,1422,76.8636
第15任總統副總統,在高雄市各投開票所,高雄市,　林園區,文賢里,0975,33,344,630,1007,9,1016,0,1016,287,1303,77.9739
第15任總統副總統,在高雄市各投開票所,高雄市,　林園區,文賢里,0976,27,217,525,769,11,780,0,780,234,1014,76.9231
第15任總統副總統,在高雄市各投開票所,高雄市,　林園區,廣應里,0977,28,239,643,910,8,918,0,918,260,1178,77.9287
第15任總統副總統,在高雄市各投開票所,高雄市,　林園區,廣應里,0978,30,231,582,843,9,852,0,852,251,1103,77.2439
第15任總統副總統,在高雄市各投開票所,高雄市,　林園區,廣應里,0979,27,219,543,789,9,798,0,798,226,1024,77.9297
第15任總統副總統,在高雄市各投開票所,高雄市,　林園區,五福里,0980,23,261,667,951,16,967,0,967,354,1321,73.2021
第15任總統副總統,在高雄市各投開票所,高雄市,　林園區,五福里,0981,20,238,598,856,5,861,0,861,325,1186,72.5970
第15任總統副總統,在高雄市各投開票所,高雄市,　林園區,中汕里,0982,17,145,662,824,13,837,0,837,277,1114,75.1346
第15任總統副總統,在高雄市各投開票所,高雄市,　林園區,中汕里,0983,18,190,600,808,13,821,0,821,320,1141,71.9544
第15任總統副總統,在高雄市各投開票所,高雄市,　大寮區,拷潭里,0848,10,120,404,534,10,544,0,544,152,696,78.1609
第15任總統副總統,在高雄市各投開票所,高雄市,　大寮區,拷潭里,0849,13,123,389,525,7,532,0,532,159,691,76.9899
第15任總統副總統,在高雄市各投開票所,高雄市,　大寮區,內坑里,0850,31,306,629,966,8,974,0,974,326,1300,74.9231
第15任總統副總統,在高雄市各投開票所,高雄市,　大寮區,內坑里,0851,9,205,399,613,13,626,0,626,229,855,73.2164
第15任總統副總統,在高雄市各投開票所,高雄市,　大寮區,內坑里,0852,12,153,369,534,3,537,0,537,166,703,76.3869
第15任總統副總統,在高雄市各投開票所,高雄市,　大寮區,內坑里,0853,10,99,197,306,3,309,0,309,116,425,72.7059
第15任總統副總統,在高雄市各投開票所,高雄市,　大寮區,內坑里,0854,25,314,531,870,4,874,0,874,287,1161,75.2799
第15任總統副總統,在高雄市各投開票所,高雄市,　大寮區,內坑里,0855,29,242,359,630,7,637,0,637,543,1180,53.9831
第15任總統副總統,在高雄市各投開票所,高雄市,　大寮區,大寮里,0856,23,234,653,910,13,923,0,923,316,1239,74.4956
第15任總統副總統,在高雄市各投開票所,高雄市,　大寮區,大寮里,0857,32,331,633,996,10,1006,0,1006,366,1372,73.3236
第15任總統副總統,在高雄市各投開票所,高雄市,　大寮區,大寮里,0858,39,279,710,1028,15,1043,0,1043,344,1387,75.1983
第15任總統副總統,在高雄市各投開票所,高雄市,　大寮區,大寮里,0859,34,228,709,971,6,977,0,977,369,1346,72.5854
第15任總統副總統,在高雄市各投開票所,高雄市,　大寮區,大寮里,0860,34,241,595,870,11,881,0,881,289,1170,75.2991
第15任總統副總統,在高雄市各投開票所,高雄市,　大寮區,上寮里,0861,28,197,684,909,10,919,0,919,237,1156,79.4983
第15任總統副總統,在高雄市各投開票所,高雄市,　大寮區,上寮里,0862,27,184,697,908,8,916,0,916,257,1173,78.0904
第15任總統副總統,在高雄市各投開票所,高雄市,　大寮區,三隆里,0863,35,279,723,1037,9,1046,0,1046,267,1313,79.6649
第15任總統副總統,在高雄市各投開票所,高雄市,　大寮區,三隆里,0864,23,254,553,830,11,841,0,841,270,1111,75.6976
第15任總統副總統,在高雄市各投開票所,高雄市,　大寮區,三隆里,0865,36,246,502,784,4,788,0,788,233,1021,77.1792
第15任總統副總統,在高雄市各投開票所,高雄市,　大寮區,三隆里,0866,21,194,542,757,7,764,0,764,274,1038,73.6031
第15任總統副總統,在高雄市各投開票所,高雄市,　大寮區,琉球里,0867,33,239,722,994,10,1004,0,1004,272,1276,78.6834
第15任總統副總統,在高雄市各投開票所,高雄市,　大寮區,琉球里,0868,28,327,873,1228,14,1242,0,1242,301,1543,80.4925
第15任總統副總統,在高雄市各投開票所,高雄市,　大寮區,琉球里,0869,31,283,836,1150,10,1160,0,1160,311,1471,78.8579
第15任總統副總統,在高雄市各投開票所,高雄市,　大寮區,翁園里,0870,32,203,715,950,6,956,0,956,228,1184,80.7432
第15任總統副總統,在高雄市各投開票所,高雄市,　大寮區,翁園里,0871,28,197,739,964,10,974,0,974,252,1226,79.4454
第15任總統副總統,在高雄市各投開票所,高雄市,　大寮區,翁園里,0872,35,238,782,1055,12,1067,0,1067,266,1333,80.0450
第15任總統副總統,在高雄市各投開票所,高雄市,　大寮區,前庄里,0873,26,397,576,999,9,1008,0,1008,263,1271,79.3076
第15任總統副總統,在高雄市各投開票所,高雄市,　大寮區,前庄里,0874,21,234,551,806,5,811,0,811,192,1003,80.8574
第15任總統副總統,在高雄市各投開票所,高雄市,　大寮區,中庄里,0875,30,299,688,1017,8,1025,0,1025,299,1324,77.4169
第15任總統副總統,在高雄市各投開票所,高雄市,　大寮區,中庄里,0876,25,299,597,921,9,930,0,930,325,1255,74.1036
第15任總統副總統,在高雄市各投開票所,高雄市,　大寮區,中庄里,0877,29,317,706,1052,8,1060,0,1060,289,1349,78.5767
第15任總統副總統,在高雄市各投開票所,高雄市,　大寮區,中庄里,0878,30,307,624,961,11,972,0,972,287,1259,77.2041
第15任總統副總統,在高雄市各投開票所,高雄市,　大寮區,中庄里,0879,39,314,617,970,14,984,0,984,291,1275,77.1765
第15任總統副總統,在高雄市各投開票所,高雄市,　大寮區,中庄里,0880,31,288,661,980,10,990,0,990,313,1303,75.9785
第15任總統副總統,在高雄市各投開票所,高雄市,　大寮區,中庄里,0881,29,385,646,1060,11,1071,0,1071,334,1405,76.2278
第15任總統副總統,在高雄市各投開票所,高雄市,　大寮區,中庄里,0882,28,299,631,958,11,969,0,969,283,1252,77.3962
第15任總統副總統,在高雄市各投開票所,高雄市,　大寮區,後庄里,0883,18,222,428,668,4,672,0,672,215,887,75.7610
第15任總統副總統,在高雄市各投開票所,高雄市,　大寮區,後庄里,0884,31,279,619,929,13,942,0,942,230,1172,80.3754
第15任總統副總統,在高雄市各投開票所,高雄市,　大寮區,後庄里,0885,24,295,504,823,8,831,0,831,242,1073,77.4464
第15任總統副總統,在高雄市各投開票所,高雄市,　大寮區,後庄里,0886,41,442,744,1227,3,1230,0,1230,380,1610,76.3975
第15任總統副總統,在高雄市各投開票所,高雄市,　大寮區,後庄里,0887,30,349,662,1041,10,1051,0,1051,280,1331,78.9632
第15任總統副總統,在高雄市各投開票所,高雄市,　大寮區,後庄里,0888,47,341,667,1055,9,1064,0,1064,318,1382,76.9899
第15任總統副總統,在高雄市各投開票所,高雄市,　大寮區,義仁里,0889,20,208,543,771,9,780,0,780,226,1006,77.5348
第15任總統副總統,在高雄市各投開票所,高雄市,　大寮區,義仁里,0890,14,163,398,575,1,576,0,576,186,762,75.5906
第15任總統副總統,在高雄市各投開票所,高雄市,　大寮區,新厝里,0891,10,194,458,662,7,669,0,669,205,874,76.5446
第15任總統副總統,在高雄市各投開票所,高雄市,　大寮區,新厝里,0892,21,105,425,551,4,555,0,555,147,702,79.0598
第15任總統副總統,在高雄市各投開票所,高雄市,　大寮區,過溪里,0893,22,256,580,858,13,871,0,871,252,1123,77.5601
第15任總統副總統,在高雄市各投開票所,高雄市,　大寮區,過溪里,0894,23,266,667,956,15,971,0,971,306,1277,76.0376
第15任總統副總統,在高雄市各投開票所,高雄市,　大寮區,潮寮里,0895,23,199,556,778,4,782,0,782,192,974,80.2875
第15任總統副總統,在高雄市各投開票所,高雄市,　大寮區,潮寮里,0896,17,149,535,701,7,708,0,708,203,911,77.7168
第15任總統副總統,在高雄市各投開票所,高雄市,　大寮區,潮寮里,0897,20,186,548,754,18,772,0,772,211,983,78.5351
第15任總統副總統,在高雄市各投開票所,高雄市,　大寮區,會結里,0898,16,168,421,605,7,612,0,612,225,837,73.1183
第15任總統副總統,在高雄市各投開票所,高雄市,　大寮區,會結里,0899,13,147,322,482,2,484,0,484,200,684,70.7602
第15任總統副總統,在高雄市各投開票所,高雄市,　大寮區,會社里,0900,22,275,534,831,9,840,0,840,261,1101,76.2943
第15任總統副總統,在高雄市各投開票所,高雄市,　大寮區,會社里,0901,32,325,576,933,10,943,0,943,279,1222,77.1686
第15任總統副總統,在高雄市各投開票所,高雄市,　大寮區,會社里,0902,22,240,364,626,6,632,0,632,661,1293,48.8786
第15任總統副總統,在高雄市各投開票所,高雄市,　大寮區,會社里,0903,31,372,561,964,8,972,0,972,331,1303,74.5971
第15任總統副總統,在高雄市各投開票所,高雄市,　大寮區,會社里,0904,27,290,513,830,13,843,0,843,235,1078,78.2004
第15任總統副總統,在高雄市各投開票所,高雄市,　大寮區,山頂里,0905,20,279,583,882,8,890,0,890,275,1165,76.3948
第15任總統副總統,在高雄市各投開票所,高雄市,　大寮區,山頂里,0906,27,335,523,885,7,892,0,892,275,1167,76.4353
第15任總統副總統,在高雄市各投開票所,高雄市,　大寮區,山頂里,0907,22,430,460,912,13,925,0,925,237,1162,79.6041
第15任總統副總統,在高雄市各投開票所,高雄市,　大寮區,山頂里,0908,41,436,505,982,13,995,0,995,250,1245,79.9197
第15任總統副總統,在高雄市各投開票所,高雄市,　大寮區,山頂里,0909,29,402,557,988,10,998,0,998,378,1376,72.5291
第15任總統副總統,在高雄市各投開票所,高雄市,　大寮區,山頂里,0910,25,426,440,891,6,897,0,897,242,1139,78.7533
第15任總統副總統,在高雄市各投開票所,高雄市,　大寮區,忠義里,0911,11,221,160,392,5,397,0,397,135,532,74.6241
第15任總統副總統,在高雄市各投開票所,高雄市,　大寮區,永芳里,0912,24,277,496,797,9,806,0,806,280,1086,74.2173
第15任總統副總統,在高雄市各投開票所,高雄市,　大寮區,永芳里,0913,36,337,537,910,8,918,0,918,259,1177,77.9949
第15任總統副總統,在高雄市各投開票所,高雄市,　大寮區,永芳里,0914,14,297,499,810,9,819,0,819,211,1030,79.5146
第15任總統副總統,在高雄市各投開票所,高雄市,　大寮區,永芳里,0915,34,243,645,922,7,929,0,929,266,1195,77.7406
第15任總統副總統,在高雄市各投開票所,高雄市,　大寮區,永芳里,0916,33,224,568,825,4,829,0,829,229,1058,78.3554
第15任總統副總統,在高雄市各投開票所,高雄市,　大寮區,永芳里,0917,28,230,569,827,8,835,0,835,240,1075,77.6744
第15任總統副總統,在高雄市各投開票所,高雄市,　大寮區,義和里,0918,20,176,565,761,6,767,0,767,191,958,80.0626
第15任總統副總統,在高雄市各投開票所,高雄市,　大寮區,義和里,0919,27,269,632,928,14,942,0,942,247,1189,79.2262
第15任總統副總統,在高雄市各投開票所,高雄市,　大寮區,溪寮里,0920,17,122,389,528,9,537,0,537,140,677,79.3205
第15任總統副總統,在高雄市各投開票所,高雄市,　大寮區,溪寮里,0921,16,204,428,648,9,657,0,657,151,808,81.3119
第15任總統副總統,在高雄市各投開票所,高雄市,　大寮區,江山里,0922,25,209,500,734,6,740,0,740,169,909,81.4081
第15任總統副總統,在高雄市各投開票所,高雄市,　大寮區,江山里,0923,19,198,500,717,7,724,0,724,147,871,83.1228
第15任總統副總統,在高雄市各投開票所,高雄市,　大寮區,昭明里,0924,22,228,704,954,6,960,0,960,280,1240,77.4194
第15任總統副總統,在高雄市各投開票所,高雄市,　大寮區,昭明里,0925,23,191,643,857,11,868,0,868,286,1154,75.2166
第15任總統副總統,在高雄市各投開票所,高雄市,　大寮區,昭明里,0926,23,267,609,899,6,905,0,905,304,1209,74.8553
第15任總統副總統,在高雄市各投開票所,高雄市,　大寮區,光武里,0927,3,93,45,141,2,143,0,143,41,184,77.7174
第15任總統副總統,在高雄市各投開票所,高雄市,　大寮區,中興里,0928,32,594,381,1007,13,1020,0,1020,310,1330,76.6917
第15任總統副總統,在高雄市各投開票所,高雄市,　大寮區,中興里,0929,23,503,466,992,12,1004,0,1004,301,1305,76.9349
第15任總統副總統,在高雄市各投開票所,高雄市,　大寮區,中興里,0930,37,485,449,971,11,982,0,982,301,1283,76.5394
第15任總統副總統,在高雄市各投開票所,高雄市,　大寮區,中興里,0931,29,461,467,957,7,964,0,964,319,1283,75.1364
第15任總統副總統,在高雄市各投開票所,高雄市,　大寮區,中興里,0932,34,537,465,1036,12,1048,0,1048,324,1372,76.3848
第15任總統副總統,在高雄市各投開票所,高雄市,　大樹區,竹寮里,0197,35,318,681,1034,9,1043,0,1043,289,1332,78.3033
第15任總統副總統,在高雄市各投開票所,高雄市,　大樹區,竹寮里,0198,31,404,564,999,10,1009,0,1009,284,1293,78.0356
第15任總統副總統,在高雄市各投開票所,高雄市,　大樹區,九曲里,0199,36,330,570,936,11,947,0,947,317,1264,74.9209
第15任總統副總統,在高雄市各投開票所,高雄市,　大樹區,九曲里,0200,23,291,582,896,11,907,0,907,281,1188,76.3468
第15任總統副總統,在高雄市各投開票所,高雄市,　大樹區,九曲里,0201,21,333,611,965,11,976,0,976,263,1239,78.7732
第15任總統副總統,在高雄市各投開票所,高雄市,　大樹區,九曲里,0202,28,330,566,924,14,938,0,938,277,1215,77.2016
第15任總統副總統,在高雄市各投開票所,高雄市,　大樹區,久堂里,0203,28,449,625,1102,19,1121,0,1121,332,1453,77.1507
第15任總統副總統,在高雄市各投開票所,高雄市,　大樹區,久堂里,0204,36,358,654,1048,12,1060,0,1060,220,1280,82.8125
第15任總統副總統,在高雄市各投開票所,高雄市,　大樹區,久堂里,0205,35,321,655,1011,11,1022,0,1022,239,1261,81.0468
第15任總統副總統,在高雄市各投開票所,高雄市,　大樹區,水安里,0206,21,193,622,836,7,843,0,843,233,1076,78.3457
第15任總統副總統,在高雄市各投開票所,高雄市,　大樹區,水安里,0207,25,285,593,903,13,916,0,916,278,1194,76.7169
第15任總統副總統,在高雄市各投開票所,高雄市,　大樹區,水寮里,0208,18,250,580,848,14,862,0,862,225,1087,79.3008
第15任總統副總統,在高雄市各投開票所,高雄市,　大樹區,水寮里,0209,22,217,639,878,7,885,0,885,200,1085,81.5668
第15任總統副總統,在高雄市各投開票所,高雄市,　大樹區,檨腳里,0210,26,268,654,948,11,959,0,959,273,1232,77.8409
第15任總統副總統,在高雄市各投開票所,高雄市,　大樹區,檨腳里,0211,17,235,540,792,12,804,0,804,258,1062,75.7062
第15任總統副總統,在高雄市各投開票所,高雄市,　大樹區,檨腳里,0212,20,217,599,836,11,847,0,847,246,1093,77.4931
第15任總統副總統,在高雄市各投開票所,高雄市,　大樹區,興山里,0213,17,144,595,756,11,767,0,767,267,1034,74.1779
第15任總統副總統,在高雄市各投開票所,高雄市,　大樹區,和山里,0214,18,156,611,785,6,791,0,791,200,991,79.8184
第15任總統副總統,在高雄市各投開票所,高雄市,　大樹區,姑山里,0215,26,170,549,745,5,750,0,750,175,925,81.0811
第15任總統副總統,在高雄市各投開票所,高雄市,　大樹區,大坑里,0216,32,286,738,1056,12,1068,0,1068,348,1416,75.4237
第15任總統副總統,在高雄市各投開票所,高雄市,　大樹區,井腳里,0217,10,144,444,598,3,601,0,601,152,753,79.8141
第15任總統副總統,在高雄市各投開票所,高雄市,　大樹區,井腳里,0218,12,116,445,573,8,581,0,581,172,753,77.1580
第15任總統副總統,在高雄市各投開票所,高雄市,　大樹區,小坪里,0219,25,291,691,1007,1,1008,0,1008,275,1283,78.5659
第15任總統副總統,在高雄市各投開票所,高雄市,　大樹區,龍目里,0220,19,98,542,659,7,666,0,666,180,846,78.7234
第15任總統副總統,在高雄市各投開票所,高雄市,　大樹區,龍目里,0221,13,124,475,612,7,619,0,619,249,868,71.3134
第15任總統副總統,在高雄市各投開票所,高雄市,　大樹區,大樹里,0222,32,242,648,922,3,925,0,925,315,1240,74.5968
第15任總統副總統,在高雄市各投開票所,高雄市,　大樹區,大樹里,0223,21,209,674,904,6,910,0,910,260,1170,77.7778
第15任總統副總統,在高雄市各投開票所,高雄市,　大樹區,三和里,0224,17,233,469,719,6,725,0,725,256,981,73.9042
第15任總統副總統,在高雄市各投開票所,高雄市,　大樹區,溪埔里,0225,14,214,424,652,6,658,2,660,170,830,79.2771
第15任總統副總統,在高雄市各投開票所,高雄市,　大樹區,溪埔里,0226,7,129,421,557,3,560,0,560,150,710,78.8732
第15任總統副總統,在高雄市各投開票所,高雄市,　大樹區,興田里,0227,20,194,537,751,6,757,0,757,229,986,76.7748
第15任總統副總統,在高雄市各投開票所,高雄市,　大樹區,興田里,0228,9,476,239,724,3,727,0,727,146,873,83.2761
第15任總統副總統,在高雄市各投開票所,高雄市,　大樹區,統嶺里,0229,10,193,328,531,5,536,0,536,149,685,78.2482
第15任總統副總統,在高雄市各投開票所,高雄市,　大社區,嘉誠里,0230,19,230,421,670,2,672,0,672,240,912,73.6842
第15任總統副總統,在高雄市各投開票所,高雄市,　大社區,保社里,0231,19,202,562,783,9,792,0,792,198,990,80.0000
第15任總統副總統,在高雄市各投開票所,高雄市,　大社區,保社里,0232,32,303,485,820,8,828,0,828,231,1059,78.1870
第15任總統副總統,在高雄市各投開票所,高雄市,　大社區,保社里,0233,26,246,551,823,4,827,0,827,207,1034,79.9807
第15任總統副總統,在高雄市各投開票所,高雄市,　大社區,大社里,0234,26,227,528,781,9,790,0,790,204,994,79.4769
第15任總統副總統,在高雄市各投開票所,高雄市,　大社區,大社里,0235,26,178,469,673,13,686,0,686,321,1007,68.1231
第15任總統副總統,在高雄市各投開票所,高雄市,　大社區,大社里,0236,22,240,542,804,3,807,0,807,218,1025,78.7317
第15任總統副總統,在高雄市各投開票所,高雄市,　大社區,大社里,0237,26,260,510,796,6,802,0,802,211,1013,79.1708
第15任總統副總統,在高雄市各投開票所,高雄市,　大社區,大社里,0238,15,185,402,602,6,608,0,608,198,806,75.4342
第15任總統副總統,在高雄市各投開票所,高雄市,　大社區,保安里,0239,19,225,554,798,6,804,0,804,225,1029,78.1341
第15任總統副總統,在高雄市各投開票所,高雄市,　大社區,保安里,0240,28,240,570,838,8,846,0,846,200,1046,80.8795
第15任總統副總統,在高雄市各投開票所,高雄市,　大社區,保安里,0241,24,204,563,791,6,797,0,797,194,991,80.4238
第15任總統副總統,在高雄市各投開票所,高雄市,　大社區,三奶里,0242,19,256,470,745,7,752,0,752,232,984,76.4228
第15任總統副總統,在高雄市各投開票所,高雄市,　大社區,三奶里,0243,19,190,481,690,7,697,0,697,165,862,80.8585
第15任總統副總統,在高雄市各投開票所,高雄市,　大社區,三奶里,0244,16,145,445,606,5,611,0,611,154,765,79.8693
第15任總統副總統,在高雄市各投開票所,高雄市,　大社區,觀音里,0245,27,239,599,865,6,871,0,871,203,1074,81.0987
第15任總統副總統,在高雄市各投開票所,高雄市,　大社區,觀音里,0246,23,243,577,843,13,856,0,856,231,1087,78.7489
第15任總統副總統,在高雄市各投開票所,高雄市,　大社區,觀音里,0247,18,215,599,832,5,837,0,837,229,1066,78.5178
第15任總統副總統,在高雄市各投開票所,高雄市,　大社區,觀音里,0248,18,230,542,790,0,790,0,790,227,1017,77.6794
第15任總統副總統,在高雄市各投開票所,高雄市,　大社區,觀音里,0249,18,215,557,790,6,796,0,796,202,998,79.7595
第15任總統副總統,在高雄市各投開票所,高雄市,　大社區,神農里,0250,30,262,692,984,12,996,0,996,258,1254,79.4258
第15任總統副總統,在高雄市各投開票所,高雄市,　大社區,神農里,0251,39,265,647,951,13,964,0,964,289,1253,76.9354
第15任總統副總統,在高雄市各投開票所,高雄市,　大社區,神農里,0252,28,284,631,943,7,950,0,950,277,1227,77.4246
第15任總統副總統,在高雄市各投開票所,高雄市,　大社區,神農里,0253,19,238,572,829,10,839,0,839,282,1121,74.8439
第15任總統副總統,在高雄市各投開票所,高雄市,　大社區,中里里,0254,27,198,609,834,10,844,0,844,224,1068,79.0262
第15任總統副總統,在高雄市各投開票所,高雄市,　大社區,中里里,0255,18,269,539,826,14,840,0,840,252,1092,76.9231
第15任總統副總統,在高雄市各投開票所,高雄市,　大社區,中里里,0256,24,219,416,659,11,670,0,670,207,877,76.3968
第15任總統副總統,在高雄市各投開票所,高雄市,　大社區,翠屏里,0257,10,120,428,558,2,560,0,560,157,717,78.1032
第15任總統副總統,在高雄市各投開票所,高雄市,　大社區,翠屏里,0258,14,213,489,716,10,726,0,726,183,909,79.8680
第15任總統副總統,在高雄市各投開票所,高雄市,　仁武區,大灣里,0764,40,291,767,1098,8,1106,0,1106,275,1381,80.0869
第15任總統副總統,在高雄市各投開票所,高雄市,　仁武區,大灣里,0765,30,323,687,1040,12,1052,0,1052,326,1378,76.3425
第15任總統副總統,在高雄市各投開票所,高雄市,　仁武區,大灣里,0766,33,286,662,981,8,989,0,989,293,1282,77.1451
第15任總統副總統,在高雄市各投開票所,高雄市,　仁武區,灣內里,0767,26,318,721,1065,9,1074,0,1074,261,1335,80.4494
第15任總統副總統,在高雄市各投開票所,高雄市,　仁武區,灣內里,0768,22,273,614,909,6,915,0,915,254,1169,78.2720
第15任總統副總統,在高雄市各投開票所,高雄市,　仁武區,灣內里,0769,27,246,653,926,7,933,0,933,251,1184,78.8007
第15任總統副總統,在高雄市各投開票所,高雄市,　仁武區,灣內里,0770,54,392,736,1182,8,1190,0,1190,409,1599,74.4215
第15任總統副總統,在高雄市各投開票所,高雄市,　仁武區,灣內里,0771,67,583,1009,1659,15,1674,0,1674,464,2138,78.2975
第15任總統副總統,在高雄市各投開票所,高雄市,　仁武區,考潭里,0772,30,325,653,1008,12,1020,0,1020,247,1267,80.5051
第15任總統副總統,在高雄市各投開票所,高雄市,　仁武區,考潭里,0773,23,374,615,1012,6,1018,0,1018,296,1314,77.4734
第15任總統副總統,在高雄市各投開票所,高雄市,　仁武區,烏林里,0774,24,278,557,859,6,865,0,865,330,1195,72.3849
第15任總統副總統,在高雄市各投開票所,高雄市,　仁武區,烏林里,0775,18,208,621,847,12,859,0,859,307,1166,73.6707
第15任總統副總統,在高雄市各投開票所,高雄市,　仁武區,烏林里,0776,40,329,635,1004,14,1018,0,1018,363,1381,73.7147
第15任總統副總統,在高雄市各投開票所,高雄市,　仁武區,仁福里,0777,19,173,411,603,7,610,0,610,203,813,75.0308
第15任總統副總統,在高雄市各投開票所,高雄市,　仁武區,仁武里,0778,30,344,804,1178,22,1200,0,1200,601,1801,66.6297
第15任總統副總統,在高雄市各投開票所,高雄市,　仁武區,仁武里,0779,34,395,930,1359,14,1373,0,1373,426,1799,76.3202
第15任總統副總統,在高雄市各投開票所,高雄市,　仁武區,仁武里,0780,45,380,880,1305,6,1311,0,1311,394,1705,76.8915
第15任總統副總統,在高雄市各投開票所,高雄市,　仁武區,文武里,0781,19,321,884,1224,19,1243,0,1243,291,1534,81.0300
第15任總統副總統,在高雄市各投開票所,高雄市,　仁武區,文武里,0782,20,392,780,1192,9,1201,0,1201,327,1528,78.5995
第15任總統副總統,在高雄市各投開票所,高雄市,　仁武區,文武里,0783,36,290,745,1071,7,1078,0,1078,297,1375,78.4000
第15任總統副總統,在高雄市各投開票所,高雄市,　仁武區,文武里,0784,36,390,679,1105,13,1118,0,1118,320,1438,77.7469
第15任總統副總統,在高雄市各投開票所,高雄市,　仁武區,文武里,0785,38,349,651,1038,7,1045,0,1045,277,1322,79.0469
第15任總統副總統,在高雄市各投開票所,高雄市,　仁武區,文武里,0786,32,309,765,1106,4,1110,0,1110,279,1389,79.9136
第15任總統副總統,在高雄市各投開票所,高雄市,　仁武區,竹後里,0787,24,153,639,816,2,818,0,818,209,1027,79.6495
第15任總統副總統,在高雄市各投開票所,高雄市,　仁武區,竹後里,0788,16,200,674,890,8,898,0,898,251,1149,78.1549
第15任總統副總統,在高雄市各投開票所,高雄市,　仁武區,八卦里,0789,36,334,870,1240,8,1248,0,1248,387,1635,76.3303
第15任總統副總統,在高雄市各投開票所,高雄市,　仁武區,八卦里,0790,45,436,900,1381,13,1394,0,1394,346,1740,80.1149
第15任總統副總統,在高雄市各投開票所,高雄市,　仁武區,八卦里,0791,52,419,716,1187,3,1190,0,1190,367,1557,76.4290
第15任總統副總統,在高雄市各投開票所,高雄市,　仁武區,八卦里,0792,37,407,769,1213,4,1217,0,1217,352,1569,77.5653
第15任總統副總統,在高雄市各投開票所,高雄市,　仁武區,八卦里,0793,47,424,778,1249,9,1258,0,1258,364,1622,77.5586
第15任總統副總統,在高雄市各投開票所,高雄市,　仁武區,八卦里,0794,35,411,710,1156,8,1164,0,1164,331,1495,77.8595
第15任總統副總統,在高雄市各投開票所,高雄市,　仁武區,八卦里,0795,31,404,763,1198,7,1205,0,1205,412,1617,74.5207
第15任總統副總統,在高雄市各投開票所,高雄市,　仁武區,八卦里,0796,45,435,779,1259,8,1267,0,1267,333,1600,79.1875
第15任總統副總統,在高雄市各投開票所,高雄市,　仁武區,八卦里,0797,41,433,769,1243,14,1257,0,1257,386,1643,76.5064
第15任總統副總統,在高雄市各投開票所,高雄市,　仁武區,八卦里,0798,39,509,676,1224,8,1232,0,1232,294,1526,80.7339
第15任總統副總統,在高雄市各投開票所,高雄市,　仁武區,高楠里,0799,23,229,586,838,4,842,0,842,213,1055,79.8104
第15任總統副總統,在高雄市各投開票所,高雄市,　仁武區,高楠里,0800,32,282,634,948,4,952,0,952,223,1175,81.0213
第15任總統副總統,在高雄市各投開票所,高雄市,　仁武區,後安里,0801,27,220,646,893,5,898,0,898,239,1137,78.9798
第15任總統副總統,在高雄市各投開票所,高雄市,　仁武區,後安里,0802,35,256,717,1008,10,1018,0,1018,283,1301,78.2475
第15任總統副總統,在高雄市各投開票所,高雄市,　仁武區,中華里,0803,48,395,769,1212,13,1225,0,1225,364,1589,77.0925
第15任總統副總統,在高雄市各投開票所,高雄市,　仁武區,五和里,0804,40,334,840,1214,8,1222,0,1222,408,1630,74.9693
第15任總統副總統,在高雄市各投開票所,高雄市,　仁武區,五和里,0805,47,319,796,1162,14,1176,0,1176,305,1481,79.4058
第15任總統副總統,在高雄市各投開票所,高雄市,　仁武區,五和里,0806,56,424,783,1263,12,1275,0,1275,336,1611,79.1434
第15任總統副總統,在高雄市各投開票所,高雄市,　仁武區,仁和里,0807,17,339,611,967,8,975,0,975,247,1222,79.7872
第15任總統副總統,在高雄市各投開票所,高雄市,　仁武區,仁和里,0808,29,338,637,1004,17,1021,0,1021,256,1277,79.9530
第15任總統副總統,在高雄市各投開票所,高雄市,　仁武區,仁和里,0809,38,300,578,916,9,925,0,925,236,1161,79.6727
第15任總統副總統,在高雄市各投開票所,高雄市,　仁武區,赤山里,0810,35,371,821,1227,12,1239,0,1239,283,1522,81.4060
第15任總統副總統,在高雄市各投開票所,高雄市,　仁武區,赤山里,0811,33,383,817,1233,13,1246,0,1246,328,1574,79.1614
第15任總統副總統,在高雄市各投開票所,高雄市,　仁武區,赤山里,0812,45,401,748,1194,11,1205,0,1205,329,1534,78.5528
第15任總統副總統,在高雄市各投開票所,高雄市,　仁武區,赤山里,0813,51,407,706,1164,9,1173,0,1173,344,1517,77.3237
第15任總統副總統,在高雄市各投開票所,高雄市,　仁武區,仁慈里,0814,31,325,583,939,13,952,0,952,227,1179,80.7464
第15任總統副總統,在高雄市各投開票所,高雄市,　仁武區,仁慈里,0815,32,269,440,741,10,751,0,751,167,918,81.8083
第15任總統副總統,在高雄市各投開票所,高雄市,　鳥松區,鳥松里,0816,25,338,563,926,8,934,0,934,258,1192,78.3557
第15任總統副總統,在高雄市各投開票所,高雄市,　鳥松區,鳥松里,0817,38,300,585,923,5,928,0,928,284,1212,76.5677
第15任總統副總統,在高雄市各投開票所,高雄市,　鳥松區,鳥松里,0818,23,350,636,1009,10,1019,0,1019,309,1328,76.7319
第15任總統副總統,在高雄市各投開票所,高雄市,　鳥松區,鳥松里,0819,41,381,608,1030,9,1039,0,1039,268,1307,79.4950
第15任總統副總統,在高雄市各投開票所,高雄市,　鳥松區,鳥松里,0820,24,333,560,917,9,926,0,926,433,1359,68.1383
第15任總統副總統,在高雄市各投開票所,高雄市,　鳥松區,鳥松里,0821,34,347,494,875,7,882,0,882,315,1197,73.6842
第15任總統副總統,在高雄市各投開票所,高雄市,　鳥松區,鳥松里,0822,36,326,600,962,11,973,0,973,290,1263,77.0388
第15任總統副總統,在高雄市各投開票所,高雄市,　鳥松區,鳥松里,0823,33,237,799,1069,13,1082,0,1082,219,1301,83.1668
第15任總統副總統,在高雄市各投開票所,高雄市,　鳥松區,夢裡里,0824,37,359,669,1065,9,1074,0,1074,268,1342,80.0298
第15任總統副總統,在高雄市各投開票所,高雄市,　鳥松區,夢裡里,0825,19,226,646,891,12,903,0,903,191,1094,82.5411
第15任總統副總統,在高雄市各投開票所,高雄市,　鳥松區,夢裡里,0826,22,338,440,800,12,812,0,812,306,1118,72.6297
第15任總統副總統,在高雄市各投開票所,高雄市,　鳥松區,夢裡里,0827,39,330,474,843,7,850,0,850,264,1114,76.3016
第15任總統副總統,在高雄市各投開票所,高雄市,　鳥松區,大華里,0828,23,320,668,1011,15,1026,0,1026,233,1259,81.4932
第15任總統副總統,在高雄市各投開票所,高雄市,　鳥松區,大華里,0829,33,422,582,1037,12,1049,0,1049,280,1329,78.9315
第15任總統副總統,在高雄市各投開票所,高雄市,　鳥松區,大華里,0830,32,363,584,979,14,993,0,993,269,1262,78.6846
第15任總統副總統,在高雄市各投開票所,高雄市,　鳥松區,大華里,0831,30,333,541,904,7,911,0,911,251,1162,78.3993
第15任總統副總統,在高雄市各投開票所,高雄市,　鳥松區,大華里,0832,24,355,451,830,7,837,0,837,221,1058,79.1115
第15任總統副總統,在高雄市各投開票所,高雄市,　鳥松區,大華里,0833,30,312,618,960,9,969,0,969,204,1173,82.6087
第15任總統副總統,在高雄市各投開票所,高雄市,　鳥松區,大華里,0834,40,397,629,1066,6,1072,0,1072,241,1313,81.6451
第15任總統副總統,在高雄市各投開票所,高雄市,　鳥松區,大華里,0835,33,390,479,902,8,910,0,910,276,1186,76.7285
第15任總統副總統,在高雄市各投開票所,高雄市,　鳥松區,坔埔里,0836,32,260,660,952,12,964,0,964,227,1191,80.9404
第15任總統副總統,在高雄市各投開票所,高雄市,　鳥松區,坔埔里,0837,22,292,638,952,12,964,0,964,235,1199,80.4003
第15任總統副總統,在高雄市各投開票所,高雄市,　鳥松區,坔埔里,0838,18,239,598,855,5,860,0,860,234,1094,78.6106
第15任總統副總統,在高雄市各投開票所,高雄市,　鳥松區,仁美里,0839,33,231,685,949,11,960,0,960,250,1210,79.3388
第15任總統副總統,在高雄市各投開票所,高雄市,　鳥松區,仁美里,0840,41,335,765,1141,14,1155,0,1155,286,1441,80.1527
第15任總統副總統,在高雄市各投開票所,高雄市,　鳥松區,仁美里,0841,38,259,703,1000,13,1013,0,1013,308,1321,76.6843
第15任總統副總統,在高雄市各投開票所,高雄市,　鳥松區,仁美里,0842,32,354,644,1030,6,1036,0,1036,329,1365,75.8974
第15任總統副總統,在高雄市各投開票所,高雄市,　鳥松區,仁美里,0843,23,248,535,806,7,813,0,813,207,1020,79.7059
第15任總統副總統,在高雄市各投開票所,高雄市,　鳥松區,大竹里,0844,11,164,376,551,9,560,0,560,119,679,82.4742
第15任總統副總統,在高雄市各投開票所,高雄市,　鳥松區,華美里,0845,33,316,687,1036,8,1044,0,1044,297,1341,77.8523
第15任總統副總統,在高雄市各投開票所,高雄市,　鳥松區,華美里,0846,31,323,591,945,6,951,0,951,275,1226,77.5693
第15任總統副總統,在高雄市各投開票所,高雄市,　鳥松區,華美里,0847,37,322,639,998,8,1006,0,1006,232,1238,81.2601
第15任總統副總統,在高雄市各投開票所,高雄市,　岡山區,岡山里,0365,34,406,599,1039,14,1053,0,1053,257,1310,80.3817
第15任總統副總統,在高雄市各投開票所,高雄市,　岡山區,岡山里,0366,12,178,427,617,10,627,0,627,425,1052,59.6008
第15任總統副總統,在高雄市各投開票所,高雄市,　岡山區,岡山里,0367,21,250,457,728,11,739,0,739,273,1012,73.0237
第15任總統副總統,在高雄市各投開票所,高雄市,　岡山區,岡山里,0368,27,202,457,686,6,692,0,692,186,878,78.8155
第15任總統副總統,在高雄市各投開票所,高雄市,　岡山區,壽天里,0369,26,241,436,703,6,709,0,709,187,896,79.1295
第15任總統副總統,在高雄市各投開票所,高雄市,　岡山區,壽天里,0370,27,302,500,829,9,838,0,838,220,1058,79.2060
第15任總統副總統,在高雄市各投開票所,高雄市,　岡山區,壽天里,0371,30,399,512,941,9,950,0,950,215,1165,81.5451
第15任總統副總統,在高雄市各投開票所,高雄市,　岡山區,平安里,0372,26,289,549,864,11,875,0,875,222,1097,79.7630
第15任總統副總統,在高雄市各投開票所,高雄市,　岡山區,維仁里,0373,20,223,489,732,9,741,0,741,239,980,75.6122
第15任總統副總統,在高雄市各投開票所,高雄市,　岡山區,大遼里,0374,20,194,794,1008,16,1024,0,1024,246,1270,80.6299
第15任總統副總統,在高雄市各投開票所,高雄市,　岡山區,程香里,0375,19,356,662,1037,6,1043,0,1043,285,1328,78.5392
第15任總統副總統,在高雄市各投開票所,高雄市,　岡山區,程香里,0376,30,401,572,1003,7,1010,0,1010,266,1276,79.1536
第15任總統副總統,在高雄市各投開票所,高雄市,　岡山區,程香里,0377,44,424,616,1084,5,1089,0,1089,267,1356,80.3097
第15任總統副總統,在高雄市各投開票所,高雄市,　岡山區,後紅里,0378,34,301,646,981,11,992,0,992,296,1288,77.0186
第15任總統副總統,在高雄市各投開票所,高雄市,　岡山區,後紅里,0379,36,395,616,1047,13,1060,0,1060,268,1328,79.8193
第15任總統副總統,在高雄市各投開票所,高雄市,　岡山區,後紅里,0380,38,482,472,992,8,1000,0,1000,350,1350,74.0741
第15任總統副總統,在高雄市各投開票所,高雄市,　岡山區,碧紅里,0381,29,333,585,947,4,951,0,951,288,1239,76.7554
第15任總統副總統,在高雄市各投開票所,高雄市,　岡山區,碧紅里,0382,26,342,559,927,12,939,0,939,275,1214,77.3476
第15任總統副總統,在高雄市各投開票所,高雄市,　岡山區,碧紅里,0383,32,321,691,1044,5,1049,0,1049,281,1330,78.8722
第15任總統副總統,在高雄市各投開票所,高雄市,　岡山區,竹圍里,0384,34,361,567,962,18,980,0,980,305,1285,76.2646
第15任總統副總統,在高雄市各投開票所,高雄市,　岡山區,竹圍里,0385,38,318,653,1009,6,1015,0,1015,274,1289,78.7432
第15任總統副總統,在高雄市各投開票所,高雄市,　岡山區,竹圍里,0386,43,368,618,1029,3,1032,0,1032,237,1269,81.3239
第15任總統副總統,在高雄市各投開票所,高雄市,　岡山區,竹圍里,0387,37,336,721,1094,7,1101,0,1101,250,1351,81.4952
第15任總統副總統,在高雄市各投開票所,高雄市,　岡山區,竹圍里,0388,31,320,685,1036,8,1044,0,1044,289,1333,78.3196
第15任總統副總統,在高雄市各投開票所,高雄市,　岡山區,台上里,0389,26,339,755,1120,12,1132,0,1132,346,1478,76.5900
第15任總統副總統,在高雄市各投開票所,高雄市,　岡山區,台上里,0390,48,384,770,1202,11,1213,0,1213,277,1490,81.4094
第15任總統副總統,在高雄市各投開票所,高雄市,　岡山區,台上里,0391,41,345,629,1015,6,1021,0,1021,318,1339,76.2509
第15任總統副總統,在高雄市各投開票所,高雄市,　岡山區,台上里,0392,37,242,619,898,9,907,0,907,223,1130,80.2655
第15任總統副總統,在高雄市各投開票所,高雄市,　岡山區,為隨里,0393,30,108,362,500,5,505,0,505,96,601,84.0266
第15任總統副總統,在高雄市各投開票所,高雄市,　岡山區,灣裡里,0394,36,208,475,719,6,725,0,725,205,930,77.9570
第15任總統副總統,在高雄市各投開票所,高雄市,　岡山區,灣裡里,0395,26,198,454,678,5,683,0,683,154,837,81.6010
第15任總統副總統,在高雄市各投開票所,高雄市,　岡山區,本洲里,0396,21,158,455,634,12,646,0,646,146,792,81.5657
第15任總統副總統,在高雄市各投開票所,高雄市,　岡山區,本洲里,0397,21,198,457,676,7,683,0,683,159,842,81.1164
第15任總統副總統,在高雄市各投開票所,高雄市,　岡山區,前峰里,0398,32,329,629,990,11,1001,0,1001,248,1249,80.1441
第15任總統副總統,在高雄市各投開票所,高雄市,　岡山區,前峰里,0399,46,377,696,1119,10,1129,0,1129,324,1453,77.7013
第15任總統副總統,在高雄市各投開票所,高雄市,　岡山區,壽峰里,0400,24,256,455,735,9,744,0,744,192,936,79.4872
第15任總統副總統,在高雄市各投開票所,高雄市,　岡山區,壽峰里,0401,36,371,564,971,7,978,0,978,239,1217,80.3615
第15任總統副總統,在高雄市各投開票所,高雄市,　岡山區,仁壽里,0402,14,280,528,822,6,828,0,828,212,1040,79.6154
第15任總統副總統,在高雄市各投開票所,高雄市,　岡山區,仁壽里,0403,30,291,509,830,7,837,0,837,209,1046,80.0191
第15任總統副總統,在高雄市各投開票所,高雄市,　岡山區,仁壽里,0404,35,350,485,870,10,880,0,880,262,1142,77.0578
第15任總統副總統,在高雄市各投開票所,高雄市,　岡山區,後協里,0405,34,388,600,1022,13,1035,0,1035,260,1295,79.9228
第15任總統副總統,在高雄市各投開票所,高雄市,　岡山區,後協里,0406,41,399,620,1060,11,1071,0,1071,263,1334,80.2849
第15任總統副總統,在高雄市各投開票所,高雄市,　岡山區,後協里,0407,40,440,545,1025,10,1035,0,1035,289,1324,78.1722
第15任總統副總統,在高雄市各投開票所,高雄市,　岡山區,後協里,0408,50,451,574,1075,9,1084,0,1084,341,1425,76.0702
第15任總統副總統,在高雄市各投開票所,高雄市,　岡山區,協和里,0409,37,361,584,982,15,997,0,997,225,1222,81.5876
第15任總統副總統,在高雄市各投開票所,高雄市,　岡山區,協和里,0410,28,332,479,839,12,851,0,851,200,1051,80.9705
第15任總統副總統,在高雄市各投開票所,高雄市,　岡山區,協和里,0411,36,313,615,964,11,975,0,975,246,1221,79.8526
第15任總統副總統,在高雄市各投開票所,高雄市,　岡山區,協榮里,0412,19,307,368,694,6,700,0,700,188,888,78.8288
第15任總統副總統,在高雄市各投開票所,高雄市,　岡山區,協榮里,0413,33,425,464,922,12,934,0,934,245,1179,79.2197
第15任總統副總統,在高雄市各投開票所,高雄市,　岡山區,劉厝里,0414,36,306,769,1111,9,1120,0,1120,256,1376,81.3953
第15任總統副總統,在高雄市各投開票所,高雄市,　岡山區,白米里,0415,20,158,407,585,3,588,0,588,149,737,79.7829
第15任總統副總統,在高雄市各投開票所,高雄市,　岡山區,白米里,0416,42,313,454,809,7,816,0,816,191,1007,81.0328
第15任總統副總統,在高雄市各投開票所,高雄市,　岡山區,石潭里,0417,15,143,512,670,3,673,0,673,142,815,82.5767
第15任總統副總統,在高雄市各投開票所,高雄市,　岡山區,石潭里,0418,26,295,499,820,6,826,0,826,174,1000,82.6000
第15任總統副總統,在高雄市各投開票所,高雄市,　岡山區,福興里,0419,31,278,527,836,7,843,0,843,186,1029,81.9242
第15任總統副總統,在高雄市各投開票所,高雄市,　岡山區,嘉興里,0420,24,182,610,816,4,820,0,820,203,1023,80.1564
第15任總統副總統,在高雄市各投開票所,高雄市,　岡山區,嘉興里,0421,34,182,552,768,9,777,0,777,213,990,78.4848
第15任總統副總統,在高雄市各投開票所,高雄市,　岡山區,嘉興里,0422,32,245,737,1014,6,1020,0,1020,281,1301,78.4012
第15任總統副總統,在高雄市各投開票所,高雄市,　岡山區,嘉峰里,0423,36,328,749,1113,17,1130,0,1130,283,1413,79.9717
第15任總統副總統,在高雄市各投開票所,高雄市,　岡山區,嘉峰里,0424,6,33,196,235,2,237,0,237,60,297,79.7980
第15任總統副總統,在高雄市各投開票所,高雄市,　岡山區,潭底里,0425,20,143,453,616,2,618,0,618,130,748,82.6203
第15任總統副總統,在高雄市各投開票所,高雄市,　岡山區,華崗里,0426,23,89,458,570,6,576,0,576,126,702,82.0513
第15任總統副總統,在高雄市各投開票所,高雄市,　岡山區,華崗里,0427,15,109,547,671,4,675,0,675,158,833,81.0324
第15任總統副總統,在高雄市各投開票所,高雄市,　岡山區,三和里,0428,25,149,506,680,15,695,0,695,167,862,80.6265
第15任總統副總統,在高雄市各投開票所,高雄市,　岡山區,大莊里,0429,35,263,449,747,14,761,0,761,189,950,80.1053
第15任總統副總統,在高雄市各投開票所,高雄市,　岡山區,忠孝里,0430,31,729,242,1002,9,1011,0,1011,295,1306,77.4119
第15任總統副總統,在高雄市各投開票所,高雄市,　岡山區,忠孝里,0431,32,750,183,965,8,973,0,973,244,1217,79.9507
第15任總統副總統,在高雄市各投開票所,高雄市,　岡山區,忠孝里,0432,7,103,157,267,3,270,0,270,63,333,81.0811
第15任總統副總統,在高雄市各投開票所,高雄市,　岡山區,仁義里,0433,28,599,121,748,8,756,0,756,165,921,82.0847
第15任總統副總統,在高雄市各投開票所,高雄市,　岡山區,仁義里,0434,24,580,145,749,12,761,0,761,160,921,82.6276
第15任總統副總統,在高雄市各投開票所,高雄市,　岡山區,信義里,0435,19,295,320,634,6,640,0,640,194,834,76.7386
第15任總統副總統,在高雄市各投開票所,高雄市,　岡山區,信義里,0436,25,308,258,591,4,595,0,595,136,731,81.3953
第15任總統副總統,在高雄市各投開票所,高雄市,　岡山區,和平里,0437,9,85,149,243,5,248,0,248,62,310,80.0000
第15任總統副總統,在高雄市各投開票所,高雄市,　橋頭區,橋頭里,0486,37,209,538,784,9,793,0,793,186,979,81.0010
第15任總統副總統,在高雄市各投開票所,高雄市,　橋頭區,橋頭里,0487,20,254,547,821,5,826,0,826,218,1044,79.1188
第15任總統副總統,在高雄市各投開票所,高雄市,　橋頭區,橋南里,0488,24,246,573,843,7,850,0,850,214,1064,79.8872
第15任總統副總統,在高雄市各投開票所,高雄市,　橋頭區,仕隆里,0489,28,254,643,925,12,937,0,937,245,1182,79.2724
第15任總統副總統,在高雄市各投開票所,高雄市,　橋頭區,仕隆里,0490,22,224,587,833,9,842,0,842,214,1056,79.7348
第15任總統副總統,在高雄市各投開票所,高雄市,　橋頭區,仕豐里,0491,29,320,705,1054,12,1066,0,1066,256,1322,80.6354
第15任總統副總統,在高雄市各投開票所,高雄市,　橋頭區,仕豐里,0492,28,271,648,947,9,956,0,956,231,1187,80.5392
第15任總統副總統,在高雄市各投開票所,高雄市,　橋頭區,芋寮里,0493,28,225,703,956,8,964,0,964,220,1184,81.4189
第15任總統副總統,在高雄市各投開票所,高雄市,　橋頭區,東林里,0494,22,201,587,810,15,825,0,825,198,1023,80.6452
第15任總統副總統,在高雄市各投開票所,高雄市,　橋頭區,東林里,0495,24,206,760,990,12,1002,0,1002,240,1242,80.6763
第15任總統副總統,在高雄市各投開票所,高雄市,　橋頭區,西林里,0496,14,98,441,553,4,557,0,557,114,671,83.0104
第15任總統副總統,在高雄市各投開票所,高雄市,　橋頭區,西林里,0497,21,125,416,562,8,570,0,570,128,698,81.6619
第15任總統副總統,在高雄市各投開票所,高雄市,　橋頭區,白樹里,0498,24,220,608,852,7,859,0,859,288,1147,74.8910
第15任總統副總統,在高雄市各投開票所,高雄市,　橋頭區,白樹里,0499,30,280,718,1028,9,1037,0,1037,250,1287,80.5750
第15任總統副總統,在高雄市各投開票所,高雄市,　橋頭區,白樹里,0500,32,206,357,595,2,597,0,597,138,735,81.2245
第15任總統副總統,在高雄市各投開票所,高雄市,　橋頭區,筆秀里,0501,19,158,586,763,6,769,0,769,160,929,82.7772
第15任總統副總統,在高雄市各投開票所,高雄市,　橋頭區,筆秀里,0502,14,112,330,456,6,462,0,462,118,580,79.6552
第15任總統副總統,在高雄市各投開票所,高雄市,　橋頭區,新莊里,0503,18,143,473,634,9,643,0,643,152,795,80.8805
第15任總統副總統,在高雄市各投開票所,高雄市,　橋頭區,新莊里,0504,8,55,201,264,3,267,0,267,67,334,79.9401
第15任總統副總統,在高雄市各投開票所,高雄市,　橋頭區,新莊里,0505,34,321,556,911,3,914,0,914,243,1157,78.9974
第15任總統副總統,在高雄市各投開票所,高雄市,　橋頭區,新莊里,0506,31,268,337,636,2,638,0,638,170,808,78.9604
第15任總統副總統,在高雄市各投開票所,高雄市,　橋頭區,甲北里,0507,27,203,650,880,9,889,0,889,208,1097,81.0392
第15任總統副總統,在高雄市各投開票所,高雄市,　橋頭區,甲北里,0508,26,201,434,661,12,673,0,673,189,862,78.0742
第15任總統副總統,在高雄市各投開票所,高雄市,　橋頭區,甲南里,0509,35,260,635,930,13,943,0,943,214,1157,81.5039
第15任總統副總統,在高雄市各投開票所,高雄市,　橋頭區,甲南里,0510,26,293,647,966,9,975,0,975,230,1205,80.9129
第15任總統副總統,在高雄市各投開票所,高雄市,　橋頭區,頂鹽里,0511,21,298,739,1058,14,1072,0,1072,245,1317,81.3971
第15任總統副總統,在高雄市各投開票所,高雄市,　橋頭區,中崎里,0512,15,116,392,523,4,527,0,527,115,642,82.0872
第15任總統副總統,在高雄市各投開票所,高雄市,　橋頭區,仕和里,0513,24,249,673,946,11,957,0,957,222,1179,81.1705
第15任總統副總統,在高雄市各投開票所,高雄市,　橋頭區,仕和里,0514,37,248,688,973,13,986,0,986,219,1205,81.8257
第15任總統副總統,在高雄市各投開票所,高雄市,　橋頭區,仕和里,0515,29,260,665,954,11,965,0,965,219,1184,81.5034
第15任總統副總統,在高雄市各投開票所,高雄市,　橋頭區,德松里,0516,38,288,768,1094,19,1113,0,1113,234,1347,82.6281
第15任總統副總統,在高雄市各投開票所,高雄市,　橋頭區,三德里,0517,15,101,472,588,10,598,0,598,150,748,79.9465
第15任總統副總統,在高雄市各投開票所,高雄市,　燕巢區,尖山里,0172,24,236,564,824,9,833,0,833,264,1097,75.9344
第15任總統副總統,在高雄市各投開票所,高雄市,　燕巢區,瓊林里,0173,31,218,614,863,8,871,0,871,220,1091,79.8350
第15任總統副總統,在高雄市各投開票所,高雄市,　燕巢區,瓊林里,0174,22,194,525,741,7,748,0,748,182,930,80.4301
第15任總統副總統,在高雄市各投開票所,高雄市,　燕巢區,安招里,0175,13,188,600,801,3,804,0,804,188,992,81.0484
第15任總統副總統,在高雄市各投開票所,高雄市,　燕巢區,安招里,0176,23,243,528,794,14,808,0,808,229,1037,77.9171
第15任總統副總統,在高雄市各投開票所,高雄市,　燕巢區,安招里,0177,18,175,572,765,8,773,0,773,202,975,79.2821
第15任總統副總統,在高雄市各投開票所,高雄市,　燕巢區,安招里,0178,4,116,10,130,6,136,0,136,104,240,56.6667
第15任總統副總統,在高雄市各投開票所,高雄市,　燕巢區,角宿里,0179,25,277,426,728,11,739,0,739,166,905,81.6575
第15任總統副總統,在高雄市各投開票所,高雄市,　燕巢區,角宿里,0180,5,99,385,489,3,492,0,492,120,612,80.3922
第15任總統副總統,在高雄市各投開票所,高雄市,　燕巢區,角宿里,0181,30,311,528,869,8,877,0,877,216,1093,80.2379
第15任總統副總統,在高雄市各投開票所,高雄市,　燕巢區,鳳雄里,0182,28,203,572,803,7,810,0,810,241,1051,77.0695
第15任總統副總統,在高雄市各投開票所,高雄市,　燕巢區,鳳雄里,0183,24,363,631,1018,14,1032,0,1032,321,1353,76.2749
第15任總統副總統,在高雄市各投開票所,高雄市,　燕巢區,金山里,0184,12,137,209,358,1,359,0,359,99,458,78.3843
第15任總統副總統,在高雄市各投開票所,高雄市,　燕巢區,東燕里,0185,35,241,619,895,12,907,0,907,242,1149,78.9382
第15任總統副總統,在高雄市各投開票所,高雄市,　燕巢區,東燕里,0186,24,289,548,861,8,869,0,869,234,1103,78.7851
第15任總統副總統,在高雄市各投開票所,高雄市,　燕巢區,南燕里,0187,25,281,535,841,11,852,0,852,247,1099,77.5250
第15任總統副總統,在高雄市各投開票所,高雄市,　燕巢區,南燕里,0188,21,333,507,861,14,875,0,875,472,1347,64.9592
第15任總統副總統,在高雄市各投開票所,高雄市,　燕巢區,南燕里,0189,33,326,600,959,6,965,0,965,318,1283,75.2143
第15任總統副總統,在高雄市各投開票所,高雄市,　燕巢區,西燕里,0190,17,245,504,766,9,775,0,775,188,963,80.4777
第15任總統副總統,在高雄市各投開票所,高雄市,　燕巢區,西燕里,0191,28,259,528,815,8,823,0,823,226,1049,78.4557
第15任總統副總統,在高雄市各投開票所,高雄市,　燕巢區,西燕里,0192,37,293,616,946,12,958,0,958,293,1251,76.5787
第15任總統副總統,在高雄市各投開票所,高雄市,　燕巢區,橫山里,0193,17,163,407,587,7,594,0,594,180,774,76.7442
第15任總統副總統,在高雄市各投開票所,高雄市,　燕巢區,橫山里,0194,20,269,442,731,5,736,0,736,348,1084,67.8967
第15任總統副總統,在高雄市各投開票所,高雄市,　燕巢區,深水里,0195,28,332,651,1011,11,1022,0,1022,327,1349,75.7598
第15任總統副總統,在高雄市各投開票所,高雄市,　燕巢區,深水里,0196,13,263,465,741,13,754,0,754,288,1042,72.3608
第15任總統副總統,在高雄市各投開票所,高雄市,　田寮區,鹿埔里,0160,4,95,173,272,4,276,0,276,74,350,78.8571
第15任總統副總統,在高雄市各投開票所,高雄市,　田寮區,南安里,0161,14,139,302,455,6,461,0,461,168,629,73.2909
第15任總統副總統,在高雄市各投開票所,高雄市,　田寮區,南安里,0162,2,67,202,271,2,273,0,273,124,397,68.7657
第15任總統副總統,在高雄市各投開票所,高雄市,　田寮區,大同里,0163,4,67,198,269,2,271,0,271,89,360,75.2778
第15任總統副總統,在高雄市各投開票所,高雄市,　田寮區,田寮里,0164,12,86,179,277,2,279,0,279,96,375,74.4000
第15任總統副總統,在高雄市各投開票所,高雄市,　田寮區,七星里,0165,15,109,336,460,9,469,0,469,146,615,76.2602
第15任總統副總統,在高雄市各投開票所,高雄市,　田寮區,崇德里,0166,26,242,452,720,7,727,0,727,191,918,79.1939
第15任總統副總統,在高雄市各投開票所,高雄市,　田寮區,西德里,0167,18,194,382,594,7,601,0,601,177,778,77.2494
第15任總統副總統,在高雄市各投開票所,高雄市,　田寮區,三和里,0168,6,99,144,249,1,250,0,250,115,365,68.4932
第15任總統副總統,在高雄市各投開票所,高雄市,　田寮區,古亭里,0169,6,96,224,326,3,329,0,329,155,484,67.9752
第15任總統副總統,在高雄市各投開票所,高雄市,　田寮區,新興里,0170,10,91,340,441,2,443,0,443,137,580,76.3793
第15任總統副總統,在高雄市各投開票所,高雄市,　田寮區,新興里,0171,7,112,349,468,4,472,0,472,117,589,80.1358
第15任總統副總統,在高雄市各投開票所,高雄市,　阿蓮區,石安里,0137,30,196,706,932,10,942,0,942,334,1276,73.8245
第15任總統副總統,在高雄市各投開票所,高雄市,　阿蓮區,中路里,0138,14,175,620,809,5,814,0,814,258,1072,75.9328
第15任總統副總統,在高雄市各投開票所,高雄市,　阿蓮區,中路里,0139,13,127,528,668,4,672,0,672,199,871,77.1527
第15任總統副總統,在高雄市各投開票所,高雄市,　阿蓮區,峯山里,0140,23,256,670,949,11,960,0,960,251,1211,79.2733
第15任總統副總統,在高雄市各投開票所,高雄市,　阿蓮區,港後里,0141,28,372,775,1175,19,1194,0,1194,345,1539,77.5828
第15任總統副總統,在高雄市各投開票所,高雄市,　阿蓮區,港後里,0142,14,136,278,428,7,435,0,435,114,549,79.2350
第15任總統副總統,在高雄市各投開票所,高雄市,　阿蓮區,崗山里,0143,12,161,408,581,5,586,0,586,177,763,76.8021
第15任總統副總統,在高雄市各投開票所,高雄市,　阿蓮區,阿蓮里,0144,25,257,605,887,8,895,0,895,295,1190,75.2101
第15任總統副總統,在高雄市各投開票所,高雄市,　阿蓮區,阿蓮里,0145,22,275,566,863,11,874,0,874,277,1151,75.9340
第15任總統副總統,在高雄市各投開票所,高雄市,　阿蓮區,阿蓮里,0146,21,232,610,863,12,875,0,875,290,1165,75.1073
第15任總統副總統,在高雄市各投開票所,高雄市,　阿蓮區,阿蓮里,0147,30,285,668,983,12,995,0,995,291,1286,77.3717
第15任總統副總統,在高雄市各投開票所,高雄市,　阿蓮區,清蓮里,0148,25,150,464,639,4,643,0,643,234,877,73.3181
第15任總統副總統,在高雄市各投開票所,高雄市,　阿蓮區,清蓮里,0149,12,193,430,635,3,638,0,638,188,826,77.2397
第15任總統副總統,在高雄市各投開票所,高雄市,　阿蓮區,清蓮里,0150,27,183,434,644,8,652,0,652,197,849,76.7962
第15任總統副總統,在高雄市各投開票所,高雄市,　阿蓮區,和蓮里,0151,23,203,592,818,4,822,0,822,200,1022,80.4305
第15任總統副總統,在高雄市各投開票所,高雄市,　阿蓮區,和蓮里,0152,29,229,703,961,6,967,0,967,235,1202,80.4493
第15任總統副總統,在高雄市各投開票所,高雄市,　阿蓮區,青旗里,0153,40,332,698,1070,13,1083,0,1083,359,1442,75.1040
第15任總統副總統,在高雄市各投開票所,高雄市,　阿蓮區,復安里,0154,22,152,476,650,4,654,0,654,168,822,79.5620
第15任總統副總統,在高雄市各投開票所,高雄市,　阿蓮區,復安里,0155,22,240,350,612,8,620,0,620,170,790,78.4810
第15任總統副總統,在高雄市各投開票所,高雄市,　阿蓮區,玉庫里,0156,19,174,596,789,8,797,0,797,212,1009,78.9891
第15任總統副總統,在高雄市各投開票所,高雄市,　阿蓮區,南蓮里,0157,30,235,534,799,7,806,0,806,246,1052,76.6160
第15任總統副總統,在高雄市各投開票所,高雄市,　阿蓮區,南蓮里,0158,20,271,460,751,7,758,0,758,271,1029,73.6638
第15任總統副總統,在高雄市各投開票所,高雄市,　阿蓮區,南蓮里,0159,29,217,387,633,6,639,0,639,167,806,79.2804
第15任總統副總統,在高雄市各投開票所,高雄市,　路竹區,竹滬里,0308,30,220,498,748,7,755,0,755,241,996,75.8032
第15任總統副總統,在高雄市各投開票所,高雄市,　路竹區,竹滬里,0309,30,208,552,790,12,802,0,802,237,1039,77.1896
第15任總統副總統,在高雄市各投開票所,高雄市,　路竹區,竹滬里,0310,39,279,489,807,12,819,0,819,297,1116,73.3871
第15任總統副總統,在高雄市各投開票所,高雄市,　路竹區,頂寮里,0311,28,267,584,879,7,886,0,886,258,1144,77.4476
第15任總統副總統,在高雄市各投開票所,高雄市,　路竹區,新達里,0312,23,283,626,932,17,949,0,949,244,1193,79.5474
第15任總統副總統,在高雄市各投開票所,高雄市,　路竹區,後鄉里,0313,24,219,601,844,14,858,0,858,218,1076,79.7398
第15任總統副總統,在高雄市各投開票所,高雄市,　路竹區,北嶺里,0314,29,253,657,939,13,952,0,952,248,1200,79.3333
第15任總統副總統,在高雄市各投開票所,高雄市,　路竹區,社西里,0315,39,284,526,849,20,869,0,869,262,1131,76.8347
第15任總統副總統,在高雄市各投開票所,高雄市,　路竹區,社西里,0316,29,263,554,846,12,858,0,858,235,1093,78.4995
第15任總統副總統,在高雄市各投開票所,高雄市,　路竹區,甲北里,0317,31,197,484,712,9,721,0,721,212,933,77.2776
第15任總統副總統,在高雄市各投開票所,高雄市,　路竹區,甲北里,0318,30,249,535,814,10,824,0,824,269,1093,75.3888
第15任總統副總統,在高雄市各投開票所,高雄市,　路竹區,甲南里,0319,28,224,502,754,11,765,0,765,230,995,76.8844
第15任總統副總統,在高雄市各投開票所,高雄市,　路竹區,甲南里,0320,37,279,419,735,12,747,0,747,221,968,77.1694
第15任總統副總統,在高雄市各投開票所,高雄市,　路竹區,甲南里,0321,25,288,509,822,9,831,0,831,414,1245,66.7470
第15任總統副總統,在高雄市各投開票所,高雄市,　路竹區,下坑里,0322,41,183,434,658,13,671,0,671,183,854,78.5714
第15任總統副總統,在高雄市各投開票所,高雄市,　路竹區,下坑里,0323,34,205,378,617,12,629,0,629,183,812,77.4631
第15任總統副總統,在高雄市各投開票所,高雄市,　路竹區,下坑里,0324,28,190,502,720,11,731,0,731,192,923,79.1983
第15任總統副總統,在高雄市各投開票所,高雄市,　路竹區,竹園里,0325,12,168,385,565,5,570,0,570,190,760,75.0000
第15任總統副總統,在高雄市各投開票所,高雄市,　路竹區,竹園里,0326,36,153,563,752,12,764,0,764,240,1004,76.0956
第15任總統副總統,在高雄市各投開票所,高雄市,　路竹區,竹東里,0327,29,236,449,714,7,721,0,721,195,916,78.7118
第15任總統副總統,在高雄市各投開票所,高雄市,　路竹區,竹東里,0328,23,202,341,566,4,570,0,570,147,717,79.4979
第15任總統副總統,在高雄市各投開票所,高雄市,　路竹區,竹東里,0329,20,218,426,664,8,672,0,672,189,861,78.0488
第15任總統副總統,在高雄市各投開票所,高雄市,　路竹區,竹東里,0330,29,222,430,681,6,687,0,687,160,847,81.1098
第15任總統副總統,在高雄市各投開票所,高雄市,　路竹區,竹西里,0331,23,254,501,778,5,783,0,783,239,1022,76.6145
第15任總統副總統,在高雄市各投開票所,高雄市,　路竹區,竹西里,0332,38,316,529,883,14,897,0,897,247,1144,78.4091
第15任總統副總統,在高雄市各投開票所,高雄市,　路竹區,文北里,0333,25,230,490,745,7,752,0,752,198,950,79.1579
第15任總統副總統,在高雄市各投開票所,高雄市,　路竹區,文北里,0334,37,210,506,753,15,768,0,768,217,985,77.9695
第15任總統副總統,在高雄市各投開票所,高雄市,　路竹區,文北里,0335,23,195,509,727,7,734,0,734,240,974,75.3593
第15任總統副總統,在高雄市各投開票所,高雄市,　路竹區,文南里,0336,42,302,597,941,13,954,0,954,263,1217,78.3895
第15任總統副總統,在高雄市各投開票所,高雄市,　路竹區,文南里,0337,39,293,521,853,7,860,0,860,196,1056,81.4394
第15任總統副總統,在高雄市各投開票所,高雄市,　路竹區,三爺里,0338,25,178,455,658,6,664,0,664,165,829,80.0965
第15任總統副總統,在高雄市各投開票所,高雄市,　路竹區,鴨寮里,0339,33,220,498,751,10,761,0,761,205,966,78.7785
第15任總統副總統,在高雄市各投開票所,高雄市,　路竹區,鴨寮里,0340,24,211,456,691,6,697,0,697,186,883,78.9354
第15任總統副總統,在高雄市各投開票所,高雄市,　路竹區,社東里,0341,28,179,414,621,7,628,0,628,162,790,79.4937
第15任總統副總統,在高雄市各投開票所,高雄市,　路竹區,社東里,0342,17,196,491,704,8,712,0,712,167,879,81.0011
第15任總統副總統,在高雄市各投開票所,高雄市,　路竹區,社中里,0343,17,191,408,616,6,622,0,622,229,851,73.0905
第15任總統副總統,在高雄市各投開票所,高雄市,　路竹區,竹南里,0344,27,222,462,711,7,718,0,718,176,894,80.3132
第15任總統副總統,在高雄市各投開票所,高雄市,　路竹區,竹南里,0345,21,251,408,680,10,690,0,690,176,866,79.6767
第15任總統副總統,在高雄市各投開票所,高雄市,　路竹區,竹南里,0346,30,219,392,641,4,645,0,645,231,876,73.6301
第15任總統副總統,在高雄市各投開票所,高雄市,　路竹區,社南里,0347,34,224,454,712,10,722,0,722,170,892,80.9417
第15任總統副總統,在高雄市各投開票所,高雄市,　路竹區,社南里,0348,25,216,424,665,4,669,0,669,167,836,80.0239
第15任總統副總統,在高雄市各投開票所,高雄市,　路竹區,社南里,0349,23,211,432,666,7,673,0,673,205,878,76.6515
第15任總統副總統,在高雄市各投開票所,高雄市,　路竹區,社南里,0350,34,205,488,727,8,735,0,735,161,896,82.0313
第15任總統副總統,在高雄市各投開票所,高雄市,　路竹區,社南里,0351,27,249,395,671,4,675,0,675,202,877,76.9669
第15任總統副總統,在高雄市各投開票所,高雄市,　湖內區,海山里,0281,21,243,550,814,13,827,0,827,242,1069,77.3620
第15任總統副總統,在高雄市各投開票所,高雄市,　湖內區,劉家里,0282,23,173,545,741,10,751,0,751,214,965,77.8238
第15任總統副總統,在高雄市各投開票所,高雄市,　湖內區,太爺里,0283,26,185,412,623,8,631,0,631,144,775,81.4194
第15任總統副總統,在高雄市各投開票所,高雄市,　湖內區,公舘里,0284,37,226,572,835,9,844,0,844,213,1057,79.8486
第15任總統副總統,在高雄市各投開票所,高雄市,　湖內區,公舘里,0285,34,249,548,831,13,844,0,844,227,1071,78.8049
第15任總統副總統,在高雄市各投開票所,高雄市,　湖內區,葉厝里,0286,24,140,521,685,8,693,0,693,198,891,77.7778
第15任總統副總統,在高雄市各投開票所,高雄市,　湖內區,葉厝里,0287,20,138,516,674,5,679,0,679,192,871,77.9564
第15任總統副總統,在高雄市各投開票所,高雄市,　湖內區,葉厝里,0288,17,140,479,636,11,647,0,647,165,812,79.6798
第15任總統副總統,在高雄市各投開票所,高雄市,　湖內區,大湖里,0289,20,235,384,639,17,656,0,656,202,858,76.4569
第15任總統副總統,在高雄市各投開票所,高雄市,　湖內區,大湖里,0290,31,227,463,721,2,723,0,723,191,914,79.1028
第15任總統副總統,在高雄市各投開票所,高雄市,　湖內區,大湖里,0291,26,233,420,679,3,682,0,682,204,886,76.9752
第15任總統副總統,在高雄市各投開票所,高雄市,　湖內區,大湖里,0292,34,227,409,670,1,671,0,671,217,888,75.5631
第15任總統副總統,在高雄市各投開票所,高雄市,　湖內區,田尾里,0293,21,241,484,746,12,758,0,758,199,957,79.2059
第15任總統副總統,在高雄市各投開票所,高雄市,　湖內區,湖內里,0294,25,184,383,592,7,599,0,599,171,770,77.7922
第15任總統副總統,在高雄市各投開票所,高雄市,　湖內區,湖內里,0295,24,187,438,649,8,657,0,657,157,814,80.7125
第15任總統副總統,在高雄市各投開票所,高雄市,　湖內區,湖內里,0296,35,235,465,735,6,741,0,741,247,988,75.0000
第15任總統副總統,在高雄市各投開票所,高雄市,　湖內區,湖內里,0297,30,251,488,769,8,777,0,777,258,1035,75.0725
第15任總統副總統,在高雄市各投開票所,高雄市,　湖內區,海埔里,0298,16,170,522,708,8,716,0,716,201,917,78.0807
第15任總統副總統,在高雄市各投開票所,高雄市,　湖內區,海埔里,0299,12,140,445,597,8,605,0,605,237,842,71.8527
第15任總統副總統,在高雄市各投開票所,高雄市,　湖內區,文賢里,0300,17,235,628,880,6,886,0,886,254,1140,77.7193
第15任總統副總統,在高雄市各投開票所,高雄市,　湖內區,中賢里,0301,21,192,523,736,7,743,0,743,311,1054,70.4934
第15任總統副總統,在高雄市各投開票所,高雄市,　湖內區,中賢里,0302,28,201,551,780,21,801,0,801,280,1081,74.0981
第15任總統副總統,在高雄市各投開票所,高雄市,　湖內區,逸賢里,0303,24,210,583,817,14,831,0,831,259,1090,76.2385
第15任總統副總統,在高雄市各投開票所,高雄市,　湖內區,忠興里,0304,10,165,359,534,11,545,0,545,128,673,80.9807
第15任總統副總統,在高雄市各投開票所,高雄市,　湖內區,湖東里,0305,28,275,383,686,10,696,0,696,208,904,76.9912
第15任總統副總統,在高雄市各投開票所,高雄市,　湖內區,湖東里,0306,34,256,352,642,7,649,0,649,240,889,73.0034
第15任總統副總統,在高雄市各投開票所,高雄市,　湖內區,湖東里,0307,27,195,364,586,0,586,0,586,249,835,70.1796
第15任總統副總統,在高雄市各投開票所,高雄市,　茄萣區,福德里,0259,12,168,581,761,11,772,0,772,184,956,80.7531
第15任總統副總統,在高雄市各投開票所,高雄市,　茄萣區,萬福里,0260,15,165,453,633,10,643,0,643,219,862,74.5940
第15任總統副總統,在高雄市各投開票所,高雄市,　茄萣區,白雲里,0261,33,430,798,1261,13,1274,0,1274,396,1670,76.2874
第15任總統副總統,在高雄市各投開票所,高雄市,　茄萣區,嘉賜里,0262,27,244,576,847,14,861,0,861,395,1256,68.5510
第15任總統副總統,在高雄市各投開票所,高雄市,　茄萣區,嘉賜里,0263,40,274,674,988,9,997,0,997,283,1280,77.8906
第15任總統副總統,在高雄市各投開票所,高雄市,　茄萣區,嘉賜里,0264,38,219,669,926,9,935,0,935,195,1130,82.7434
第15任總統副總統,在高雄市各投開票所,高雄市,　茄萣區,嘉安里,0265,44,367,881,1292,15,1307,0,1307,430,1737,75.2447
第15任總統副總統,在高雄市各投開票所,高雄市,　茄萣區,嘉樂里,0266,10,191,404,605,11,616,0,616,198,814,75.6757
第15任總統副總統,在高雄市各投開票所,高雄市,　茄萣區,嘉樂里,0267,31,295,634,960,5,965,0,965,252,1217,79.2933
第15任總統副總統,在高雄市各投開票所,高雄市,　茄萣區,嘉泰里,0268,34,209,555,798,16,814,0,814,261,1075,75.7209
第15任總統副總統,在高雄市各投開票所,高雄市,　茄萣區,嘉福里,0269,21,189,466,676,13,689,0,689,262,951,72.4501
第15任總統副總統,在高雄市各投開票所,高雄市,　茄萣區,和協里,0270,17,218,560,795,7,802,0,802,297,1099,72.9754
第15任總統副總統,在高雄市各投開票所,高雄市,　茄萣區,嘉定里,0271,20,196,571,787,5,792,0,792,305,1097,72.1969
第15任總統副總統,在高雄市各投開票所,高雄市,　茄萣區,保定里,0272,33,254,657,944,15,959,1,960,326,1286,74.5723
第15任總統副總統,在高雄市各投開票所,高雄市,　茄萣區,保定里,0273,38,313,855,1206,15,1221,0,1221,369,1590,76.7925
第15任總統副總統,在高雄市各投開票所,高雄市,　茄萣區,大定里,0274,27,276,500,803,7,810,0,810,279,1089,74.3802
第15任總統副總統,在高雄市各投開票所,高雄市,　茄萣區,光定里,0275,21,194,434,649,7,656,0,656,257,913,71.8510
第15任總統副總統,在高雄市各投開票所,高雄市,　茄萣區,吉定里,0276,20,194,622,836,9,845,0,845,250,1095,77.1689
第15任總統副總統,在高雄市各投開票所,高雄市,　茄萣區,崎漏里,0277,9,288,493,790,6,796,0,796,272,1068,74.5318
第15任總統副總統,在高雄市各投開票所,高雄市,　茄萣區,崎漏里,0278,26,250,496,772,10,782,0,782,245,1027,76.1441
第15任總統副總統,在高雄市各投開票所,高雄市,　茄萣區,崎漏里,0279,28,248,502,778,13,791,0,791,268,1059,74.6931
第15任總統副總統,在高雄市各投開票所,高雄市,　茄萣區,崎漏里,0280,24,276,610,910,6,916,0,916,354,1270,72.1260
第15任總統副總統,在高雄市各投開票所,高雄市,　永安區,永安里,0352,14,198,345,557,6,563,0,563,175,738,76.2873
第15任總統副總統,在高雄市各投開票所,高雄市,　永安區,永安里,0353,20,205,371,596,2,598,0,598,193,791,75.6005
第15任總統副總統,在高雄市各投開票所,高雄市,　永安區,永華里,0354,13,229,427,669,4,673,0,673,159,832,80.8894
第15任總統副總統,在高雄市各投開票所,高雄市,　永安區,永華里,0355,24,227,460,711,9,720,0,720,201,921,78.1759
第15任總統副總統,在高雄市各投開票所,高雄市,　永安區,新港里,0356,10,166,423,599,2,601,0,601,189,790,76.0759
第15任總統副總統,在高雄市各投開票所,高雄市,　永安區,新港里,0357,12,156,451,619,4,623,0,623,213,836,74.5215
第15任總統副總統,在高雄市各投開票所,高雄市,　永安區,新港里,0358,21,151,330,502,6,508,0,508,140,648,78.3951
第15任總統副總統,在高雄市各投開票所,高雄市,　永安區,鹽田里,0359,5,56,202,263,2,265,0,265,108,373,71.0456
第15任總統副總統,在高雄市各投開票所,高雄市,　永安區,保寧里,0360,26,333,657,1016,13,1029,0,1029,263,1292,79.6440
第15任總統副總統,在高雄市各投開票所,高雄市,　永安區,保寧里,0361,41,299,559,899,12,911,0,911,264,1175,77.5319
第15任總統副總統,在高雄市各投開票所,高雄市,　永安區,維新里,0362,39,208,617,864,18,882,0,882,232,1114,79.1741
第15任總統副總統,在高雄市各投開票所,高雄市,　永安區,維新里,0363,25,206,565,796,4,800,0,800,263,1063,75.2587
第15任總統副總統,在高雄市各投開票所,高雄市,　永安區,維新里,0364,43,254,537,834,6,840,0,840,282,1122,74.8663
第15任總統副總統,在高雄市各投開票所,高雄市,　彌陀區,光和里,0438,33,304,619,956,18,974,0,974,244,1218,79.9672
第15任總統副總統,在高雄市各投開票所,高雄市,　彌陀區,彌靖里,0439,26,211,417,654,10,664,0,664,191,855,77.6608
第15任總統副總統,在高雄市各投開票所,高雄市,　彌陀區,彌靖里,0440,28,217,487,732,8,740,0,740,198,938,78.8913
第15任總統副總統,在高雄市各投開票所,高雄市,　彌陀區,彌仁里,0441,14,148,233,395,2,397,0,397,132,529,75.0473
第15任總統副總統,在高雄市各投開票所,高雄市,　彌陀區,彌壽里,0442,19,239,330,588,6,594,0,594,120,714,83.1933
第15任總統副總統,在高雄市各投開票所,高雄市,　彌陀區,彌陀里,0443,22,276,372,670,8,678,0,678,149,827,81.9831
第15任總統副總統,在高雄市各投開票所,高雄市,　彌陀區,彌陀里,0444,23,214,434,671,12,683,0,683,185,868,78.6866
第15任總統副總統,在高雄市各投開票所,高雄市,　彌陀區,舊港里,0445,24,169,376,569,8,577,0,577,166,743,77.6581
第15任總統副總統,在高雄市各投開票所,高雄市,　彌陀區,舊港里,0446,14,210,399,623,12,635,0,635,151,786,80.7888
第15任總統副總統,在高雄市各投開票所,高雄市,　彌陀區,文安里,0447,24,197,456,677,8,685,0,685,182,867,79.0081
第15任總統副總統,在高雄市各投開票所,高雄市,　彌陀區,文安里,0448,27,190,387,604,12,616,0,616,184,800,77.0000
第15任總統副總統,在高雄市各投開票所,高雄市,　彌陀區,過港里,0449,25,225,444,694,11,705,0,705,206,911,77.3875
第15任總統副總統,在高雄市各投開票所,高雄市,　彌陀區,鹽埕里,0450,39,211,512,762,17,779,0,779,202,981,79.4088
第15任總統副總統,在高雄市各投開票所,高雄市,　彌陀區,鹽埕里,0451,29,242,525,796,15,811,0,811,188,999,81.1812
第15任總統副總統,在高雄市各投開票所,高雄市,　彌陀區,海尾里,0452,23,248,357,628,9,637,0,637,168,805,79.1304
第15任總統副總統,在高雄市各投開票所,高雄市,　彌陀區,漯底里,0453,40,320,533,893,8,901,0,901,212,1113,80.9524
第15任總統副總統,在高雄市各投開票所,高雄市,　彌陀區,南寮里,0454,22,339,538,899,7,906,0,906,265,1171,77.3698
第15任總統副總統,在高雄市各投開票所,高雄市,　彌陀區,南寮里,0455,21,191,443,655,14,669,0,669,171,840,79.6429
第15任總統副總統,在高雄市各投開票所,高雄市,　梓官區,梓信里,0456,25,207,574,806,9,815,0,815,190,1005,81.0945
第15任總統副總統,在高雄市各投開票所,高雄市,　梓官區,梓信里,0457,28,201,587,816,12,828,0,828,204,1032,80.2326
第15任總統副總統,在高雄市各投開票所,高雄市,　梓官區,梓義里,0458,25,164,544,733,6,739,0,739,179,918,80.5011
第15任總統副總統,在高雄市各投開票所,高雄市,　梓官區,梓義里,0459,21,216,524,761,10,771,0,771,292,1063,72.5306
第15任總統副總統,在高雄市各投開票所,高雄市,　梓官區,梓和里,0460,17,192,439,648,6,654,0,654,157,811,80.6412
第15任總統副總統,在高雄市各投開票所,高雄市,　梓官區,梓和里,0461,14,99,357,470,7,477,0,477,137,614,77.6873
第15任總統副總統,在高雄市各投開票所,高雄市,　梓官區,梓和里,0462,19,155,462,636,4,640,0,640,134,774,82.6873
第15任總統副總統,在高雄市各投開票所,高雄市,　梓官區,梓平里,0463,33,267,834,1134,16,1150,0,1150,261,1411,81.5025
第15任總統副總統,在高雄市各投開票所,高雄市,　梓官區,中崙里,0464,34,231,619,884,7,891,0,891,247,1138,78.2953
第15任總統副總統,在高雄市各投開票所,高雄市,　梓官區,同安里,0465,15,199,532,746,4,750,0,750,204,954,78.6164
第15任總統副總統,在高雄市各投開票所,高雄市,　梓官區,大舍里,0466,25,237,733,995,12,1007,0,1007,286,1293,77.8809
第15任總統副總統,在高雄市各投開票所,高雄市,　梓官區,大舍里,0467,40,273,635,948,7,955,0,955,248,1203,79.3849
第15任總統副總統,在高雄市各投開票所,高雄市,　梓官區,大舍里,0468,26,233,545,804,11,815,0,815,216,1031,79.0495
第15任總統副總統,在高雄市各投開票所,高雄市,　梓官區,赤崁里,0469,24,214,575,813,8,821,0,821,262,1083,75.8079
第15任總統副總統,在高雄市各投開票所,高雄市,　梓官區,赤崁里,0470,13,119,409,541,4,545,0,545,145,690,78.9855
第15任總統副總統,在高雄市各投開票所,高雄市,　梓官區,赤東里,0471,24,248,706,978,8,986,0,986,266,1252,78.7540
第15任總統副總統,在高雄市各投開票所,高雄市,　梓官區,赤東里,0472,15,176,514,705,11,716,0,716,219,935,76.5775
第15任總統副總統,在高雄市各投開票所,高雄市,　梓官區,赤西里,0473,27,217,365,609,8,617,0,617,163,780,79.1026
第15任總統副總統,在高雄市各投開票所,高雄市,　梓官區,禮蚵里,0474,19,182,607,808,13,821,0,821,199,1020,80.4902
第15任總統副總統,在高雄市各投開票所,高雄市,　梓官區,禮蚵里,0475,24,206,536,766,13,779,0,779,221,1000,77.9000
第15任總統副總統,在高雄市各投開票所,高雄市,　梓官區,智蚵里,0476,18,260,630,908,11,919,0,919,293,1212,75.8251
第15任總統副總統,在高雄市各投開票所,高雄市,　梓官區,智蚵里,0477,19,196,406,621,4,625,0,625,168,793,78.8146
第15任總統副總統,在高雄市各投開票所,高雄市,　梓官區,智蚵里,0478,23,223,409,655,4,659,0,659,147,806,81.7618
第15任總統副總統,在高雄市各投開票所,高雄市,　梓官區,信蚵里,0479,14,171,423,608,3,611,0,611,199,810,75.4321
第15任總統副總統,在高雄市各投開票所,高雄市,　梓官區,信蚵里,0480,42,357,758,1157,10,1167,0,1167,290,1457,80.0961
第15任總統副總統,在高雄市各投開票所,高雄市,　梓官區,茄苳里,0481,32,303,592,927,8,935,0,935,223,1158,80.7427
第15任總統副總統,在高雄市各投開票所,高雄市,　梓官區,茄苳里,0482,29,229,557,815,3,818,0,818,287,1105,74.0271
第15任總統副總統,在高雄市各投開票所,高雄市,　梓官區,典寶里,0483,33,237,629,899,12,911,0,911,246,1157,78.7381
第15任總統副總統,在高雄市各投開票所,高雄市,　梓官區,典寶里,0484,10,148,439,597,9,606,0,606,199,805,75.2795
第15任總統副總統,在高雄市各投開票所,高雄市,　梓官區,典寶里,0485,28,311,351,690,7,697,0,697,193,890,78.3146
第15任總統副總統,在高雄市各投開票所,高雄市,　旗山區,太平里,0064,31,281,495,807,8,815,0,815,234,1049,77.6930
第15任總統副總統,在高雄市各投開票所,高雄市,　旗山區,太平里,0065,38,271,457,766,9,775,0,775,309,1084,71.4945
第15任總統副總統,在高雄市各投開票所,高雄市,　旗山區,大德里,0066,38,327,451,816,13,829,0,829,236,1065,77.8404
第15任總統副總統,在高雄市各投開票所,高雄市,　旗山區,大德里,0067,39,343,524,906,16,922,0,922,265,1187,77.6748
第15任總統副總統,在高雄市各投開票所,高雄市,　旗山區,湄洲里,0068,21,269,364,654,1,655,0,655,227,882,74.2630
第15任總統副總統,在高雄市各投開票所,高雄市,　旗山區,湄洲里,0069,13,186,310,509,5,514,0,514,207,721,71.2899
第15任總統副總統,在高雄市各投開票所,高雄市,　旗山區,圓富里,0070,18,257,457,732,4,736,0,736,304,1040,70.7692
第15任總統副總統,在高雄市各投開票所,高雄市,　旗山區,圓富里,0071,17,192,292,501,2,503,0,503,205,708,71.0452
第15任總統副總統,在高雄市各投開票所,高雄市,　旗山區,中正里,0072,24,256,457,737,5,742,0,742,313,1055,70.3318
第15任總統副總統,在高雄市各投開票所,高雄市,　旗山區,中正里,0073,4,160,94,258,1,259,0,259,100,359,72.1448
第15任總統副總統,在高雄市各投開票所,高雄市,　旗山區,大林里,0074,18,206,382,606,8,614,0,614,238,852,72.0657
第15任總統副總統,在高雄市各投開票所,高雄市,　旗山區,大林里,0075,7,175,155,337,4,341,0,341,153,494,69.0283
第15任總統副總統,在高雄市各投開票所,高雄市,　旗山區,上洲里,0076,24,185,561,770,7,777,0,777,232,1009,77.0069
第15任總統副總統,在高雄市各投開票所,高雄市,　旗山區,新光里,0077,16,202,353,571,7,578,0,578,176,754,76.6578
第15任總統副總統,在高雄市各投開票所,高雄市,　旗山區,南勝里,0078,13,214,476,703,3,706,0,706,204,910,77.5824
第15任總統副總統,在高雄市各投開票所,高雄市,　旗山區,南勝里,0079,19,262,614,895,12,907,0,907,270,1177,77.0603
第15任總統副總統,在高雄市各投開票所,高雄市,　旗山區,中寮里,0080,4,29,98,131,7,138,0,138,41,179,77.0950
第15任總統副總統,在高雄市各投開票所,高雄市,　旗山區,東昌里,0081,15,303,421,739,5,744,0,744,242,986,75.4564
第15任總統副總統,在高雄市各投開票所,高雄市,　旗山區,東平里,0082,21,253,487,761,5,766,0,766,225,991,77.2957
第15任總統副總統,在高雄市各投開票所,高雄市,　旗山區,東平里,0083,23,289,395,707,4,711,0,711,206,917,77.5354
第15任總統副總統,在高雄市各投開票所,高雄市,　旗山區,竹峰里,0084,22,240,405,667,3,670,0,670,203,873,76.7468
第15任總統副總統,在高雄市各投開票所,高雄市,　旗山區,竹峰里,0085,20,175,282,477,5,482,0,482,170,652,73.9264
第15任總統副總統,在高雄市各投開票所,高雄市,　旗山區,瑞吉里,0086,15,218,455,688,6,694,0,694,235,929,74.7040
第15任總統副總統,在高雄市各投開票所,高雄市,　旗山區,瑞吉里,0087,25,250,493,768,6,774,0,774,258,1032,75.0000
第15任總統副總統,在高雄市各投開票所,高雄市,　旗山區,永和里,0088,30,253,514,797,6,803,0,803,258,1061,75.6833
第15任總統副總統,在高雄市各投開票所,高雄市,　旗山區,永和里,0089,19,239,437,695,4,699,0,699,314,1013,69.0030
第15任總統副總統,在高雄市各投開票所,高雄市,　旗山區,永和里,0090,24,251,538,813,5,818,0,818,295,1113,73.4951
第15任總統副總統,在高雄市各投開票所,高雄市,　旗山區,三協里,0091,40,278,342,660,7,667,0,667,212,879,75.8817
第15任總統副總統,在高雄市各投開票所,高雄市,　旗山區,三協里,0092,15,163,260,438,3,441,0,441,161,602,73.2558
第15任總統副總統,在高雄市各投開票所,高雄市,　旗山區,三協里,0093,14,133,327,474,10,484,0,484,190,674,71.8101
第15任總統副總統,在高雄市各投開票所,高雄市,　旗山區,鯤洲里,0094,16,111,416,543,5,548,0,548,171,719,76.2170
第15任總統副總統,在高雄市各投開票所,高雄市,　旗山區,大山里,0095,22,295,643,960,3,963,0,963,302,1265,76.1265
第15任總統副總統,在高雄市各投開票所,高雄市,　旗山區,中洲里,0096,13,163,438,614,5,619,0,619,188,807,76.7038
第15任總統副總統,在高雄市各投開票所,高雄市,　旗山區,南洲里,0097,30,317,662,1009,9,1018,0,1018,259,1277,79.7181
第15任總統副總統,在高雄市各投開票所,高雄市,　旗山區,廣福里,0098,14,216,230,460,4,464,0,464,136,600,77.3333
第15任總統副總統,在高雄市各投開票所,高雄市,　美濃區,福安里,0099,21,351,486,858,7,865,0,865,264,1129,76.6165
第15任總統副總統,在高雄市各投開票所,高雄市,　美濃區,福安里,0100,11,225,211,447,4,451,0,451,249,700,64.4286
第15任總統副總統,在高雄市各投開票所,高雄市,　美濃區,福安里,0101,12,228,280,520,5,525,0,525,190,715,73.4266
第15任總統副總統,在高雄市各投開票所,高雄市,　美濃區,合和里,0102,19,321,320,660,3,663,0,663,303,966,68.6335
第15任總統副總統,在高雄市各投開票所,高雄市,　美濃區,合和里,0103,11,230,224,465,6,471,0,471,178,649,72.5732
第15任總統副總統,在高雄市各投開票所,高雄市,　美濃區,合和里,0104,11,258,231,500,9,509,0,509,191,700,72.7143
第15任總統副總統,在高雄市各投開票所,高雄市,　美濃區,祿興里,0105,12,403,504,919,10,929,0,929,351,1280,72.5781
第15任總統副總統,在高雄市各投開票所,高雄市,　美濃區,祿興里,0106,25,420,468,913,3,916,0,916,304,1220,75.0820
第15任總統副總統,在高雄市各投開票所,高雄市,　美濃區,中壇里,0107,17,364,325,706,8,714,0,714,258,972,73.4568
第15任總統副總統,在高雄市各投開票所,高雄市,　美濃區,中壇里,0108,20,372,363,755,3,758,0,758,265,1023,74.0958
第15任總統副總統,在高雄市各投開票所,高雄市,　美濃區,德興里,0109,31,570,473,1074,16,1090,0,1090,353,1443,75.5371
第15任總統副總統,在高雄市各投開票所,高雄市,　美濃區,龍山里,0110,20,370,400,790,11,801,0,801,292,1093,73.2845
第15任總統副總統,在高雄市各投開票所,高雄市,　美濃區,龍山里,0111,24,332,375,731,2,733,0,733,274,1007,72.7905
第15任總統副總統,在高雄市各投開票所,高雄市,　美濃區,獅山里,0112,21,385,643,1049,7,1056,0,1056,356,1412,74.7875
第15任總統副總統,在高雄市各投開票所,高雄市,　美濃區,獅山里,0113,23,320,397,740,9,749,0,749,266,1015,73.7931
第15任總統副總統,在高雄市各投開票所,高雄市,　美濃區,龍肚里,0114,16,248,232,496,3,499,0,499,158,657,75.9513
第15任總統副總統,在高雄市各投開票所,高雄市,　美濃區,龍肚里,0115,5,240,295,540,4,544,0,544,197,741,73.4143
第15任總統副總統,在高雄市各投開票所,高雄市,　美濃區,廣德里,0116,23,364,529,916,10,926,0,926,368,1294,71.5611
第15任總統副總統,在高雄市各投開票所,高雄市,　美濃區,興隆里,0117,21,315,495,831,10,841,0,841,309,1150,73.1304
第15任總統副總統,在高雄市各投開票所,高雄市,　美濃區,中圳里,0118,20,263,349,632,7,639,0,639,250,889,71.8785
第15任總統副總統,在高雄市各投開票所,高雄市,　美濃區,中圳里,0119,19,409,424,852,2,854,0,854,299,1153,74.0676
第15任總統副總統,在高雄市各投開票所,高雄市,　美濃區,東門里,0120,18,360,462,840,11,851,0,851,355,1206,70.5638
第15任總統副總統,在高雄市各投開票所,高雄市,　美濃區,泰安里,0121,9,270,258,537,4,541,0,541,197,738,73.3062
第15任總統副總統,在高雄市各投開票所,高雄市,　美濃區,泰安里,0122,13,285,282,580,4,584,0,584,201,785,74.3949
第15任總統副總統,在高雄市各投開票所,高雄市,　美濃區,瀰濃里,0123,23,337,388,748,5,753,0,753,318,1071,70.3081
第15任總統副總統,在高雄市各投開票所,高雄市,　美濃區,瀰濃里,0124,22,357,390,769,7,776,0,776,333,1109,69.9729
第15任總統副總統,在高雄市各投開票所,高雄市,　美濃區,清水里,0125,17,284,373,674,4,678,0,678,260,938,72.2814
第15任總統副總統,在高雄市各投開票所,高雄市,　美濃區,清水里,0126,14,252,316,582,7,589,0,589,201,790,74.5570
第15任總統副總統,在高雄市各投開票所,高雄市,　美濃區,吉洋里,0127,8,300,340,648,10,658,0,658,250,908,72.4670
第15任總統副總統,在高雄市各投開票所,高雄市,　美濃區,吉洋里,0128,16,280,374,670,7,677,0,677,235,912,74.2325
第15任總統副總統,在高雄市各投開票所,高雄市,　美濃區,吉和里,0129,27,469,498,994,7,1001,0,1001,312,1313,76.2376
第15任總統副總統,在高雄市各投開票所,高雄市,　美濃區,吉東里,0130,15,282,370,667,2,669,0,669,224,893,74.9160
第15任總統副總統,在高雄市各投開票所,高雄市,　美濃區,吉東里,0131,18,254,372,644,5,649,0,649,235,884,73.4163
第15任總統副總統,在高雄市各投開票所,高雄市,　美濃區,廣林里,0132,15,248,293,556,6,562,0,562,231,793,70.8701
第15任總統副總統,在高雄市各投開票所,高雄市,　美濃區,廣林里,0133,10,180,267,457,6,463,0,463,201,664,69.7289
第15任總統副總統,在高雄市各投開票所,高雄市,　六龜區,新威里,0021,11,189,299,499,5,504,0,504,212,716,70.3911
第15任總統副總統,在高雄市各投開票所,高雄市,　六龜區,新興里,0022,10,160,265,435,5,440,0,440,203,643,68.4292
第15任總統副總統,在高雄市各投開票所,高雄市,　六龜區,新寮里,0023,15,160,284,459,1,460,0,460,166,626,73.4824
第15任總統副總統,在高雄市各投開票所,高雄市,　六龜區,新發里,0024,19,189,363,571,5,576,0,576,395,971,59.3203
第15任總統副總統,在高雄市各投開票所,高雄市,　六龜區,荖濃里,0025,28,268,464,760,6,766,0,766,576,1342,57.0790
第15任總統副總統,在高雄市各投開票所,高雄市,　六龜區,六龜里,0026,18,214,325,557,7,564,0,564,365,929,60.7104
第15任總統副總統,在高雄市各投開票所,高雄市,　六龜區,義寶里,0027,23,257,427,707,7,714,0,714,303,1017,70.2065
第15任總統副總統,在高雄市各投開票所,高雄市,　六龜區,興龍里,0028,6,155,317,478,5,483,0,483,299,782,61.7647
第15任總統副總統,在高雄市各投開票所,高雄市,　六龜區,中興里,0029,22,468,405,895,7,902,0,902,470,1372,65.7434
第15任總統副總統,在高雄市各投開票所,高雄市,　六龜區,寶來里,0030,11,255,329,595,4,599,0,599,288,887,67.5310
第15任總統副總統,在高雄市各投開票所,高雄市,　六龜區,文武里,0031,22,316,499,837,9,846,0,846,542,1388,60.9510
第15任總統副總統,在高雄市各投開票所,高雄市,　六龜區,大津里,0032,6,74,140,220,6,226,0,226,84,310,72.9032
第15任總統副總統,在高雄市各投開票所,高雄市,　甲仙區,東安里,0013,9,130,140,279,5,284,0,284,171,455,62.4176
第15任總統副總統,在高雄市各投開票所,高雄市,　甲仙區,西安里,0014,17,368,241,626,5,631,0,631,222,853,73.9742
第15任總統副總統,在高雄市各投開票所,高雄市,　甲仙區,和安里,0015,14,251,186,451,3,454,0,454,191,645,70.3876
第15任總統副總統,在高雄市各投開票所,高雄市,　甲仙區,大田里,0016,9,320,271,600,2,602,0,602,271,873,68.9576
第15任總統副總統,在高雄市各投開票所,高雄市,　甲仙區,大田里,0017,12,165,255,432,2,434,0,434,220,654,66.3609
第15任總統副總統,在高雄市各投開票所,高雄市,　甲仙區,寶隆里,0018,8,168,274,450,13,463,0,463,186,649,71.3405
第15任總統副總統,在高雄市各投開票所,高雄市,　甲仙區,關山里,0019,13,182,211,406,3,409,0,409,179,588,69.5578
第15任總統副總統,在高雄市各投開票所,高雄市,　甲仙區,小林里,0020,14,114,177,305,4,309,0,309,206,515,60.0000
第15任總統副總統,在高雄市各投開票所,高雄市,　杉林區,杉林里,0033,5,123,256,384,1,385,0,385,241,626,61.5016
第15任總統副總統,在高雄市各投開票所,高雄市,　杉林區,木梓里,0034,7,148,250,405,5,410,0,410,256,666,61.5616
第15任總統副總統,在高雄市各投開票所,高雄市,　杉林區,集來里,0035,15,259,481,755,11,766,0,766,474,1240,61.7742
第15任總統副總統,在高雄市各投開票所,高雄市,　杉林區,新庄里,0036,17,335,296,648,9,657,0,657,346,1003,65.5035
第15任總統副總統,在高雄市各投開票所,高雄市,　杉林區,新庄里,0037,4,121,197,322,2,324,0,324,149,473,68.4989
第15任總統副總統,在高雄市各投開票所,高雄市,　杉林區,上平里,0038,19,336,349,704,8,712,0,712,297,1009,70.5649
第15任總統副總統,在高雄市各投開票所,高雄市,　杉林區,上平里,0039,10,143,191,344,0,344,0,344,220,564,60.9929
第15任總統副總統,在高雄市各投開票所,高雄市,　杉林區,月眉里,0040,22,377,310,709,3,712,0,712,279,991,71.8466
第15任總統副總統,在高雄市各投開票所,高雄市,　杉林區,月眉里,0041,5,131,264,400,5,405,0,405,203,608,66.6118
第15任總統副總統,在高雄市各投開票所,高雄市,　杉林區,大愛里,0042,11,184,419,614,5,619,0,619,329,948,65.2954
第15任總統副總統,在高雄市各投開票所,高雄市,　杉林區,大愛里,0043,21,329,218,568,5,573,0,573,388,961,59.6254
第15任總統副總統,在高雄市各投開票所,高雄市,　杉林區,月美里,0044,18,334,488,840,8,848,0,848,364,1212,69.9670
第15任總統副總統,在高雄市各投開票所,高雄市,　內門區,溝坪里,0045,18,249,349,616,6,622,1,623,320,943,65.9597
第15任總統副總統,在高雄市各投開票所,高雄市,　內門區,金竹里,0046,3,145,310,458,3,461,0,461,168,629,73.2909
第15任總統副總統,在高雄市各投開票所,高雄市,　內門區,永富里,0047,15,259,382,656,13,669,0,669,272,941,71.0946
第15任總統副總統,在高雄市各投開票所,高雄市,　內門區,永吉里,0048,5,116,177,298,4,302,0,302,110,412,73.3010
第15任總統副總統,在高雄市各投開票所,高雄市,　內門區,永興里,0049,6,113,144,263,6,269,0,269,125,394,68.2741
第15任總統副總統,在高雄市各投開票所,高雄市,　內門區,石坑里,0050,9,116,219,344,3,347,0,347,137,484,71.6942
第15任總統副總統,在高雄市各投開票所,高雄市,　內門區,內門里,0051,19,286,399,704,4,708,0,708,230,938,75.4797
第15任總統副總統,在高雄市各投開票所,高雄市,　內門區,內豊里,0052,24,360,491,875,5,880,0,880,306,1186,74.1990
第15任總統副總統,在高雄市各投開票所,高雄市,　內門區,觀亭里,0053,17,219,346,582,2,584,0,584,230,814,71.7445
第15任總統副總統,在高雄市各投開票所,高雄市,　內門區,觀亭里,0054,17,249,363,629,10,639,0,639,198,837,76.3441
第15任總統副總統,在高雄市各投開票所,高雄市,　內門區,中埔里,0055,16,185,193,394,5,399,0,399,136,535,74.5794
第15任總統副總統,在高雄市各投開票所,高雄市,　內門區,內東里,0056,17,208,367,592,4,596,0,596,166,762,78.2152
第15任總統副總統,在高雄市各投開票所,高雄市,　內門區,內南里,0057,14,126,139,279,2,281,0,281,125,406,69.2118
第15任總統副總統,在高雄市各投開票所,高雄市,　內門區,東埔里,0058,18,108,222,348,3,351,0,351,130,481,72.9730
第15任總統副總統,在高雄市各投開票所,高雄市,　內門區,三平里,0059,12,148,274,434,10,444,0,444,195,639,69.4836
第15任總統副總統,在高雄市各投開票所,高雄市,　內門區,木柵里,0060,7,132,272,411,4,415,0,415,164,579,71.6753
第15任總統副總統,在高雄市各投開票所,高雄市,　內門區,內興里,0061,8,82,322,412,0,412,0,412,173,585,70.4274
第15任總統副總統,在高雄市各投開票所,高雄市,　內門區,瑞山里,0062,10,111,116,237,0,237,0,237,89,326,72.6994
第15任總統副總統,在高雄市各投開票所,高雄市,　內門區,光興里,0063,10,188,293,491,6,497,0,497,151,648,76.6975
第15任總統副總統,在高雄市各投開票所,高雄市,　茂林區,多納里,0134,8,279,63,350,4,354,0,354,122,476,74.3697
第15任總統副總統,在高雄市各投開票所,高雄市,　茂林區,萬山里,0135,5,199,79,283,2,285,0,285,79,364,78.2967
第15任總統副總統,在高雄市各投開票所,高雄市,　茂林區,茂林里,0136,7,399,125,531,3,534,0,534,148,682,78.2991
第15任總統副總統,在高雄市各投開票所,高雄市,　桃源區,梅山里,0001,3,127,52,182,2,184,0,184,64,248,74.1935
第15任總統副總統,在高雄市各投開票所,高雄市,　桃源區,拉芙蘭里,0002,8,104,67,179,2,181,0,181,56,237,76.3713
第15任總統副總統,在高雄市各投開票所,高雄市,　桃源區,復興里,0003,3,146,49,198,1,199,0,199,70,269,73.9777
第15任總統副總統,在高雄市各投開票所,高雄市,　桃源區,勤和里,0004,3,115,33,151,4,155,0,155,54,209,74.1627
第15任總統副總統,在高雄市各投開票所,高雄市,　桃源區,桃源里,0005,16,357,101,474,4,478,0,478,257,735,65.0340
第15任總統副總統,在高雄市各投開票所,高雄市,　桃源區,高中里,0006,11,288,114,413,5,418,0,418,194,612,68.3007
第15任總統副總統,在高雄市各投開票所,高雄市,　桃源區,建山里,0007,14,304,70,388,3,391,0,391,188,579,67.5302
第15任總統副總統,在高雄市各投開票所,高雄市,　桃源區,寶山里,0008,6,233,59,298,3,301,0,301,154,455,66.1538
第15任總統副總統,在高雄市各投開票所,高雄市,　那瑪夏區,達卡努瓦里,0009,8,353,76,437,3,440,0,440,273,713,61.7111
第15任總統副總統,在高雄市各投開票所,高雄市,　那瑪夏區,達卡努瓦里,0010,4,253,114,371,4,375,0,375,186,561,66.8449
第15任總統副總統,在高雄市各投開票所,高雄市,　那瑪夏區,瑪雅里,0011,6,354,73,433,3,436,1,437,146,583,74.7856
第15任總統副總統,在高雄市各投開票所,高雄市,　那瑪夏區,南沙魯里,0012,9,185,167,361,2,363,0,363,118,481,75.4678
第15任總統副總統,在基隆市各投開票所,基隆市,　中正區,長潭里,0001,14,99,234,347,6,353,0,353,95,448,78.7946
第15任總統副總統,在基隆市各投開票所,基隆市,　中正區,砂子里,0002,53,305,508,866,10,876,0,876,362,1238,70.7593
第15任總統副總統,在基隆市各投開票所,基隆市,　中正區,砂子里,0003,51,371,390,812,6,818,0,818,402,1220,67.0492
第15任總統副總統,在基隆市各投開票所,基隆市,　中正區,砂子里,0004,44,452,446,942,9,951,0,951,487,1438,66.1335
第15任總統副總統,在基隆市各投開票所,基隆市,　中正區,砂子里,0005,47,436,411,894,15,909,0,909,472,1381,65.8219
第15任總統副總統,在基隆市各投開票所,基隆市,　中正區,八斗里,0006,36,257,728,1021,12,1033,0,1033,380,1413,73.1069
第15任總統副總統,在基隆市各投開票所,基隆市,　中正區,碧砂里,0007,38,273,513,824,8,832,0,832,387,1219,68.2527
第15任總統副總統,在基隆市各投開票所,基隆市,　中正區,新富里,0008,47,454,484,985,8,993,0,993,379,1372,72.3761
第15任總統副總統,在基隆市各投開票所,基隆市,　中正區,新富里,0009,68,486,525,1079,11,1090,0,1090,417,1507,72.3291
第15任總統副總統,在基隆市各投開票所,基隆市,　中正區,新富里,0010,26,242,217,485,4,489,0,489,268,757,64.5971
第15任總統副總統,在基隆市各投開票所,基隆市,　中正區,新富里,0011,46,355,399,800,7,807,0,807,476,1283,62.8995
第15任總統副總統,在基隆市各投開票所,基隆市,　中正區,新豐里,0012,47,416,472,935,10,945,0,945,419,1364,69.2815
第15任總統副總統,在基隆市各投開票所,基隆市,　中正區,新豐里,0013,41,473,469,983,10,993,0,993,384,1377,72.1133
第15任總統副總統,在基隆市各投開票所,基隆市,　中正區,新豐里,0014,54,341,331,726,11,737,0,737,277,1014,72.6824
第15任總統副總統,在基隆市各投開票所,基隆市,　中正區,新豐里,0015,33,327,268,628,5,633,0,633,224,857,73.8623
第15任總統副總統,在基隆市各投開票所,基隆市,　中正區,新豐里,0016,39,235,250,524,7,531,0,531,220,751,70.7057
第15任總統副總統,在基隆市各投開票所,基隆市,　中正區,平寮里,0017,40,314,480,834,18,852,0,852,364,1216,70.0658
第15任總統副總統,在基隆市各投開票所,基隆市,　中正區,社寮里,0018,38,283,363,684,8,692,0,692,298,990,69.8990
第15任總統副總統,在基隆市各投開票所,基隆市,　中正區,社寮里,0019,22,164,312,498,3,501,0,501,190,691,72.5036
第15任總統副總統,在基隆市各投開票所,基隆市,　中正區,和憲里,0020,22,332,261,615,4,619,0,619,329,948,65.2954
第15任總統副總統,在基隆市各投開票所,基隆市,　中正區,海濱里,0021,46,417,308,771,6,777,0,777,349,1126,69.0053
第15任總統副總統,在基隆市各投開票所,基隆市,　中正區,正濱里,0022,31,302,330,663,9,672,0,672,263,935,71.8717
第15任總統副總統,在基隆市各投開票所,基隆市,　中正區,中正里,0023,51,493,617,1161,12,1173,0,1173,456,1629,72.0074
第15任總統副總統,在基隆市各投開票所,基隆市,　中正區,中濱里,0024,39,433,443,915,11,926,0,926,327,1253,73.9026
第15任總統副總統,在基隆市各投開票所,基隆市,　中正區,建國里,0025,47,427,302,776,5,781,0,781,291,1072,72.8545
第15任總統副總統,在基隆市各投開票所,基隆市,　中正區,建國里,0026,35,315,227,577,7,584,0,584,241,825,70.7879
第15任總統副總統,在基隆市各投開票所,基隆市,　中正區,砂灣里,0027,50,377,347,774,10,784,0,784,306,1090,71.9266
第15任總統副總統,在基隆市各投開票所,基隆市,　中正區,砂灣里,0028,23,321,226,570,10,580,0,580,269,849,68.3157
第15任總統副總統,在基隆市各投開票所,基隆市,　中正區,真砂里,0029,52,443,476,971,13,984,0,984,308,1292,76.1610
第15任總統副總統,在基隆市各投開票所,基隆市,　中正區,正砂里,0030,41,407,423,871,15,886,1,887,299,1186,74.7049
第15任總統副總統,在基隆市各投開票所,基隆市,　中正區,正砂里,0031,45,420,312,777,10,787,0,787,292,1079,72.9379
第15任總統副總統,在基隆市各投開票所,基隆市,　中正區,中砂里,0032,45,412,460,917,10,927,0,927,636,1563,59.3090
第15任總統副總統,在基隆市各投開票所,基隆市,　中正區,入船里,0033,26,231,287,544,14,558,0,558,201,759,73.5178
第15任總統副總統,在基隆市各投開票所,基隆市,　中正區,正船里,0034,44,439,428,911,10,921,0,921,308,1229,74.9390
第15任總統副總統,在基隆市各投開票所,基隆市,　中正區,中船里,0035,53,346,411,810,15,825,0,825,312,1137,72.5594
第15任總統副總統,在基隆市各投開票所,基隆市,　中正區,港通里,0036,43,345,472,860,14,874,0,874,274,1148,76.1324
第15任總統副總統,在基隆市各投開票所,基隆市,　中正區,義重里,0037,45,331,363,739,11,750,0,750,260,1010,74.2574
第15任總統副總統,在基隆市各投開票所,基隆市,　中正區,正義里,0038,33,363,445,841,14,855,0,855,327,1182,72.3350
第15任總統副總統,在基隆市各投開票所,基隆市,　中正區,信義里,0039,38,253,332,623,12,635,0,635,235,870,72.9885
第15任總統副總統,在基隆市各投開票所,基隆市,　中正區,德義里,0040,25,197,270,492,3,495,0,495,180,675,73.3333
第15任總統副總統,在基隆市各投開票所,基隆市,　七堵區,長興里,0234,53,354,490,897,20,917,0,917,301,1218,75.2874
第15任總統副總統,在基隆市各投開票所,基隆市,　七堵區,長興里,0235,46,391,415,852,7,859,0,859,314,1173,73.2310
第15任總統副總統,在基隆市各投開票所,基隆市,　七堵區,長興里,0236,51,418,419,888,4,892,0,892,342,1234,72.2853
第15任總統副總統,在基隆市各投開票所,基隆市,　七堵區,正光里,0237,41,334,463,838,7,845,0,845,245,1090,77.5229
第15任總統副總統,在基隆市各投開票所,基隆市,　七堵區,正光里,0238,45,414,429,888,10,898,0,898,453,1351,66.4693
第15任總統副總統,在基隆市各投開票所,基隆市,　七堵區,正明里,0239,35,312,374,721,6,727,0,727,227,954,76.2055
第15任總統副總統,在基隆市各投開票所,基隆市,　七堵區,正明里,0240,45,269,368,682,7,689,0,689,212,901,76.4706
第15任總統副總統,在基隆市各投開票所,基隆市,　七堵區,富民里,0241,43,330,433,806,6,812,0,812,253,1065,76.2441
第15任總統副總統,在基隆市各投開票所,基隆市,　七堵區,富民里,0242,51,453,424,928,16,944,0,944,272,1216,77.6316
第15任總統副總統,在基隆市各投開票所,基隆市,　七堵區,富民里,0243,57,424,342,823,18,841,0,841,300,1141,73.7073
第15任總統副總統,在基隆市各投開票所,基隆市,　七堵區,永平里,0244,47,296,362,705,7,712,0,712,215,927,76.8069
第15任總統副總統,在基隆市各投開票所,基隆市,　七堵區,永平里,0245,22,337,348,707,2,709,0,709,207,916,77.4017
第15任總統副總統,在基隆市各投開票所,基隆市,　七堵區,永安里,0246,68,406,426,900,7,907,0,907,261,1168,77.6541
第15任總統副總統,在基隆市各投開票所,基隆市,　七堵區,永安里,0247,40,307,365,712,2,714,0,714,257,971,73.5324
第15任總統副總統,在基隆市各投開票所,基隆市,　七堵區,八德里,0248,7,88,100,195,2,197,0,197,78,275,71.6364
第15任總統副總統,在基隆市各投開票所,基隆市,　七堵區,八德里,0249,58,324,464,846,6,852,0,852,343,1195,71.2971
第15任總統副總統,在基隆市各投開票所,基隆市,　七堵區,自強里,0250,50,343,400,793,13,806,0,806,303,1109,72.6781
第15任總統副總統,在基隆市各投開票所,基隆市,　七堵區,泰安里,0251,55,346,474,875,13,888,0,888,315,1203,73.8155
第15任總統副總統,在基隆市各投開票所,基隆市,　七堵區,泰安里,0252,83,489,646,1218,11,1229,0,1229,457,1686,72.8944
第15任總統副總統,在基隆市各投開票所,基隆市,　七堵區,泰安里,0253,55,390,467,912,11,923,0,923,367,1290,71.5504
第15任總統副總統,在基隆市各投開票所,基隆市,　七堵區,六堵里,0254,37,302,347,686,12,698,0,698,266,964,72.4066
第15任總統副總統,在基隆市各投開票所,基隆市,　七堵區,六堵里,0255,57,389,541,987,10,997,0,997,277,1274,78.2575
第15任總統副總統,在基隆市各投開票所,基隆市,　七堵區,堵南里,0256,35,259,431,725,5,730,0,730,288,1018,71.7092
第15任總統副總統,在基隆市各投開票所,基隆市,　七堵區,堵南里,0257,26,261,359,646,7,653,0,653,312,965,67.6684
第15任總統副總統,在基隆市各投開票所,基隆市,　七堵區,長安里,0258,37,330,450,817,8,825,0,825,347,1172,70.3925
第15任總統副總統,在基隆市各投開票所,基隆市,　七堵區,長安里,0259,41,372,463,876,7,883,0,883,374,1257,70.2466
第15任總統副總統,在基隆市各投開票所,基隆市,　七堵區,堵北里,0260,67,453,760,1280,11,1291,0,1291,444,1735,74.4092
第15任總統副總統,在基隆市各投開票所,基隆市,　七堵區,堵北里,0261,68,438,758,1264,14,1278,0,1278,433,1711,74.6932
第15任總統副總統,在基隆市各投開票所,基隆市,　七堵區,百福里,0262,64,374,593,1031,5,1036,0,1036,402,1438,72.0445
第15任總統副總統,在基隆市各投開票所,基隆市,　七堵區,百福里,0263,71,370,626,1067,9,1076,0,1076,387,1463,73.5475
第15任總統副總統,在基隆市各投開票所,基隆市,　七堵區,百福里,0264,57,370,604,1031,11,1042,0,1042,374,1416,73.5876
第15任總統副總統,在基隆市各投開票所,基隆市,　七堵區,百福里,0265,45,488,617,1150,6,1156,0,1156,367,1523,75.9028
第15任總統副總統,在基隆市各投開票所,基隆市,　七堵區,實踐里,0266,46,376,533,955,8,963,0,963,382,1345,71.5985
第15任總統副總統,在基隆市各投開票所,基隆市,　七堵區,實踐里,0267,43,264,440,747,12,759,0,759,282,1041,72.9107
第15任總統副總統,在基隆市各投開票所,基隆市,　七堵區,實踐里,0268,55,394,511,960,8,968,0,968,354,1322,73.2224
第15任總統副總統,在基隆市各投開票所,基隆市,　七堵區,瑪南里,0269,24,106,173,303,3,306,0,306,97,403,75.9305
第15任總統副總統,在基隆市各投開票所,基隆市,　七堵區,瑪東里,0270,8,100,126,234,5,239,0,239,90,329,72.6444
第15任總統副總統,在基隆市各投開票所,基隆市,　七堵區,瑪西里,0271,10,102,141,253,3,256,0,256,84,340,75.2941
第15任總統副總統,在基隆市各投開票所,基隆市,　七堵區,友一里,0272,32,337,342,711,8,719,0,719,219,938,76.6525
第15任總統副總統,在基隆市各投開票所,基隆市,　七堵區,友一里,0273,35,374,298,707,5,712,0,712,226,938,75.9062
第15任總統副總統,在基隆市各投開票所,基隆市,　七堵區,友二里,0274,5,134,194,333,5,338,0,338,104,442,76.4706
第15任總統副總統,在基隆市各投開票所,基隆市,　暖暖區,八西里,0204,51,408,526,985,7,992,0,992,388,1380,71.8841
第15任總統副總統,在基隆市各投開票所,基隆市,　暖暖區,八中里,0205,18,119,173,310,1,311,0,311,131,442,70.3620
第15任總統副總統,在基隆市各投開票所,基隆市,　暖暖區,八堵里,0206,19,188,271,478,4,482,0,482,158,640,75.3125
第15任總統副總統,在基隆市各投開票所,基隆市,　暖暖區,八南里,0207,19,199,295,513,8,521,0,521,212,733,71.0778
第15任總統副總統,在基隆市各投開票所,基隆市,　暖暖區,過港里,0208,39,395,323,757,9,766,0,766,268,1034,74.0812
第15任總統副總統,在基隆市各投開票所,基隆市,　暖暖區,過港里,0209,54,424,412,890,10,900,0,900,312,1212,74.2574
第15任總統副總統,在基隆市各投開票所,基隆市,　暖暖區,過港里,0210,56,375,499,930,16,946,0,946,376,1322,71.5582
第15任總統副總統,在基隆市各投開票所,基隆市,　暖暖區,暖暖里,0211,53,493,542,1088,25,1113,0,1113,324,1437,77.4530
第15任總統副總統,在基隆市各投開票所,基隆市,　暖暖區,暖暖里,0212,47,318,422,787,10,797,0,797,311,1108,71.9314
第15任總統副總統,在基隆市各投開票所,基隆市,　暖暖區,暖同里,0213,33,354,400,787,6,793,0,793,292,1085,73.0876
第15任總統副總統,在基隆市各投開票所,基隆市,　暖暖區,暖同里,0214,54,443,416,913,18,931,0,931,481,1412,65.9348
第15任總統副總統,在基隆市各投開票所,基隆市,　暖暖區,暖東里,0215,13,115,155,283,4,287,3,290,116,406,70.6897
第15任總統副總統,在基隆市各投開票所,基隆市,　暖暖區,暖西里,0216,48,424,545,1017,20,1037,0,1037,333,1370,75.6934
第15任總統副總統,在基隆市各投開票所,基隆市,　暖暖區,暖西里,0217,39,322,407,768,8,776,0,776,225,1001,77.5225
第15任總統副總統,在基隆市各投開票所,基隆市,　暖暖區,暖西里,0218,44,345,389,778,8,786,0,786,264,1050,74.8571
第15任總統副總統,在基隆市各投開票所,基隆市,　暖暖區,暖西里,0219,41,330,390,761,10,771,0,771,302,1073,71.8546
第15任總統副總統,在基隆市各投開票所,基隆市,　暖暖區,碇內里,0220,51,428,456,935,7,942,0,942,303,1245,75.6627
第15任總統副總統,在基隆市各投開票所,基隆市,　暖暖區,碇內里,0221,51,488,435,974,9,983,0,983,344,1327,74.0769
第15任總統副總統,在基隆市各投開票所,基隆市,　暖暖區,碇和里,0222,29,528,178,735,6,741,0,741,212,953,77.7545
第15任總統副總統,在基隆市各投開票所,基隆市,　暖暖區,碇和里,0223,36,327,330,693,7,700,0,700,244,944,74.1525
第15任總統副總統,在基隆市各投開票所,基隆市,　暖暖區,碇和里,0224,32,299,357,688,5,693,0,693,231,924,75.0000
第15任總統副總統,在基隆市各投開票所,基隆市,　暖暖區,碇祥里,0225,58,345,425,828,6,834,0,834,310,1144,72.9021
第15任總統副總統,在基隆市各投開票所,基隆市,　暖暖區,碇祥里,0226,45,348,368,761,7,768,0,768,405,1173,65.4731
第15任總統副總統,在基隆市各投開票所,基隆市,　暖暖區,碇祥里,0227,52,403,389,844,7,851,0,851,273,1124,75.7117
第15任總統副總統,在基隆市各投開票所,基隆市,　暖暖區,碇祥里,0228,58,445,411,914,10,924,0,924,349,1273,72.5844
第15任總統副總統,在基隆市各投開票所,基隆市,　暖暖區,碇祥里,0229,43,286,275,604,8,612,0,612,308,920,66.5217
第15任總統副總統,在基隆市各投開票所,基隆市,　暖暖區,碇安里,0230,67,405,470,942,21,963,0,963,311,1274,75.5887
第15任總統副總統,在基隆市各投開票所,基隆市,　暖暖區,碇安里,0231,47,371,426,844,7,851,0,851,310,1161,73.2989
第15任總統副總統,在基隆市各投開票所,基隆市,　暖暖區,碇安里,0232,49,311,350,710,9,719,0,719,239,958,75.0522
第15任總統副總統,在基隆市各投開票所,基隆市,　暖暖區,碇安里,0233,60,424,502,986,3,989,0,989,327,1316,75.1520
第15任總統副總統,在基隆市各投開票所,基隆市,　仁愛區,林泉里,0079,30,221,309,560,11,571,0,571,299,870,65.6322
第15任總統副總統,在基隆市各投開票所,基隆市,　仁愛區,林泉里,0080,47,256,333,636,4,640,0,640,208,848,75.4717
第15任總統副總統,在基隆市各投開票所,基隆市,　仁愛區,花崗里,0081,33,315,425,773,9,782,0,782,239,1021,76.5916
第15任總統副總統,在基隆市各投開票所,基隆市,　仁愛區,虹橋里,0082,42,310,331,683,8,691,0,691,265,956,72.2803
第15任總統副總統,在基隆市各投開票所,基隆市,　仁愛區,虹橋里,0083,16,186,206,408,4,412,0,412,137,549,75.0455
第15任總統副總統,在基隆市各投開票所,基隆市,　仁愛區,水錦里,0084,63,561,569,1193,11,1204,0,1204,477,1681,71.6240
第15任總統副總統,在基隆市各投開票所,基隆市,　仁愛區,智仁里,0085,39,394,469,902,4,906,0,906,307,1213,74.6908
第15任總統副總統,在基隆市各投開票所,基隆市,　仁愛區,智仁里,0086,32,333,391,756,11,767,0,767,297,1064,72.0865
第15任總統副總統,在基隆市各投開票所,基隆市,　仁愛區,和明里,0087,36,220,292,548,8,556,1,557,185,742,74.9326
第15任總統副總統,在基隆市各投開票所,基隆市,　仁愛區,和明里,0088,46,303,309,658,8,666,0,666,219,885,75.2542
第15任總統副總統,在基隆市各投開票所,基隆市,　仁愛區,忠勇里,0089,28,269,370,667,6,673,0,673,233,906,74.2826
第15任總統副總統,在基隆市各投開票所,基隆市,　仁愛區,玉田里,0090,26,284,401,711,4,715,0,715,239,954,74.9476
第15任總統副總統,在基隆市各投開票所,基隆市,　仁愛區,仁德里,0091,33,249,367,649,6,655,0,655,207,862,75.9861
第15任總統副總統,在基隆市各投開票所,基隆市,　仁愛區,博愛里,0092,37,320,432,789,9,798,0,798,219,1017,78.4661
第15任總統副總統,在基隆市各投開票所,基隆市,　仁愛區,博愛里,0093,19,129,162,310,6,316,0,316,106,422,74.8815
第15任總統副總統,在基隆市各投開票所,基隆市,　仁愛區,福仁里,0094,26,197,334,557,7,564,0,564,179,743,75.9085
第15任總統副總統,在基隆市各投開票所,基隆市,　仁愛區,誠仁里,0095,39,249,397,685,6,691,0,691,229,920,75.1087
第15任總統副總統,在基隆市各投開票所,基隆市,　仁愛區,吉仁里,0096,55,353,525,933,11,944,0,944,355,1299,72.6713
第15任總統副總統,在基隆市各投開票所,基隆市,　仁愛區,吉仁里,0097,40,342,464,846,10,856,0,856,415,1271,67.3485
第15任總統副總統,在基隆市各投開票所,基隆市,　仁愛區,育仁里,0098,21,166,331,518,2,520,0,520,218,738,70.4607
第15任總統副總統,在基隆市各投開票所,基隆市,　仁愛區,英仁里,0099,22,176,264,462,2,464,0,464,164,628,73.8854
第15任總統副總統,在基隆市各投開票所,基隆市,　仁愛區,英仁里,0100,28,175,238,441,2,443,0,443,193,636,69.6541
第15任總統副總統,在基隆市各投開票所,基隆市,　仁愛區,龍門里,0101,32,184,347,563,4,567,0,567,192,759,74.7036
第15任總統副總統,在基隆市各投開票所,基隆市,　仁愛區,德厚里,0102,78,528,629,1235,20,1255,0,1255,424,1679,74.7469
第15任總統副總統,在基隆市各投開票所,基隆市,　仁愛區,曲水里,0103,26,211,336,573,6,579,0,579,227,806,71.8362
第15任總統副總統,在基隆市各投開票所,基隆市,　仁愛區,崇文里,0104,40,253,339,632,7,639,0,639,193,832,76.8029
第15任總統副總統,在基隆市各投開票所,基隆市,　仁愛區,文安里,0105,13,241,334,588,7,595,0,595,233,828,71.8599
第15任總統副總統,在基隆市各投開票所,基隆市,　仁愛區,兆連里,0106,27,245,241,513,5,518,0,518,162,680,76.1765
第15任總統副總統,在基隆市各投開票所,基隆市,　仁愛區,獅球里,0107,42,295,355,692,7,699,0,699,268,967,72.2854
第15任總統副總統,在基隆市各投開票所,基隆市,　仁愛區,書院里,0108,38,292,396,726,14,740,0,740,298,1038,71.2909
第15任總統副總統,在基隆市各投開票所,基隆市,　仁愛區,朝棟里,0109,37,387,412,836,11,847,0,847,365,1212,69.8845
第15任總統副總統,在基隆市各投開票所,基隆市,　仁愛區,朝棟里,0110,57,641,422,1120,10,1130,0,1130,318,1448,78.0387
第15任總統副總統,在基隆市各投開票所,基隆市,　仁愛區,光華里,0111,33,337,439,809,5,814,0,814,498,1312,62.0427
第15任總統副總統,在基隆市各投開票所,基隆市,　仁愛區,光華里,0112,40,380,434,854,10,864,0,864,243,1107,78.0488
第15任總統副總統,在基隆市各投開票所,基隆市,　仁愛區,明德里,0113,25,210,267,502,6,508,0,508,182,690,73.6232
第15任總統副總統,在基隆市各投開票所,基隆市,　仁愛區,同風里,0114,19,163,245,427,3,430,0,430,127,557,77.1993
第15任總統副總統,在基隆市各投開票所,基隆市,　仁愛區,文昌里,0115,27,181,350,558,6,564,0,564,180,744,75.8065
第15任總統副總統,在基隆市各投開票所,基隆市,　仁愛區,新店里,0116,13,186,236,435,3,438,0,438,148,586,74.7440
第15任總統副總統,在基隆市各投開票所,基隆市,　中山區,新建里,0117,27,225,315,567,6,573,0,573,216,789,72.6236
第15任總統副總統,在基隆市各投開票所,基隆市,　中山區,安民里,0118,39,329,421,789,11,800,0,800,213,1013,78.9733
第15任總統副總統,在基隆市各投開票所,基隆市,　中山區,安平里,0119,38,222,289,549,10,559,0,559,182,741,75.4386
第15任總統副總統,在基隆市各投開票所,基隆市,　中山區,中山里,0120,34,241,405,680,18,698,0,698,242,940,74.2553
第15任總統副總統,在基隆市各投開票所,基隆市,　中山區,民治里,0121,28,271,286,585,9,594,0,594,177,771,77.0428
第15任總統副總統,在基隆市各投開票所,基隆市,　中山區,中興里,0122,37,446,434,917,15,932,0,932,298,1230,75.7724
第15任總統副總統,在基隆市各投開票所,基隆市,　中山區,仁正里,0123,34,244,269,547,9,556,0,556,202,758,73.3509
第15任總統副總統,在基隆市各投開票所,基隆市,　中山區,健民里,0124,39,339,434,812,8,820,0,820,316,1136,72.1831
第15任總統副總統,在基隆市各投開票所,基隆市,　中山區,通化里,0125,44,340,309,693,10,703,0,703,262,965,72.8497
第15任總統副總統,在基隆市各投開票所,基隆市,　中山區,居仁里,0126,62,406,405,873,17,890,0,890,397,1287,69.1531
第15任總統副總統,在基隆市各投開票所,基隆市,　中山區,通明里,0127,31,243,301,575,7,582,0,582,225,807,72.1190
第15任總統副總統,在基隆市各投開票所,基隆市,　中山區,通明里,0128,32,265,366,663,6,669,0,669,230,899,74.4160
第15任總統副總統,在基隆市各投開票所,基隆市,　中山區,和平里,0129,10,173,139,322,6,328,0,328,113,441,74.3764
第15任總統副總統,在基隆市各投開票所,基隆市,　中山區,仙洞里,0130,15,172,210,397,3,400,0,400,156,556,71.9424
第15任總統副總統,在基隆市各投開票所,基隆市,　中山區,太白里,0131,40,246,300,586,10,596,0,596,256,852,69.9531
第15任總統副總統,在基隆市各投開票所,基隆市,　中山區,協和里,0132,68,414,560,1042,10,1052,0,1052,470,1522,69.1196
第15任總統副總統,在基隆市各投開票所,基隆市,　中山區,文化里,0133,38,293,374,705,6,711,0,711,543,1254,56.6986
第15任總統副總統,在基隆市各投開票所,基隆市,　中山區,德安里,0134,55,553,726,1334,13,1347,0,1347,514,1861,72.3804
第15任總統副總統,在基隆市各投開票所,基隆市,　中山區,德安里,0135,65,542,734,1341,15,1356,0,1356,498,1854,73.1392
第15任總統副總統,在基隆市各投開票所,基隆市,　中山區,德和里,0136,38,384,416,838,6,844,0,844,167,1011,83.4817
第15任總統副總統,在基隆市各投開票所,基隆市,　中山區,德和里,0137,50,455,544,1049,10,1059,0,1059,365,1424,74.3680
第15任總統副總統,在基隆市各投開票所,基隆市,　中山區,德和里,0138,66,569,524,1159,11,1170,0,1170,294,1464,79.9180
第15任總統副總統,在基隆市各投開票所,基隆市,　中山區,德和里,0139,62,433,468,963,12,975,0,975,330,1305,74.7126
第15任總統副總統,在基隆市各投開票所,基隆市,　中山區,中和里,0140,37,421,447,905,13,918,0,918,330,1248,73.5577
第15任總統副總統,在基隆市各投開票所,基隆市,　中山區,中和里,0141,31,286,300,617,6,623,0,623,207,830,75.0602
第15任總統副總統,在基隆市各投開票所,基隆市,　中山區,中和里,0142,60,425,432,917,11,928,0,928,358,1286,72.1617
第15任總統副總統,在基隆市各投開票所,基隆市,　中山區,中和里,0143,47,396,425,868,9,877,0,877,393,1270,69.0551
第15任總統副總統,在基隆市各投開票所,基隆市,　中山區,中和里,0144,22,254,281,557,7,564,0,564,177,741,76.1134
第15任總統副總統,在基隆市各投開票所,基隆市,　中山區,和慶里,0145,60,442,568,1070,16,1086,0,1086,462,1548,70.1550
第15任總統副總統,在基隆市各投開票所,基隆市,　中山區,和慶里,0146,71,429,563,1063,18,1081,0,1081,431,1512,71.4947
第15任總統副總統,在基隆市各投開票所,基隆市,　中山區,和慶里,0147,71,452,612,1135,18,1153,0,1153,466,1619,71.2168
第15任總統副總統,在基隆市各投開票所,基隆市,　中山區,和慶里,0148,69,461,596,1126,8,1134,0,1134,457,1591,71.2759
第15任總統副總統,在基隆市各投開票所,基隆市,　中山區,西康里,0149,67,433,596,1096,6,1102,0,1102,476,1578,69.8352
第15任總統副總統,在基隆市各投開票所,基隆市,　中山區,西定里,0150,33,246,353,632,4,636,0,636,265,901,70.5882
第15任總統副總統,在基隆市各投開票所,基隆市,　中山區,西華里,0151,32,239,345,616,5,621,0,621,204,825,75.2727
第15任總統副總統,在基隆市各投開票所,基隆市,　中山區,西榮里,0152,27,179,285,491,3,494,0,494,187,681,72.5404
第15任總統副總統,在基隆市各投開票所,基隆市,　安樂區,新西里,0153,55,399,470,924,14,938,0,938,392,1330,70.5263
第15任總統副總統,在基隆市各投開票所,基隆市,　安樂區,西川里,0154,38,379,389,806,7,813,0,813,358,1171,69.4278
第15任總統副總統,在基隆市各投開票所,基隆市,　安樂區,定國里,0155,39,297,379,715,6,721,0,721,278,999,72.1722
第15任總統副總統,在基隆市各投開票所,基隆市,　安樂區,定邦里,0156,35,330,378,743,14,757,0,757,220,977,77.4821
第15任總統副總統,在基隆市各投開票所,基隆市,　安樂區,慈仁里,0157,29,220,400,649,8,657,0,657,228,885,74.2373
第15任總統副總統,在基隆市各投開票所,基隆市,　安樂區,干城里,0158,47,415,497,959,5,964,0,964,391,1355,71.1439
第15任總統副總統,在基隆市各投開票所,基隆市,　安樂區,干城里,0159,19,162,224,405,5,410,0,410,220,630,65.0794
第15任總統副總統,在基隆市各投開票所,基隆市,　安樂區,永康里,0160,46,379,587,1012,17,1029,0,1029,411,1440,71.4583
第15任總統副總統,在基隆市各投開票所,基隆市,　安樂區,永康里,0161,14,129,176,319,1,320,0,320,134,454,70.4846
第15任總統副總統,在基隆市各投開票所,基隆市,　安樂區,安和里,0162,26,219,392,637,7,644,0,644,184,828,77.7778
第15任總統副總統,在基隆市各投開票所,基隆市,　安樂區,樂一里,0163,25,146,236,407,4,411,0,411,145,556,73.9209
第15任總統副總統,在基隆市各投開票所,基隆市,　安樂區,嘉仁里,0164,65,447,785,1297,21,1318,0,1318,513,1831,71.9825
第15任總統副總統,在基隆市各投開票所,基隆市,　安樂區,嘉仁里,0165,51,383,548,982,7,989,0,989,322,1311,75.4386
第15任總統副總統,在基隆市各投開票所,基隆市,　安樂區,三民里,0166,51,415,399,865,10,875,0,875,290,1165,75.1073
第15任總統副總統,在基隆市各投開票所,基隆市,　安樂區,三民里,0167,49,436,443,928,8,936,0,936,364,1300,72.0000
第15任總統副總統,在基隆市各投開票所,基隆市,　安樂區,壯觀里,0168,66,541,579,1186,14,1200,0,1200,341,1541,77.8715
第15任總統副總統,在基隆市各投開票所,基隆市,　安樂區,壯觀里,0169,58,613,624,1295,12,1307,0,1307,411,1718,76.0768
第15任總統副總統,在基隆市各投開票所,基隆市,　安樂區,壯觀里,0170,23,318,214,555,4,559,0,559,170,729,76.6804
第15任總統副總統,在基隆市各投開票所,基隆市,　安樂區,四維里,0171,71,551,594,1216,11,1227,0,1227,336,1563,78.5029
第15任總統副總統,在基隆市各投開票所,基隆市,　安樂區,四維里,0172,65,557,639,1261,14,1275,0,1275,373,1648,77.3665
第15任總統副總統,在基隆市各投開票所,基隆市,　安樂區,四維里,0173,63,457,548,1068,11,1079,0,1079,315,1394,77.4032
第15任總統副總統,在基隆市各投開票所,基隆市,　安樂區,五福里,0174,71,532,663,1266,14,1280,0,1280,449,1729,74.0312
第15任總統副總統,在基隆市各投開票所,基隆市,　安樂區,五福里,0175,63,580,607,1250,9,1259,0,1259,375,1634,77.0502
第15任總統副總統,在基隆市各投開票所,基隆市,　安樂區,六合里,0176,62,526,613,1201,7,1208,0,1208,386,1594,75.7842
第15任總統副總統,在基隆市各投開票所,基隆市,　安樂區,六合里,0177,46,438,409,893,9,902,0,902,236,1138,79.2619
第15任總統副總統,在基隆市各投開票所,基隆市,　安樂區,六合里,0178,47,419,425,891,8,899,0,899,232,1131,79.4872
第15任總統副總統,在基隆市各投開票所,基隆市,　安樂區,七賢里,0179,46,417,468,931,7,938,0,938,315,1253,74.8603
第15任總統副總統,在基隆市各投開票所,基隆市,　安樂區,七賢里,0180,42,369,471,882,9,891,0,891,290,1181,75.4445
第15任總統副總統,在基隆市各投開票所,基隆市,　安樂區,長樂里,0181,68,653,618,1339,18,1357,0,1357,338,1695,80.0590
第15任總統副總統,在基隆市各投開票所,基隆市,　安樂區,長樂里,0182,33,256,236,525,10,535,0,535,132,667,80.2099
第15任總統副總統,在基隆市各投開票所,基隆市,　安樂區,長樂里,0183,41,296,315,652,6,658,0,658,177,835,78.8024
第15任總統副總統,在基隆市各投開票所,基隆市,　安樂區,鶯歌里,0184,37,393,455,885,6,891,0,891,632,1523,58.5030
第15任總統副總統,在基隆市各投開票所,基隆市,　安樂區,鶯歌里,0185,37,465,498,1000,8,1008,0,1008,366,1374,73.3624
第15任總統副總統,在基隆市各投開票所,基隆市,　安樂區,鶯安里,0186,64,522,583,1169,19,1188,0,1188,322,1510,78.6755
第15任總統副總統,在基隆市各投開票所,基隆市,　安樂區,鶯安里,0187,60,450,505,1015,15,1030,0,1030,329,1359,75.7910
第15任總統副總統,在基隆市各投開票所,基隆市,　安樂區,鶯安里,0188,64,699,521,1284,9,1293,0,1293,429,1722,75.0871
第15任總統副總統,在基隆市各投開票所,基隆市,　安樂區,興寮里,0189,61,529,575,1165,11,1176,0,1176,447,1623,72.4584
第15任總統副總統,在基隆市各投開票所,基隆市,　安樂區,興寮里,0190,41,332,402,775,4,779,0,779,263,1042,74.7601
第15任總統副總統,在基隆市各投開票所,基隆市,　安樂區,興寮里,0191,57,591,684,1332,15,1347,0,1347,540,1887,71.3831
第15任總統副總統,在基隆市各投開票所,基隆市,　安樂區,外寮里,0192,72,589,693,1354,7,1361,0,1361,490,1851,73.5278
第15任總統副總統,在基隆市各投開票所,基隆市,　安樂區,外寮里,0193,52,578,723,1353,13,1366,0,1366,554,1920,71.1458
第15任總統副總統,在基隆市各投開票所,基隆市,　安樂區,新崙里,0194,91,653,797,1541,14,1555,0,1555,554,2109,73.7316
第15任總統副總統,在基隆市各投開票所,基隆市,　安樂區,新崙里,0195,45,536,658,1239,15,1254,0,1254,506,1760,71.2500
第15任總統副總統,在基隆市各投開票所,基隆市,　安樂區,武崙里,0196,45,418,572,1035,8,1043,0,1043,406,1449,71.9807
第15任總統副總統,在基隆市各投開票所,基隆市,　安樂區,武崙里,0197,105,667,759,1531,13,1544,0,1544,458,2002,77.1229
第15任總統副總統,在基隆市各投開票所,基隆市,　安樂區,武崙里,0198,39,413,425,877,5,882,0,882,242,1124,78.4698
第15任總統副總統,在基隆市各投開票所,基隆市,　安樂區,中崙里,0199,53,492,651,1196,13,1209,0,1209,415,1624,74.4458
第15任總統副總統,在基隆市各投開票所,基隆市,　安樂區,內寮里,0200,42,361,475,878,5,883,0,883,352,1235,71.4980
第15任總統副總統,在基隆市各投開票所,基隆市,　安樂區,內寮里,0201,49,489,413,951,8,959,0,959,375,1334,71.8891
第15任總統副總統,在基隆市各投開票所,基隆市,　安樂區,內寮里,0202,43,396,533,972,15,987,0,987,377,1364,72.3607
第15任總統副總統,在基隆市各投開票所,基隆市,　安樂區,內寮里,0203,49,348,487,884,9,893,0,893,331,1224,72.9575
第15任總統副總統,在基隆市各投開票所,基隆市,　信義區,仁壽里,0041,39,339,409,787,12,799,0,799,237,1036,77.1236
第15任總統副總統,在基隆市各投開票所,基隆市,　信義區,仁義里,0042,45,484,419,948,10,958,0,958,233,1191,80.4366
第15任總統副總統,在基隆市各投開票所,基隆市,　信義區,義昭里,0043,27,421,418,866,16,882,0,882,275,1157,76.2316
第15任總統副總統,在基隆市各投開票所,基隆市,　信義區,義幸里,0044,39,426,397,862,10,872,0,872,239,1111,78.4878
第15任總統副總統,在基隆市各投開票所,基隆市,　信義區,義幸里,0045,31,451,383,865,9,874,0,874,275,1149,76.0661
第15任總統副總統,在基隆市各投開票所,基隆市,　信義區,義民里,0046,20,240,284,544,3,547,0,547,157,704,77.6989
第15任總統副總統,在基隆市各投開票所,基隆市,　信義區,義和里,0047,51,461,382,894,3,897,0,897,568,1465,61.2287
第15任總統副總統,在基隆市各投開票所,基隆市,　信義區,智慧里,0048,45,235,252,532,13,545,0,545,161,706,77.1955
第15任總統副總統,在基隆市各投開票所,基隆市,　信義區,智誠里,0049,52,416,589,1057,16,1073,0,1073,419,1492,71.9169
第15任總統副總統,在基隆市各投開票所,基隆市,　信義區,禮儀里,0050,61,572,559,1192,11,1203,0,1203,373,1576,76.3325
第15任總統副總統,在基隆市各投開票所,基隆市,　信義區,禮東里,0051,59,553,494,1106,19,1125,0,1125,340,1465,76.7918
第15任總統副總統,在基隆市各投開票所,基隆市,　信義區,信綠里,0052,31,363,357,751,5,756,0,756,252,1008,75.0000
第15任總統副總統,在基隆市各投開票所,基隆市,　信義區,信綠里,0053,44,342,377,763,4,767,0,767,252,1019,75.2699
第15任總統副總統,在基隆市各投開票所,基隆市,　信義區,東信里,0054,20,257,258,535,5,540,0,540,172,712,75.8427
第15任總統副總統,在基隆市各投開票所,基隆市,　信義區,東信里,0055,41,375,268,684,9,693,0,693,240,933,74.2765
第15任總統副總統,在基隆市各投開票所,基隆市,　信義區,東信里,0056,51,427,389,867,7,874,0,874,228,1102,79.3103
第15任總統副總統,在基隆市各投開票所,基隆市,　信義區,東信里,0057,43,489,476,1008,9,1017,0,1017,294,1311,77.5744
第15任總統副總統,在基隆市各投開票所,基隆市,　信義區,東光里,0058,33,361,318,712,9,721,0,721,258,979,73.6466
第15任總統副總統,在基隆市各投開票所,基隆市,　信義區,東光里,0059,26,259,303,588,2,590,0,590,167,757,77.9392
第15任總統副總統,在基隆市各投開票所,基隆市,　信義區,東明里,0060,50,473,452,975,6,981,0,981,321,1302,75.3456
第15任總統副總統,在基隆市各投開票所,基隆市,　信義區,東明里,0061,47,533,414,994,11,1005,0,1005,352,1357,74.0604
第15任總統副總統,在基隆市各投開票所,基隆市,　信義區,東明里,0062,35,293,264,592,3,595,0,595,173,768,77.4740
第15任總統副總統,在基隆市各投開票所,基隆市,　信義區,東安里,0063,52,513,487,1052,11,1063,0,1063,365,1428,74.4398
第15任總統副總統,在基隆市各投開票所,基隆市,　信義區,東安里,0064,35,467,450,952,10,962,0,962,322,1284,74.9221
第15任總統副總統,在基隆市各投開票所,基隆市,　信義區,孝賢里,0065,30,334,313,677,7,684,0,684,208,892,76.6816
第15任總統副總統,在基隆市各投開票所,基隆市,　信義區,孝賢里,0066,52,355,366,773,13,786,0,786,230,1016,77.3622
第15任總統副總統,在基隆市各投開票所,基隆市,　信義區,孝賢里,0067,57,574,482,1113,8,1121,0,1121,314,1435,78.1185
第15任總統副總統,在基隆市各投開票所,基隆市,　信義區,孝忠里,0068,57,475,487,1019,7,1026,0,1026,287,1313,78.1417
第15任總統副總統,在基隆市各投開票所,基隆市,　信義區,孝忠里,0069,55,514,540,1109,14,1123,0,1123,239,1362,82.4523
第15任總統副總統,在基隆市各投開票所,基隆市,　信義區,孝忠里,0070,67,404,457,928,7,935,0,935,404,1339,69.8282
第15任總統副總統,在基隆市各投開票所,基隆市,　信義區,孝忠里,0071,67,476,516,1059,7,1066,1,1067,399,1466,72.7149
第15任總統副總統,在基隆市各投開票所,基隆市,　信義區,孝忠里,0072,62,495,580,1137,7,1144,0,1144,429,1573,72.7273
第15任總統副總統,在基隆市各投開票所,基隆市,　信義區,孝德里,0073,45,424,511,980,13,993,0,993,446,1439,69.0063
第15任總統副總統,在基隆市各投開票所,基隆市,　信義區,孝德里,0074,29,340,349,718,3,721,0,721,265,986,73.1237
第15任總統副總統,在基隆市各投開票所,基隆市,　信義區,孝深里,0075,36,257,282,575,6,581,0,581,139,720,80.6944
第15任總統副總統,在基隆市各投開票所,基隆市,　信義區,孝深里,0076,65,430,569,1064,6,1070,0,1070,523,1593,67.1689
第15任總統副總統,在基隆市各投開票所,基隆市,　信義區,孝深里,0077,47,543,561,1151,8,1159,0,1159,566,1725,67.1884
第15任總統副總統,在基隆市各投開票所,基隆市,　信義區,孝岡里,0078,49,414,493,956,9,965,0,965,316,1281,75.3318
