Header1,Header2,By,Region,(1) 宋楚瑜 余湘,(2) 韓國瑜 張善政,(3) 蔡英文 賴清德,有效票數A A=1+2+...+N,無效票數B,投票數C C=A+B,已領未投票數 D D=E-C,發出票數E E=C+D,用餘票數F,選舉人數G G=E+F,投票率H H=C÷G
第15任總統副總統,在苗栗縣各鄉(鎮、市、區),苗栗縣,　苗栗市,2366,30335,20569,53270,552,53822,1,53823,18301,72124,74.6243
第15任總統副總統,在苗栗縣各鄉(鎮、市、區),苗栗縣,　苑裡鎮,1231,9349,16758,27338,334,27672,1,27673,9838,37511,73.7704
第15任總統副總統,在苗栗縣各鄉(鎮、市、區),苗栗縣,　通霄鎮,893,7952,11395,20240,239,20479,0,20479,8043,28522,71.8007
第15任總統副總統,在苗栗縣各鄉(鎮、市、區),苗栗縣,　竹南鎮,2718,21395,25639,49752,532,50284,0,50284,16840,67124,74.9121
第15任總統副總統,在苗栗縣各鄉(鎮、市、區),苗栗縣,　頭份市,3126,32116,24811,60053,616,60669,1,60670,21299,81969,74.0146
第15任總統副總統,在苗栗縣各鄉(鎮、市、區),苗栗縣,　後龍鎮,851,9175,10834,20860,269,21129,0,21129,8621,29750,71.0218
第15任總統副總統,在苗栗縣各鄉(鎮、市、區),苗栗縣,　卓蘭鎮,416,4363,5486,10265,96,10361,0,10361,3808,14169,73.1244
第15任總統副總統,在苗栗縣各鄉(鎮、市、區),苗栗縣,　大湖鄉,298,5103,3099,8500,90,8590,0,8590,3537,12127,70.8337
第15任總統副總統,在苗栗縣各鄉(鎮、市、區),苗栗縣,　公館鄉,938,11043,8133,20114,205,20319,2,20321,6954,27275,74.4968
第15任總統副總統,在苗栗縣各鄉(鎮、市、區),苗栗縣,　銅鑼鄉,451,6292,4114,10857,120,10977,0,10977,3863,14840,73.9690
第15任總統副總統,在苗栗縣各鄉(鎮、市、區),苗栗縣,　南庄鄉,230,3744,1829,5803,54,5857,0,5857,2519,8376,69.9260
第15任總統副總統,在苗栗縣各鄉(鎮、市、區),苗栗縣,　頭屋鄉,278,3971,2542,6791,78,6869,0,6869,2201,9070,75.7332
第15任總統副總統,在苗栗縣各鄉(鎮、市、區),苗栗縣,　三義鄉,476,5756,3972,10204,140,10344,1,10345,3013,13358,77.4367
第15任總統副總統,在苗栗縣各鄉(鎮、市、區),苗栗縣,　西湖鄉,217,2618,1502,4337,55,4392,0,4392,1756,6148,71.4379
第15任總統副總統,在苗栗縣各鄉(鎮、市、區),苗栗縣,　造橋鄉,368,4180,3195,7743,90,7833,1,7834,2796,10630,73.6877
第15任總統副總統,在苗栗縣各鄉(鎮、市、區),苗栗縣,　三灣鄉,179,2473,1520,4172,43,4215,0,4215,1438,5653,74.5622
第15任總統副總統,在苗栗縣各鄉(鎮、市、區),苗栗縣,　獅潭鄉,84,1737,864,2685,37,2722,0,2722,1108,3830,71.0705
第15任總統副總統,在苗栗縣各鄉(鎮、市、區),苗栗縣,　泰安鄉,102,2743,772,3617,28,3645,0,3645,1301,4946,73.6959
第15任總統副總統,在桃園市各鄉(鎮、市、區),桃園市,　桃園區,12661,102460,146904,262025,2746,264771,1,264772,90615,355387,74.5022
第15任總統副總統,在桃園市各鄉(鎮、市、區),桃園市,　中壢區,11902,107499,126600,246001,2611,248612,32,248644,82235,330879,75.1368
第15任總統副總統,在桃園市各鄉(鎮、市、區),桃園市,　大溪區,2393,21126,32801,56320,614,56934,0,56934,19952,76886,74.0499
第15任總統副總統,在桃園市各鄉(鎮、市、區),桃園市,　楊梅區,4906,42840,51449,99195,1062,100257,2,100259,36268,136527,73.4338
第15任總統副總統,在桃園市各鄉(鎮、市、區),桃園市,　蘆竹區,4593,33227,55967,93787,1001,94788,2,94790,32635,127425,74.3873
第15任總統副總統,在桃園市各鄉(鎮、市、區),桃園市,　大園區,2594,18096,33375,54065,592,54657,2,54659,19249,73908,73.9528
第15任總統副總統,在桃園市各鄉(鎮、市、區),桃園市,　龜山區,4810,35968,54130,94908,1062,95970,11,95981,34981,130962,73.2808
第15任總統副總統,在桃園市各鄉(鎮、市、區),桃園市,　八德區,5630,50043,64446,120119,1305,121424,0,121424,42696,164120,73.9849
第15任總統副總統,在桃園市各鄉(鎮、市、區),桃園市,　龍潭區,3468,34250,35605,73323,774,74097,1,74098,25662,99760,74.2753
第15任總統副總統,在桃園市各鄉(鎮、市、區),桃園市,　平鎮區,6637,57200,71172,135009,1486,136495,4,136499,44110,180609,75.5749
第15任總統副總統,在桃園市各鄉(鎮、市、區),桃園市,　新屋區,1392,10891,18437,30720,339,31059,0,31059,9466,40525,76.6416
第15任總統副總統,在桃園市各鄉(鎮、市、區),桃園市,　觀音區,1913,12106,25336,39355,420,39775,0,39775,14398,54173,73.4222
第15任總統副總統,在桃園市各鄉(鎮、市、區),桃園市,　復興區,233,4043,2038,6314,54,6368,0,6368,3226,9594,66.3748
第15任總統副總統,在花蓮縣各鄉(鎮、市、區),花蓮縣,　花蓮市,2403,33796,23372,59571,639,60210,4,60214,22106,82320,73.1414
第15任總統副總統,在花蓮縣各鄉(鎮、市、區),花蓮縣,　鳳林鎮,221,4044,2280,6545,73,6618,0,6618,2732,9350,70.7807
第15任總統副總統,在花蓮縣各鄉(鎮、市、區),花蓮縣,　玉里鎮,410,7550,3936,11896,138,12034,0,12034,7810,19844,60.6430
第15任總統副總統,在花蓮縣各鄉(鎮、市、區),花蓮縣,　新城鄉,451,7130,4004,11585,133,11718,0,11718,4948,16666,70.3108
第15任總統副總統,在花蓮縣各鄉(鎮、市、區),花蓮縣,　吉安鄉,1900,28957,19318,50175,533,50708,1,50709,19673,70382,72.0468
第15任總統副總統,在花蓮縣各鄉(鎮、市、區),花蓮縣,　壽豐鄉,349,6333,3840,10522,147,10669,0,10669,4759,15428,69.1535
第15任總統副總統,在花蓮縣各鄉(鎮、市、區),花蓮縣,　光復鄉,209,4741,2068,7018,61,7079,1,7080,3919,10999,64.3604
第15任總統副總統,在花蓮縣各鄉(鎮、市、區),花蓮縣,　豐濱鄉,61,1647,561,2269,32,2301,0,2301,1735,4036,57.0119
第15任總統副總統,在花蓮縣各鄉(鎮、市、區),花蓮縣,　瑞穗鄉,211,3856,1998,6065,82,6147,0,6147,3711,9858,62.3554
第15任總統副總統,在花蓮縣各鄉(鎮、市、區),花蓮縣,　富里鄉,228,3141,1740,5109,71,5180,0,5180,3564,8744,59.2406
第15任總統副總統,在花蓮縣各鄉(鎮、市、區),花蓮縣,　秀林鄉,257,5938,2155,8350,108,8458,0,8458,3673,12131,69.7222
第15任總統副總統,在花蓮縣各鄉(鎮、市、區),花蓮縣,　萬榮鄉,93,2410,706,3209,31,3240,1,3241,1791,5032,64.3879
第15任總統副總統,在花蓮縣各鄉(鎮、市、區),花蓮縣,　卓溪鄉,76,2291,531,2898,33,2931,0,2931,1837,4768,61.4723
第15任總統副總統,在金門縣各鄉(鎮、市、區),金門縣,　金城鎮,505,11492,3170,15167,128,15295,0,15295,21793,37088,41.2398
第15任總統副總統,在金門縣各鄉(鎮、市、區),金門縣,　金沙鎮,185,5736,1198,7119,72,7191,0,7191,11143,18334,39.2222
第15任總統副總統,在金門縣各鄉(鎮、市、區),金門縣,　金湖鎮,415,8121,2274,10810,87,10897,0,10897,14960,25857,42.1433
第15任總統副總統,在金門縣各鄉(鎮、市、區),金門縣,　金寧鄉,437,7535,3161,11133,111,11244,0,11244,16241,27485,40.9096
第15任總統副總統,在金門縣各鄉(鎮、市、區),金門縣,　烈嶼鄉,92,2968,638,3698,24,3722,0,3722,7694,11416,32.6034
第15任總統副總統,在金門縣各鄉(鎮、市、區),金門縣,　烏坵鄉,2,96,15,113,1,114,0,114,427,541,21.0721
第15任總統副總統,在南投縣各鄉(鎮、市、區),南投縣,　南投市,3077,26690,30910,60677,693,61370,3,61373,20480,81853,74.9759
第15任總統副總統,在南投縣各鄉(鎮、市、區),南投縣,　埔里鎮,2070,22664,23061,47795,601,48396,8,48404,18045,66449,72.8318
第15任總統副總統,在南投縣各鄉(鎮、市、區),南投縣,　草屯鎮,2972,24975,32796,60743,667,61410,1,61411,19546,80957,75.8551
第15任總統副總統,在南投縣各鄉(鎮、市、區),南投縣,　竹山鎮,1175,13326,17735,32236,392,32628,1,32629,12649,45278,72.0615
第15任總統副總統,在南投縣各鄉(鎮、市、區),南投縣,　集集鎮,301,2975,3365,6641,98,6739,0,6739,2481,9220,73.0911
第15任總統副總統,在南投縣各鄉(鎮、市、區),南投縣,　名間鄉,973,8306,14146,23425,290,23715,0,23715,8601,32316,73.3847
第15任總統副總統,在南投縣各鄉(鎮、市、區),南投縣,　鹿谷鄉,414,5179,5499,11092,131,11223,0,11223,4319,15542,72.2108
第15任總統副總統,在南投縣各鄉(鎮、市、區),南投縣,　中寮鄉,396,3760,4849,9005,104,9109,0,9109,3541,12650,72.0079
第15任總統副總統,在南投縣各鄉(鎮、市、區),南投縣,　魚池鄉,397,4154,4847,9398,133,9531,0,9531,3992,13523,70.4799
第15任總統副總統,在南投縣各鄉(鎮、市、區),南投縣,　國姓鄉,499,5459,5216,11174,139,11313,0,11313,4637,15950,70.9279
第15任總統副總統,在南投縣各鄉(鎮、市、區),南投縣,　水里鄉,441,4810,5041,10292,128,10420,0,10420,4437,14857,70.1353
第15任總統副總統,在南投縣各鄉(鎮、市、區),南投縣,　信義鄉,320,5246,2896,8462,115,8577,0,8577,4149,12726,67.3975
第15任總統副總統,在南投縣各鄉(鎮、市、區),南投縣,　仁愛鄉,280,6247,1685,8212,64,8276,0,8276,3888,12164,68.0368
第15任總統副總統,在屏東縣各鄉(鎮、市、區),屏東縣,　屏東市,3963,48076,72071,124110,1235,125345,4,125349,39640,164989,75.9717
第15任總統副總統,在屏東縣各鄉(鎮、市、區),屏東縣,　潮州鎮,950,11543,21193,33686,306,33992,0,33992,11232,45224,75.1636
第15任總統副總統,在屏東縣各鄉(鎮、市、區),屏東縣,　東港鎮,754,8169,19788,28711,283,28994,0,28994,9088,38082,76.1357
第15任總統副總統,在屏東縣各鄉(鎮、市、區),屏東縣,　恆春鎮,384,6620,9273,16277,136,16413,0,16413,8487,24900,65.9157
第15任總統副總統,在屏東縣各鄉(鎮、市、區),屏東縣,　萬丹鄉,870,9335,22349,32554,358,32912,0,32912,9288,42200,77.9905
第15任總統副總統,在屏東縣各鄉(鎮、市、區),屏東縣,　長治鄉,557,6493,12253,19303,181,19484,1,19485,6087,25572,76.1927
第15任總統副總統,在屏東縣各鄉(鎮、市、區),屏東縣,　麟洛鄉,201,2256,5203,7660,59,7719,0,7719,1912,9631,80.1474
第15任總統副總統,在屏東縣各鄉(鎮、市、區),屏東縣,　九如鄉,360,3509,10346,14215,146,14361,0,14361,4236,18597,77.2221
第15任總統副總統,在屏東縣各鄉(鎮、市、區),屏東縣,　里港鄉,405,4596,11581,16582,171,16753,0,16753,4752,21505,77.9028
第15任總統副總統,在屏東縣各鄉(鎮、市、區),屏東縣,　鹽埔鄉,413,5597,9640,15650,185,15835,4,15839,5805,21644,73.1612
第15任總統副總統,在屏東縣各鄉(鎮、市、區),屏東縣,　高樹鄉,332,3972,10785,15089,185,15274,0,15274,5678,20952,72.9000
第15任總統副總統,在屏東縣各鄉(鎮、市、區),屏東縣,　萬巒鄉,252,3684,9027,12963,99,13062,1,13063,4368,17431,74.9355
第15任總統副總統,在屏東縣各鄉(鎮、市、區),屏東縣,　內埔鄉,948,10779,22068,33795,347,34142,2,34144,12011,46155,73.9725
第15任總統副總統,在屏東縣各鄉(鎮、市、區),屏東縣,　竹田鄉,252,3357,7729,11338,104,11442,0,11442,3348,14790,77.3631
第15任總統副總統,在屏東縣各鄉(鎮、市、區),屏東縣,　新埤鄉,173,2154,3913,6240,59,6299,0,6299,2339,8638,72.9220
第15任總統副總統,在屏東縣各鄉(鎮、市、區),屏東縣,　枋寮鄉,373,4990,9621,14984,113,15097,0,15097,5547,20644,73.1302
第15任總統副總統,在屏東縣各鄉(鎮、市、區),屏東縣,　新園鄉,601,5670,16461,22732,226,22958,1,22959,6692,29651,77.4274
第15任總統副總統,在屏東縣各鄉(鎮、市、區),屏東縣,　崁頂鄉,245,2476,6161,8882,96,8978,1,8979,2813,11792,76.1364
第15任總統副總統,在屏東縣各鄉(鎮、市、區),屏東縣,　林邊鄉,264,3235,7954,11453,120,11573,3,11576,3533,15109,76.5967
第15任總統副總統,在屏東縣各鄉(鎮、市、區),屏東縣,　南州鄉,185,2067,4722,6974,53,7027,0,7027,2160,9187,76.4885
第15任總統副總統,在屏東縣各鄉(鎮、市、區),屏東縣,　佳冬鄉,219,3523,8408,12150,118,12268,0,12268,4163,16431,74.6637
第15任總統副總統,在屏東縣各鄉(鎮、市、區),屏東縣,　琉球鄉,184,3196,2870,6250,60,6310,0,6310,4025,10335,61.0547
第15任總統副總統,在屏東縣各鄉(鎮、市、區),屏東縣,　車城鄉,113,1616,3041,4770,52,4822,0,4822,2429,7251,66.5012
第15任總統副總統,在屏東縣各鄉(鎮、市、區),屏東縣,　滿州鄉,118,1559,2401,4078,46,4124,0,4124,2593,6717,61.3965
第15任總統副總統,在屏東縣各鄉(鎮、市、區),屏東縣,　枋山鄉,53,1036,2124,3213,29,3242,0,3242,1363,4605,70.4017
第15任總統副總統,在屏東縣各鄉(鎮、市、區),屏東縣,　三地門鄉,141,3348,1239,4728,45,4773,0,4773,1422,6195,77.0460
第15任總統副總統,在屏東縣各鄉(鎮、市、區),屏東縣,　霧臺鄉,69,1496,669,2234,13,2247,0,2247,592,2839,79.1476
第15任總統副總統,在屏東縣各鄉(鎮、市、區),屏東縣,　瑪家鄉,130,2989,1112,4231,33,4264,0,4264,1195,5459,78.1095
第15任總統副總統,在屏東縣各鄉(鎮、市、區),屏東縣,　泰武鄉,95,2392,797,3284,24,3308,0,3308,922,4230,78.2033
第15任總統副總統,在屏東縣各鄉(鎮、市、區),屏東縣,　來義鄉,154,3375,1001,4530,37,4567,0,4567,1507,6074,75.1893
第15任總統副總統,在屏東縣各鄉(鎮、市、區),屏東縣,　春日鄉,80,2000,609,2689,27,2716,0,2716,1117,3833,70.8583
第15任總統副總統,在屏東縣各鄉(鎮、市、區),屏東縣,　獅子鄉,83,2239,622,2944,21,2965,0,2965,1081,4046,73.2823
第15任總統副總統,在屏東縣各鄉(鎮、市、區),屏東縣,　牡丹鄉,100,2006,645,2751,25,2776,0,2776,1309,4085,67.9559
第15任總統副總統,在宜蘭縣各鄉(鎮、市、區),宜蘭縣,　宜蘭市,2432,20740,33814,56986,635,57621,0,57621,19146,76767,75.0596
第15任總統副總統,在宜蘭縣各鄉(鎮、市、區),宜蘭縣,　羅東鎮,1582,13383,26724,41689,401,42090,0,42090,13462,55552,75.7668
第15任總統副總統,在宜蘭縣各鄉(鎮、市、區),宜蘭縣,　蘇澳鎮,952,7667,15140,23759,289,24048,1,24049,9403,33452,71.8881
第15任總統副總統,在宜蘭縣各鄉(鎮、市、區),宜蘭縣,　頭城鎮,812,6569,9523,16904,213,17117,0,17117,7349,24466,69.9624
第15任總統副總統,在宜蘭縣各鄉(鎮、市、區),宜蘭縣,　礁溪鄉,896,6972,14094,21962,264,22226,0,22226,8026,30252,73.4695
第15任總統副總統,在宜蘭縣各鄉(鎮、市、區),宜蘭縣,　壯圍鄉,575,4348,10223,15146,170,15316,0,15316,5753,21069,72.6945
第15任總統副總統,在宜蘭縣各鄉(鎮、市、區),宜蘭縣,　員山鄉,726,5747,13350,19823,261,20084,0,20084,7418,27502,73.0274
第15任總統副總統,在宜蘭縣各鄉(鎮、市、區),宜蘭縣,　冬山鄉,1179,8630,23321,33130,347,33477,3,33480,10980,44460,75.2969
第15任總統副總統,在宜蘭縣各鄉(鎮、市、區),宜蘭縣,　五結鄉,866,6897,17481,25244,226,25470,0,25470,8849,34319,74.2154
第15任總統副總統,在宜蘭縣各鄉(鎮、市、區),宜蘭縣,　三星鄉,515,3853,8825,13193,167,13360,0,13360,5244,18604,71.8125
第15任總統副總統,在宜蘭縣各鄉(鎮、市、區),宜蘭縣,　大同鄉,128,2568,692,3388,31,3419,0,3419,1330,4749,71.9941
第15任總統副總統,在宜蘭縣各鄉(鎮、市、區),宜蘭縣,　南澳鄉,76,2636,470,3182,25,3207,0,3207,1209,4416,72.6223
第15任總統副總統,在連江縣各鄉(鎮、市、區),連江縣,　南竿鄉,114,2875,784,3773,53,3826,0,3826,2431,6257,61.1475
第15任總統副總統,在連江縣各鄉(鎮、市、區),連江縣,　北竿鄉,25,883,201,1109,14,1123,0,1123,1066,2189,51.3020
第15任總統副總統,在連江縣各鄉(鎮、市、區),連江縣,　莒光鄉,14,513,105,632,9,641,0,641,733,1374,46.6521
第15任總統副總統,在連江縣各鄉(鎮、市、區),連江縣,　東引鄉,35,505,136,676,6,682,0,682,437,1119,60.9473
第15任總統副總統,在新竹市各鄉(鎮、市、區),新竹市,　東區,6914,50693,65607,123214,1693,124907,4,124911,36003,160914,77.6235
第15任總統副總統,在新竹市各鄉(鎮、市、區),新竹市,　北區,4685,35256,50702,90643,1147,91790,4,91794,29070,120864,75.9449
第15任總統副總統,在新竹市各鄉(鎮、市、區),新竹市,　香山區,2504,16776,27965,47245,583,47828,0,47828,15739,63567,75.2403
第15任總統副總統,在新竹縣各鄉(鎮、市、區),新竹縣,　竹北市,6576,42591,56892,106059,1364,107423,1,107424,30995,138419,77.6071
第15任總統副總統,在新竹縣各鄉(鎮、市、區),新竹縣,　竹東鎮,3202,29892,23445,56539,677,57216,0,57216,19949,77165,74.1476
第15任總統副總統,在新竹縣各鄉(鎮、市、區),新竹縣,　新埔鎮,993,9446,10182,20621,249,20870,0,20870,7180,28050,74.4029
第15任總統副總統,在新竹縣各鄉(鎮、市、區),新竹縣,　關西鎮,772,9016,7673,17461,214,17675,1,17676,6000,23676,74.6537
第15任總統副總統,在新竹縣各鄉(鎮、市、區),新竹縣,　湖口鄉,2630,22354,19949,44933,529,45462,0,45462,16603,62065,73.2490
第15任總統副總統,在新竹縣各鄉(鎮、市、區),新竹縣,　新豐鄉,1866,14817,15881,32564,389,32953,0,32953,11761,44714,73.6973
第15任總統副總統,在新竹縣各鄉(鎮、市、區),新竹縣,　芎林鄉,712,6554,5393,12659,172,12831,0,12831,4036,16867,76.0716
第15任總統副總統,在新竹縣各鄉(鎮、市、區),新竹縣,　橫山鄉,389,4685,3023,8097,100,8197,0,8197,2763,10960,74.7901
第15任總統副總統,在新竹縣各鄉(鎮、市、區),新竹縣,　北埔鄉,287,3220,2323,5830,62,5892,0,5892,1973,7865,74.9142
第15任總統副總統,在新竹縣各鄉(鎮、市、區),新竹縣,　寶山鄉,563,4594,4253,9410,93,9503,0,9503,3109,12612,75.3489
第15任總統副總統,在新竹縣各鄉(鎮、市、區),新竹縣,　峨眉鄉,144,1882,1593,3619,38,3657,0,3657,1190,4847,75.4487
第15任總統副總統,在新竹縣各鄉(鎮、市、區),新竹縣,　尖石鄉,208,3291,1185,4684,53,4737,0,4737,2328,7065,67.0488
第15任總統副總統,在新竹縣各鄉(鎮、市、區),新竹縣,　五峰鄉,93,1882,588,2563,30,2593,0,2593,1151,3744,69.2575
第15任總統副總統,在新北市各鄉(鎮、市、區),新北市,　板橋區,15719,123922,204134,343775,4051,347826,10,347836,107164,455000,76.4453
第15任總統副總統,在新北市各鄉(鎮、市、區),新北市,　三重區,11087,78055,154104,243246,2762,246008,2,246010,77100,323110,76.1375
第15任總統副總統,在新北市各鄉(鎮、市、區),新北市,　中和區,12066,120502,131784,264352,3243,267595,14,267609,81616,349225,76.6254
第15任總統副總統,在新北市各鄉(鎮、市、區),新北市,　永和區,6286,69190,63595,139071,1680,140751,3,140754,42976,183730,76.6075
第15任總統副總統,在新北市各鄉(鎮、市、區),新北市,　新莊區,11772,83491,157610,252873,2576,255449,9,255458,83350,338808,75.3964
第15任總統副總統,在新北市各鄉(鎮、市、區),新北市,　新店區,8175,99844,85143,193162,2195,195357,13,195370,64973,260343,75.0383
第15任總統副總統,在新北市各鄉(鎮、市、區),新北市,　樹林區,5318,38429,66415,110162,1289,111451,1,111452,37115,148567,75.0173
第15任總統副總統,在新北市各鄉(鎮、市、區),新北市,　鶯歌區,2510,18102,31079,51691,568,52259,5,52264,18153,70417,74.2136
第15任總統副總統,在新北市各鄉(鎮、市、區),新北市,　三峽區,3027,25338,38077,66442,766,67208,0,67208,25217,92425,72.7163
第15任總統副總統,在新北市各鄉(鎮、市、區),新北市,　淡水區,5054,44807,57672,107533,1212,108745,1,108746,40461,149207,72.8820
第15任總統副總統,在新北市各鄉(鎮、市、區),新北市,　汐止區,5850,53644,67350,126844,1311,128155,5,128160,44519,172679,74.2157
第15任總統副總統,在新北市各鄉(鎮、市、區),新北市,　瑞芳區,1023,10072,12238,23333,263,23596,0,23596,10293,33889,69.6273
第15任總統副總統,在新北市各鄉(鎮、市、區),新北市,　土城區,6899,52751,85443,145093,1712,146805,1,146806,49744,196550,74.6909
第15任總統副總統,在新北市各鄉(鎮、市、區),新北市,　蘆洲區,5504,36875,78858,121237,1383,122620,2,122622,41143,163765,74.8756
第15任總統副總統,在新北市各鄉(鎮、市、區),新北市,　五股區,2391,17969,32282,52642,576,53218,0,53218,19101,72319,73.5879
第15任總統副總統,在新北市各鄉(鎮、市、區),新北市,　泰山區,2052,16715,27918,46685,561,47246,0,47246,15565,62811,75.2193
第15任總統副總統,在新北市各鄉(鎮、市、區),新北市,　林口區,3501,26140,36053,65694,677,66371,3,66374,22269,88643,74.8745
第15任總統副總統,在新北市各鄉(鎮、市、區),新北市,　深坑區,617,6374,8052,15043,154,15197,0,15197,4990,20187,75.2811
第15任總統副總統,在新北市各鄉(鎮、市、區),新北市,　石碇區,171,1592,3035,4798,52,4850,0,4850,1818,6668,72.7355
第15任總統副總統,在新北市各鄉(鎮、市、區),新北市,　坪林區,132,1362,2688,4182,47,4229,0,4229,1655,5884,71.8729
第15任總統副總統,在新北市各鄉(鎮、市、區),新北市,　三芝區,512,5605,7359,13476,164,13640,0,13640,5913,19553,69.7591
第15任總統副總統,在新北市各鄉(鎮、市、區),新北市,　石門區,249,2871,3837,6957,90,7047,0,7047,3014,10061,70.0427
第15任總統副總統,在新北市各鄉(鎮、市、區),新北市,　八里區,1083,8736,13576,23395,261,23656,0,23656,9013,32669,72.4112
第15任總統副總統,在新北市各鄉(鎮、市、區),新北市,　平溪區,97,1174,1598,2869,28,2897,0,2897,1263,4160,69.6394
第15任總統副總統,在新北市各鄉(鎮、市、區),新北市,　雙溪區,191,2165,2815,5171,55,5226,2,5228,2514,7742,67.5019
第15任總統副總統,在新北市各鄉(鎮、市、區),新北市,　貢寮區,234,2113,4721,7068,70,7138,0,7138,3681,10819,65.9765
第15任總統副總統,在新北市各鄉(鎮、市、區),新北市,　金山區,465,4693,7664,12822,129,12951,0,12951,5368,18319,70.6971
第15任總統副總統,在新北市各鄉(鎮、市、區),新北市,　萬里區,462,5206,7213,12881,129,13010,0,13010,5746,18756,69.3645
第15任總統副總統,在新北市各鄉(鎮、市、區),新北市,　烏來區,173,1894,1623,3690,37,3727,0,3727,1426,5153,72.3268
第15任總統副總統,在臺東縣各鄉(鎮、市、區),臺東縣,　臺東市,2201,31473,24898,58572,576,59148,0,59148,25727,84875,69.6884
第15任總統副總統,在臺東縣各鄉(鎮、市、區),臺東縣,　成功鎮,212,4677,1936,6825,51,6876,0,6876,5044,11920,57.6846
第15任總統副總統,在臺東縣各鄉(鎮、市、區),臺東縣,　關山鎮,173,2662,1764,4599,53,4652,1,4653,2558,7211,64.5126
第15任總統副總統,在臺東縣各鄉(鎮、市、區),臺東縣,　卑南鄉,331,5338,3962,9631,88,9719,0,9719,4923,14642,66.3775
第15任總統副總統,在臺東縣各鄉(鎮、市、區),臺東縣,　鹿野鄉,128,2240,1755,4123,52,4175,0,4175,2504,6679,62.5094
第15任總統副總統,在臺東縣各鄉(鎮、市、區),臺東縣,　池上鄉,149,2213,1768,4130,37,4167,0,4167,2777,6944,60.0086
第15任總統副總統,在臺東縣各鄉(鎮、市、區),臺東縣,　東河鄉,157,2664,1321,4142,39,4181,0,4181,3257,7438,56.2113
第15任總統副總統,在臺東縣各鄉(鎮、市、區),臺東縣,　長濱鄉,106,2307,1010,3423,39,3462,0,3462,2790,6252,55.3743
第15任總統副總統,在臺東縣各鄉(鎮、市、區),臺東縣,　太麻里鄉,196,3632,2278,6106,61,6167,0,6167,3226,9393,65.6553
第15任總統副總統,在臺東縣各鄉(鎮、市、區),臺東縣,　大武鄉,75,1928,855,2858,26,2884,0,2884,2072,4956,58.1921
第15任總統副總統,在臺東縣各鄉(鎮、市、區),臺東縣,　綠島鄉,49,1189,527,1765,19,1784,0,1784,1618,3402,52.4397
第15任總統副總統,在臺東縣各鄉(鎮、市、區),臺東縣,　海端鄉,63,1439,397,1899,15,1914,0,1914,1213,3127,61.2088
第15任總統副總統,在臺東縣各鄉(鎮、市、區),臺東縣,　延平鄉,49,1348,406,1803,26,1829,0,1829,953,2782,65.7441
第15任總統副總統,在臺東縣各鄉(鎮、市、區),臺東縣,　金峰鄉,58,1785,341,2184,12,2196,0,2196,691,2887,76.0651
第15任總統副總統,在臺東縣各鄉(鎮、市、區),臺東縣,　達仁鄉,61,1510,352,1923,11,1934,0,1934,1027,2961,65.3158
第15任總統副總統,在臺東縣各鄉(鎮、市、區),臺東縣,　蘭嶼鄉,155,1008,522,1685,14,1699,0,1699,2368,4067,41.7753
第15任總統副總統,在臺南市各鄉(鎮、市、區),臺南市,　新營區,1720,15517,28969,46206,548,46754,0,46754,15797,62551,74.7454
第15任總統副總統,在臺南市各鄉(鎮、市、區),臺南市,　鹽水區,427,4021,11099,15547,185,15732,0,15732,5889,21621,72.7626
第15任總統副總統,在臺南市各鄉(鎮、市、區),臺南市,　白河區,454,4611,11831,16896,194,17090,1,17091,6981,24072,70.9953
第15任總統副總統,在臺南市各鄉(鎮、市、區),臺南市,　柳營區,487,3578,9457,13522,175,13697,3,13700,4649,18349,74.6471
第15任總統副總統,在臺南市各鄉(鎮、市、區),臺南市,　後壁區,447,3822,10335,14604,173,14777,0,14777,5331,20108,73.4882
第15任總統副總統,在臺南市各鄉(鎮、市、區),臺南市,　東山區,356,3638,7940,11934,130,12064,0,12064,5796,17860,67.5476
第15任總統副總統,在臺南市各鄉(鎮、市、區),臺南市,　麻豆區,767,5883,21670,28320,290,28610,1,28611,8213,36824,77.6939
第15任總統副總統,在臺南市各鄉(鎮、市、區),臺南市,　下營區,434,3987,10333,14754,168,14922,0,14922,5387,20309,73.4748
第15任總統副總統,在臺南市各鄉(鎮、市、區),臺南市,　六甲區,442,3243,9686,13371,141,13512,0,13512,4929,18441,73.2715
第15任總統副總統,在臺南市各鄉(鎮、市、區),臺南市,　官田區,384,3186,10140,13710,132,13842,0,13842,4454,18296,75.6559
第15任總統副總統,在臺南市各鄉(鎮、市、區),臺南市,　大內區,192,1643,4249,6084,68,6152,0,6152,2178,8330,73.8535
第15任總統副總統,在臺南市各鄉(鎮、市、區),臺南市,　佳里區,1171,9486,26071,36728,359,37087,0,37087,12009,49096,75.5398
第15任總統副總統,在臺南市各鄉(鎮、市、區),臺南市,　學甲區,446,3581,11857,15884,152,16036,0,16036,5933,21969,72.9938
第15任總統副總統,在臺南市各鄉(鎮、市、區),臺南市,　西港區,452,3445,11836,15733,181,15914,0,15914,5061,20975,75.8713
第15任總統副總統,在臺南市各鄉(鎮、市、區),臺南市,　七股區,397,3173,10229,13799,136,13935,0,13935,5373,19308,72.1722
第15任總統副總統,在臺南市各鄉(鎮、市、區),臺南市,　將軍區,274,2525,9156,11955,121,12076,0,12076,5104,17180,70.2910
第15任總統副總統,在臺南市各鄉(鎮、市、區),臺南市,　北門區,147,1688,4583,6418,58,6476,0,6476,3105,9581,67.5921
第15任總統副總統,在臺南市各鄉(鎮、市、區),臺南市,　新化區,1000,8446,18092,27538,250,27788,0,27788,8476,36264,76.6270
第15任總統副總統,在臺南市各鄉(鎮、市、區),臺南市,　善化區,1021,7582,21514,30117,326,30443,0,30443,9332,39775,76.5380
第15任總統副總統,在臺南市各鄉(鎮、市、區),臺南市,　新市區,774,5612,16535,22921,224,23145,0,23145,6901,30046,77.0319
第15任總統副總統,在臺南市各鄉(鎮、市、區),臺南市,　安定區,600,4706,13995,19301,222,19523,0,19523,5911,25434,76.7595
第15任總統副總統,在臺南市各鄉(鎮、市、區),臺南市,　山上區,139,1285,3148,4572,51,4623,0,4623,1665,6288,73.5210
第15任總統副總統,在臺南市各鄉(鎮、市、區),臺南市,　玉井區,280,3452,4645,8377,99,8476,0,8476,3437,11913,71.1492
第15任總統副總統,在臺南市各鄉(鎮、市、區),臺南市,　楠西區,167,2769,2725,5661,64,5725,0,5725,2455,8180,69.9878
第15任總統副總統,在臺南市各鄉(鎮、市、區),臺南市,　南化區,162,2136,2897,5195,46,5241,0,5241,2284,7525,69.6478
第15任總統副總統,在臺南市各鄉(鎮、市、區),臺南市,　左鎮區,70,927,1861,2858,31,2889,0,2889,1361,4250,67.9765
第15任總統副總統,在臺南市各鄉(鎮、市、區),臺南市,　仁德區,1836,14785,32224,48845,523,49368,4,49372,14034,63406,77.8601
第15任總統副總統,在臺南市各鄉(鎮、市、區),臺南市,　歸仁區,1455,11285,30450,43190,441,43631,0,43631,12156,55787,78.2100
第15任總統副總統,在臺南市各鄉(鎮、市、區),臺南市,　關廟區,729,6082,15780,22591,199,22790,0,22790,6439,29229,77.9705
第15任總統副總統,在臺南市各鄉(鎮、市、區),臺南市,　龍崎區,96,876,1693,2665,29,2694,0,2694,919,3613,74.5641
第15任總統副總統,在臺南市各鄉(鎮、市、區),臺南市,　永康區,5562,44565,93745,143872,1441,145313,6,145319,45794,191113,76.0351
第15任總統副總統,在臺南市各鄉(鎮、市、區),臺南市,　東區,4461,41044,69040,114545,1225,115770,3,115773,33704,149477,77.4500
第15任總統副總統,在臺南市各鄉(鎮、市、區),臺南市,　南區,2790,23551,55076,81417,835,82252,0,82252,24449,106701,77.0864
第15任總統副總統,在臺南市各鄉(鎮、市、區),臺南市,　北區,3215,26684,51932,81831,870,82701,2,82703,25420,108123,76.4879
第15任總統副總統,在臺南市各鄉(鎮、市、區),臺南市,　安南區,4307,29236,84284,117827,1241,119068,2,119070,37621,156691,75.9890
第15任總統副總統,在臺南市各鄉(鎮、市、區),臺南市,　安平區,1523,12944,26062,40529,437,40966,0,40966,13419,54385,75.3259
第15任總統副總統,在臺南市各鄉(鎮、市、區),臺南市,　中西區,1891,14708,31332,47931,576,48507,0,48507,15268,63775,76.0596
第15任總統副總統,在臺北市各鄉(鎮、市、區),臺北市,　松山區,5436,55918,64207,125561,1762,127323,2,127325,37329,164654,77.3276
第15任總統副總統,在臺北市各鄉(鎮、市、區),臺北市,　信義區,5878,62353,70285,138516,1764,140280,35,140315,44189,184504,76.0309
第15任總統副總統,在臺北市各鄉(鎮、市、區),臺北市,　大安區,7534,85490,88977,182001,2501,184502,22,184524,62035,246559,74.8308
第15任總統副總統,在臺北市各鄉(鎮、市、區),臺北市,　中山區,6367,56491,79022,141880,1922,143802,2,143804,46386,190190,75.6097
第15任總統副總統,在臺北市各鄉(鎮、市、區),臺北市,　中正區,4188,41461,48183,93832,1292,95124,2,95126,29834,124960,76.1236
第15任總統副總統,在臺北市各鄉(鎮、市、區),臺北市,　大同區,3463,24673,50006,78142,971,79113,5,79118,24970,104088,76.0059
第15任總統副總統,在臺北市各鄉(鎮、市、區),臺北市,　萬華區,5008,46700,66866,118574,1536,120110,5,120115,39188,159303,75.3972
第15任總統副總統,在臺北市各鄉(鎮、市、區),臺北市,　文山區,7502,82305,78129,167936,2339,170275,3,170278,50836,221114,77.0078
第15任總統副總統,在臺北市各鄉(鎮、市、區),臺北市,　南港區,3409,30968,40969,75346,1010,76356,0,76356,22479,98835,77.2560
第15任總統副總統,在臺北市各鄉(鎮、市、區),臺北市,　內湖區,8356,74437,94269,177062,2349,179411,16,179427,51213,230640,77.7883
第15任總統副總統,在臺北市各鄉(鎮、市、區),臺北市,　士林區,7185,65183,104881,177249,2020,179269,24,179293,55632,234925,76.3090
第15任總統副總統,在臺北市各鄉(鎮、市、區),臺北市,　北投區,6443,59851,90060,156354,1915,158269,27,158296,49196,207492,76.2772
第15任總統副總統,在臺中市各鄉(鎮、市、區),臺中市,　中區,442,3823,5793,10058,106,10164,0,10164,4066,14230,71.4266
第15任總統副總統,在臺中市各鄉(鎮、市、區),臺中市,　東區,2251,17435,28114,47800,582,48382,4,48386,14444,62830,77.0046
第15任總統副總統,在臺中市各鄉(鎮、市、區),臺中市,　南區,4025,29485,44098,77608,887,78495,0,78495,23184,101679,77.1988
第15任總統副總統,在臺中市各鄉(鎮、市、區),臺中市,　西區,3366,26998,39708,70072,807,70879,0,70879,21849,92728,76.4375
第15任總統副總統,在臺中市各鄉(鎮、市、區),臺中市,　北區,4341,37248,49011,90600,1033,91633,1,91634,30469,122103,75.0457
第15任總統副總統,在臺中市各鄉(鎮、市、區),臺中市,　西屯區,6950,54982,74475,136407,1729,138136,4,138140,42868,181008,76.3149
第15任總統副總統,在臺中市各鄉(鎮、市、區),臺中市,　南屯區,5261,39433,57752,102446,1231,103677,2,103679,30281,133960,77.3940
第15任總統副總統,在臺中市各鄉(鎮、市、區),臺中市,　北屯區,8468,69589,92862,170919,1835,172754,7,172761,53414,226175,76.3807
第15任總統副總統,在臺中市各鄉(鎮、市、區),臺中市,　豐原區,4940,36221,61642,102803,1216,104019,2,104021,29243,133264,78.0548
第15任總統副總統,在臺中市各鄉(鎮、市、區),臺中市,　東勢區,1337,14329,15345,31011,447,31458,1,31459,10311,41770,75.3124
第15任總統副總統,在臺中市各鄉(鎮、市、區),臺中市,　大甲區,2179,16136,26632,44947,601,45548,0,45548,15292,60840,74.8652
第15任總統副總統,在臺中市各鄉(鎮、市、區),臺中市,　清水區,2497,17746,31871,52114,704,52818,0,52818,17647,70465,74.9564
第15任總統副總統,在臺中市各鄉(鎮、市、區),臺中市,　沙鹿區,3176,20587,32197,55960,698,56658,0,56658,16441,73099,77.5086
第15任總統副總統,在臺中市各鄉(鎮、市、區),臺中市,　梧棲區,1723,11715,20702,34140,467,34607,0,34607,11711,46318,74.7161
第15任總統副總統,在臺中市各鄉(鎮、市、區),臺中市,　后里區,1716,12882,19004,33602,473,34075,0,34075,9716,43791,77.8128
第15任總統副總統,在臺中市各鄉(鎮、市、區),臺中市,　神岡區,1930,13290,25843,41063,500,41563,0,41563,11700,53263,78.0335
第15任總統副總統,在臺中市各鄉(鎮、市、區),臺中市,　潭子區,3424,24947,38953,67324,792,68116,1,68117,19535,87652,77.7119
第15任總統副總統,在臺中市各鄉(鎮、市、區),臺中市,　大雅區,2881,21934,32792,57607,733,58340,5,58345,16881,75226,77.5530
第15任總統副總統,在臺中市各鄉(鎮、市、區),臺中市,　新社區,668,6290,8231,15189,218,15407,0,15407,4775,20182,76.3403
第15任總統副總統,在臺中市各鄉(鎮、市、區),臺中市,　石岡區,444,4052,4938,9434,146,9580,0,9580,2861,12441,77.0035
第15任總統副總統,在臺中市各鄉(鎮、市、區),臺中市,　外埔區,961,7955,10530,19446,244,19690,1,19691,6694,26385,74.6257
第15任總統副總統,在臺中市各鄉(鎮、市、區),臺中市,　大安區,498,4237,6885,11620,146,11766,0,11766,4238,16004,73.5191
第15任總統副總統,在臺中市各鄉(鎮、市、區),臺中市,　烏日區,2378,17101,26838,46317,571,46888,1,46889,13509,60398,77.6317
第15任總統副總統,在臺中市各鄉(鎮、市、區),臺中市,　大肚區,1842,13345,19932,35119,466,35585,1,35586,10616,46202,77.0205
第15任總統副總統,在臺中市各鄉(鎮、市、區),臺中市,　龍井區,2487,16827,27181,46495,719,47214,0,47214,14886,62100,76.0290
第15任總統副總統,在臺中市各鄉(鎮、市、區),臺中市,　霧峰區,2132,15587,23180,40899,450,41349,1,41350,12468,53818,76.8312
第15任總統副總統,在臺中市各鄉(鎮、市、區),臺中市,　太平區,5708,43313,65743,114764,1287,116051,0,116051,39870,155921,74.4294
第15任總統副總統,在臺中市各鄉(鎮、市、區),臺中市,　大里區,6541,44782,74935,126258,1394,127652,2,127654,40358,168012,75.9779
第15任總統副總統,在臺中市各鄉(鎮、市、區),臺中市,　和平區,234,4097,2117,6448,68,6516,0,6516,2684,9200,70.8261
第15任總統副總統,在澎湖縣各鄉(鎮、市、區),澎湖縣,　馬公市,1664,13672,17203,32539,391,32930,0,32930,19089,52019,63.3038
第15任總統副總統,在澎湖縣各鄉(鎮、市、區),澎湖縣,　湖西鄉,394,2636,4501,7531,125,7656,0,7656,5318,12974,59.0103
第15任總統副總統,在澎湖縣各鄉(鎮、市、區),澎湖縣,　白沙鄉,169,1896,2241,4306,38,4344,0,4344,4108,8452,51.3961
第15任總統副總統,在澎湖縣各鄉(鎮、市、區),澎湖縣,　西嶼鄉,177,1555,2040,3772,55,3827,0,3827,3355,7182,53.2860
第15任總統副總統,在澎湖縣各鄉(鎮、市、區),澎湖縣,　望安鄉,89,542,928,1559,10,1569,0,1569,2981,4550,34.4835
第15任總統副總統,在澎湖縣各鄉(鎮、市、區),澎湖縣,　七美鄉,90,610,497,1197,25,1222,0,1222,2033,3255,37.5422
第15任總統副總統,在雲林縣各鄉(鎮、市、區),雲林縣,　斗六市,2890,25971,37261,66122,815,66937,2,66939,20303,87242,76.7257
第15任總統副總統,在雲林縣各鄉(鎮、市、區),雲林縣,　斗南鎮,1048,9595,16802,27445,333,27778,0,27778,9126,36904,75.2710
第15任總統副總統,在雲林縣各鄉(鎮、市、區),雲林縣,　虎尾鎮,1877,15707,23936,41520,497,42017,0,42017,14396,56413,74.4811
第15任總統副總統,在雲林縣各鄉(鎮、市、區),雲林縣,　西螺鎮,806,8253,17906,26965,299,27264,1,27265,9544,36809,74.0688
第15任總統副總統,在雲林縣各鄉(鎮、市、區),雲林縣,　土庫鎮,673,5572,10744,16989,244,17233,0,17233,6380,23613,72.9810
第15任總統副總統,在雲林縣各鄉(鎮、市、區),雲林縣,　北港鎮,855,7287,15656,23798,300,24098,0,24098,8542,32640,73.8297
第15任總統副總統,在雲林縣各鄉(鎮、市、區),雲林縣,　古坑鄉,660,6915,11733,19308,247,19555,0,19555,7139,26694,73.2562
第15任總統副總統,在雲林縣各鄉(鎮、市、區),雲林縣,　大埤鄉,424,3626,7376,11426,119,11545,0,11545,4405,15950,72.3824
第15任總統副總統,在雲林縣各鄉(鎮、市、區),雲林縣,　莿桐鄉,657,5250,11929,17836,201,18037,0,18037,5800,23837,75.6681
第15任總統副總統,在雲林縣各鄉(鎮、市、區),雲林縣,　林內鄉,433,3883,6595,10911,161,11072,0,11072,3905,14977,73.9267
第15任總統副總統,在雲林縣各鄉(鎮、市、區),雲林縣,　二崙鄉,411,4398,10856,15665,195,15860,1,15861,6573,22434,70.6963
第15任總統副總統,在雲林縣各鄉(鎮、市、區),雲林縣,　崙背鄉,473,4676,8894,14043,194,14237,1,14238,6047,20285,70.1849
第15任總統副總統,在雲林縣各鄉(鎮、市、區),雲林縣,　麥寮鄉,1134,9110,13592,23836,333,24169,0,24169,12644,36813,65.6534
第15任總統副總統,在雲林縣各鄉(鎮、市、區),雲林縣,　東勢鄉,315,3097,4943,8355,107,8462,0,8462,4223,12685,66.7087
第15任總統副總統,在雲林縣各鄉(鎮、市、區),雲林縣,　褒忠鄉,295,2553,4815,7663,117,7780,0,7780,3124,10904,71.3500
第15任總統副總統,在雲林縣各鄉(鎮、市、區),雲林縣,　臺西鄉,502,5340,6811,12653,226,12879,0,12879,7403,20282,63.4997
第15任總統副總統,在雲林縣各鄉(鎮、市、區),雲林縣,　元長鄉,507,4643,9345,14495,204,14699,0,14699,7137,21836,67.3154
第15任總統副總統,在雲林縣各鄉(鎮、市、區),雲林縣,　四湖鄉,387,4382,7149,11918,196,12114,0,12114,8044,20158,60.0952
第15任總統副總統,在雲林縣各鄉(鎮、市、區),雲林縣,　口湖鄉,521,4478,9862,14861,213,15074,1,15075,8219,23294,64.7119
第15任總統副總統,在雲林縣各鄉(鎮、市、區),雲林縣,　水林鄉,463,3605,9911,13979,202,14181,0,14181,7318,21499,65.9612
第15任總統副總統,在彰化縣各鄉(鎮、市、區),彰化縣,　彰化市,7159,56291,79169,142619,1787,144406,6,144412,41260,185672,77.7748
第15任總統副總統,在彰化縣各鄉(鎮、市、區),彰化縣,　鹿港鎮,2325,17172,30961,50458,731,51189,2,51191,17395,68586,74.6348
第15任總統副總統,在彰化縣各鄉(鎮、市、區),彰化縣,　和美鎮,2682,20535,30800,54017,725,54742,1,54743,18378,73121,74.8649
第15任總統副總統,在彰化縣各鄉(鎮、市、區),彰化縣,　線西鄉,577,4159,5188,9924,149,10073,0,10073,3562,13635,73.8761
第15任總統副總統,在彰化縣各鄉(鎮、市、區),彰化縣,　伸港鄉,1039,8491,12207,21737,325,22062,1,22063,7765,29828,73.9641
第15任總統副總統,在彰化縣各鄉(鎮、市、區),彰化縣,　福興鄉,1216,9368,17181,27765,367,28132,0,28132,10469,38601,72.8789
第15任總統副總統,在彰化縣各鄉(鎮、市、區),彰化縣,　秀水鄉,1056,8559,14089,23704,304,24008,0,24008,7399,31407,76.4416
第15任總統副總統,在彰化縣各鄉(鎮、市、區),彰化縣,　花壇鄉,1352,11428,15524,28304,366,28670,1,28671,9089,37760,75.9269
第15任總統副總統,在彰化縣各鄉(鎮、市、區),彰化縣,　芬園鄉,682,5304,8763,14749,208,14957,0,14957,4781,19738,75.7777
第15任總統副總統,在彰化縣各鄉(鎮、市、區),彰化縣,　員林市,3337,29289,41622,74248,921,75169,0,75169,24194,99363,75.6509
第15任總統副總統,在彰化縣各鄉(鎮、市、區),彰化縣,　溪湖鎮,1434,12795,17790,32019,419,32438,0,32438,11260,43698,74.2322
第15任總統副總統,在彰化縣各鄉(鎮、市、區),彰化縣,　田中鎮,982,10044,14033,25059,291,25350,0,25350,8944,34294,73.9196
第15任總統副總統,在彰化縣各鄉(鎮、市、區),彰化縣,　大村鄉,1028,8498,13320,22846,249,23095,0,23095,7769,30864,74.8283
第15任總統副總統,在彰化縣各鄉(鎮、市、區),彰化縣,　埔鹽鄉,948,8768,10135,19851,270,20121,0,20121,7038,27159,74.0859
第15任總統副總統,在彰化縣各鄉(鎮、市、區),彰化縣,　埔心鄉,1017,7468,13025,21510,262,21772,0,21772,7240,29012,75.0448
第15任總統副總統,在彰化縣各鄉(鎮、市、區),彰化縣,　永靖鄉,976,8217,13306,22499,303,22802,0,22802,7383,30185,75.5408
第15任總統副總統,在彰化縣各鄉(鎮、市、區),彰化縣,　社頭鄉,1145,9454,15710,26309,354,26663,0,26663,8504,35167,75.8182
第15任總統副總統,在彰化縣各鄉(鎮、市、區),彰化縣,　二水鄉,344,3844,5357,9545,128,9673,0,9673,3140,12813,75.4936
第15任總統副總統,在彰化縣各鄉(鎮、市、區),彰化縣,　北斗鎮,944,7537,11311,19792,302,20094,0,20094,6713,26807,74.9580
第15任總統副總統,在彰化縣各鄉(鎮、市、區),彰化縣,　二林鎮,1212,12546,15059,28817,447,29264,0,29264,12074,41338,70.7920
第15任總統副總統,在彰化縣各鄉(鎮、市、區),彰化縣,　田尾鄉,710,6256,9500,16466,234,16700,1,16701,5617,22318,74.8275
第15任總統副總統,在彰化縣各鄉(鎮、市、區),彰化縣,　埤頭鄉,786,6512,10127,17425,276,17701,0,17701,7206,24907,71.0684
第15任總統副總統,在彰化縣各鄉(鎮、市、區),彰化縣,　芳苑鄉,761,6659,11271,18691,282,18973,0,18973,9304,28277,67.0969
第15任總統副總統,在彰化縣各鄉(鎮、市、區),彰化縣,　大城鄉,320,3901,4607,8828,151,8979,0,8979,5135,14114,63.6177
第15任總統副總統,在彰化縣各鄉(鎮、市、區),彰化縣,　竹塘鄉,286,2939,5318,8543,135,8678,0,8678,3656,12334,70.3584
第15任總統副總統,在彰化縣各鄉(鎮、市、區),彰化縣,　溪州鄉,742,5801,10963,17506,291,17797,1,17798,6711,24509,72.6141
第15任總統副總統,在嘉義市各鄉(鎮、市、區),嘉義市,　東區,2885,26977,43668,73530,796,74326,2,74328,23508,97836,75.9700
第15任總統副總統,在嘉義市各鄉(鎮、市、區),嘉義市,　西區,3319,29292,55597,88208,868,89076,2,89078,28141,117219,75.9911
第15任總統副總統,在嘉義縣各鄉(鎮、市、區),嘉義縣,　太保市,905,6934,14968,22807,283,23090,1,23091,7599,30690,75.2362
第15任總統副總統,在嘉義縣各鄉(鎮、市、區),嘉義縣,　朴子市,823,7657,16136,24616,297,24913,1,24914,9020,33934,73.4160
第15任總統副總統,在嘉義縣各鄉(鎮、市、區),嘉義縣,　布袋鎮,493,5408,10089,15990,260,16250,0,16250,6833,23083,70.3981
第15任總統副總統,在嘉義縣各鄉(鎮、市、區),嘉義縣,　大林鎮,720,6396,11839,18955,225,19180,2,19182,6877,26059,73.6022
第15任總統副總統,在嘉義縣各鄉(鎮、市、區),嘉義縣,　民雄鄉,1773,13576,28356,43705,532,44237,2,44239,15282,59521,74.3217
第15任總統副總統,在嘉義縣各鄉(鎮、市、區),嘉義縣,　溪口鄉,304,2305,6366,8975,99,9074,0,9074,3434,12508,72.5456
第15任總統副總統,在嘉義縣各鄉(鎮、市、區),嘉義縣,　新港鄉,628,4878,13732,19238,212,19450,0,19450,7011,26461,73.5044
第15任總統副總統,在嘉義縣各鄉(鎮、市、區),嘉義縣,　六腳鄉,412,3666,9667,13745,201,13946,0,13946,6182,20128,69.2866
第15任總統副總統,在嘉義縣各鄉(鎮、市、區),嘉義縣,　東石鄉,512,4731,8943,14186,218,14404,1,14405,6740,21145,68.1201
第15任總統副總統,在嘉義縣各鄉(鎮、市、區),嘉義縣,　義竹鄉,384,3616,7615,11615,167,11782,0,11782,4215,15997,73.6513
第15任總統副總統,在嘉義縣各鄉(鎮、市、區),嘉義縣,　鹿草鄉,251,2725,6276,9252,151,9403,0,9403,4069,13472,69.7966
第15任總統副總統,在嘉義縣各鄉(鎮、市、區),嘉義縣,　水上鄉,1163,10433,20011,31607,383,31990,1,31991,10694,42685,74.9444
第15任總統副總統,在嘉義縣各鄉(鎮、市、區),嘉義縣,　中埔鄉,985,9132,16947,27064,268,27332,2,27334,10704,38038,71.8545
第15任總統副總統,在嘉義縣各鄉(鎮、市、區),嘉義縣,　竹崎鄉,846,7404,13350,21600,220,21820,0,21820,8387,30207,72.2349
第15任總統副總統,在嘉義縣各鄉(鎮、市、區),嘉義縣,　梅山鄉,484,4306,6926,11716,114,11830,0,11830,4664,16494,71.7231
第15任總統副總統,在嘉義縣各鄉(鎮、市、區),嘉義縣,　番路鄉,273,2707,3966,6946,67,7013,0,7013,2751,9764,71.8251
第15任總統副總統,在嘉義縣各鄉(鎮、市、區),嘉義縣,　大埔鄉,76,930,1224,2230,23,2253,0,2253,1659,3912,57.5920
第15任總統副總統,在嘉義縣各鄉(鎮、市、區),嘉義縣,　阿里山鄉,106,2006,931,3043,28,3071,0,3071,1471,4542,67.6134
第15任總統副總統,在高雄市各鄉(鎮、市、區),高雄市,　鹽埕區,455,5270,10425,16150,162,16312,0,16312,4777,21089,77.3484
第15任總統副總統,在高雄市各鄉(鎮、市、區),高雄市,　鼓山區,2717,33270,51023,87010,826,87836,0,87836,25380,113216,77.5827
第15任總統副總統,在高雄市各鄉(鎮、市、區),高雄市,　左營區,4098,50728,66665,121491,1039,122530,2,122532,35373,157905,77.5973
第15任總統副總統,在高雄市各鄉(鎮、市、區),高雄市,　楠梓區,3938,41889,70664,116491,982,117473,2,117475,33725,151200,77.6938
第15任總統副總統,在高雄市各鄉(鎮、市、區),高雄市,　三民區,6910,73585,138048,218543,2037,220580,0,220580,61096,281676,78.3098
第15任總統副總統,在高雄市各鄉(鎮、市、區),高雄市,　新興區,1072,12034,19999,33105,330,33435,0,33435,10031,43466,76.9222
第15任總統副總統,在高雄市各鄉(鎮、市、區),高雄市,　前金區,640,6641,10743,18024,205,18229,0,18229,5459,23688,76.9546
第15任總統副總統,在高雄市各鄉(鎮、市、區),高雄市,　苓雅區,3452,40676,65804,109932,1106,111038,0,111038,32087,143125,77.5811
第15任總統副總統,在高雄市各鄉(鎮、市、區),高雄市,　前鎮區,3644,41166,76988,121798,1114,122912,0,122912,34715,157627,77.9765
第15任總統副總統,在高雄市各鄉(鎮、市、區),高雄市,　旗津區,427,4817,12645,17889,178,18067,0,18067,5922,23989,75.3137
第15任總統副總統,在高雄市各鄉(鎮、市、區),高雄市,　小港區,2860,31074,64807,98741,904,99645,1,99646,29852,129498,76.9471
第15任總統副總統,在高雄市各鄉(鎮、市、區),高雄市,　鳳山區,7295,82432,138172,227899,2159,230058,2,230060,63949,294009,78.2486
第15任總統副總統,在高雄市各鄉(鎮、市、區),高雄市,　林園區,1259,12247,29882,43388,472,43860,0,43860,13641,57501,76.2769
第15任總統副總統,在高雄市各鄉(鎮、市、區),高雄市,　大寮區,2164,23000,46652,71816,735,72551,0,72551,22279,94830,76.5064
第15任總統副總統,在高雄市各鄉(鎮、市、區),高雄市,　大樹區,724,8218,18565,27507,281,27788,2,27790,7908,35698,77.8419
第15任總統副總統,在高雄市各鄉(鎮、市、區),高雄市,　大社區,649,6541,15450,22640,218,22858,0,22858,6419,29277,78.0749
第15任總統副總統,在高雄市各鄉(鎮、市、區),高雄市,　仁武區,1810,17726,37214,56750,495,57245,0,57245,16311,73556,77.8251
第15任總統副總統,在高雄市各鄉(鎮、市、區),高雄市,　鳥松區,967,10100,19147,30214,301,30515,0,30515,8379,38894,78.4568
第15任總統副總統,在高雄市各鄉(鎮、市、區),高雄市,　岡山區,2130,22257,37574,61961,615,62576,0,62576,16495,79071,79.1390
第15任總統副總統,在高雄市各鄉(鎮、市、區),高雄市,　橋頭區,800,6913,18077,25790,282,26072,0,26072,6295,32367,80.5512
第15任總統副總統,在高雄市各鄉(鎮、市、區),高雄市,　燕巢區,557,6054,12586,19197,215,19412,0,19412,5915,25327,76.6455
第15任總統副總統,在高雄市各鄉(鎮、市、區),高雄市,　田寮區,124,1397,3281,4802,49,4851,0,4851,1589,6440,75.3261
第15任總統副總統,在高雄市各鄉(鎮、市、區),高雄市,　阿蓮區,530,5051,12558,18139,182,18321,0,18321,5478,23799,76.9822
第15任總統副總統,在高雄市各鄉(鎮、市、區),高雄市,　路竹區,1266,10062,21274,32602,408,33010,0,33010,9467,42477,77.7126
第15任總統副總統,在高雄市各鄉(鎮、市、區),高雄市,　湖內區,665,5553,12787,19005,233,19238,0,19238,5808,25046,76.8107
第15任總統副總統,在高雄市各鄉(鎮、市、區),高雄市,　茄萣區,568,5458,12991,19017,226,19243,1,19244,6297,25541,75.3416
第15任總統副總統,在高雄市各鄉(鎮、市、區),高雄市,　永安區,293,2688,5944,8925,88,9013,0,9013,2682,11695,77.0671
第15任總統副總統,在高雄市各鄉(鎮、市、區),高雄市,　彌陀區,453,4151,7862,12466,185,12651,0,12651,3314,15965,79.2421
第15任總統副總統,在高雄市各鄉(鎮、市、區),高雄市,　梓官區,716,6471,16291,23478,247,23725,0,23725,6475,30200,78.5596
第15任總統副總統,在高雄市各鄉(鎮、市、區),高雄市,　旗山區,722,7962,14285,22969,207,23176,0,23176,7739,30915,74.9668
第15任總統副總統,在高雄市各鄉(鎮、市、區),高雄市,　美濃區,607,11146,13007,24760,224,24984,0,24984,9228,34212,73.0270
第15任總統副總統,在高雄市各鄉(鎮、市、區),高雄市,　六龜區,191,2705,4117,7013,67,7080,0,7080,3903,10983,64.4633
第15任總統副總統,在高雄市各鄉(鎮、市、區),高雄市,　甲仙區,96,1698,1755,3549,37,3586,0,3586,1646,5232,68.5398
第15任總統副總統,在高雄市各鄉(鎮、市、區),高雄市,　杉林區,154,2820,3719,6693,62,6755,0,6755,3546,10301,65.5762
第15任總統副總統,在高雄市各鄉(鎮、市、區),高雄市,　內門區,245,3400,5378,9023,90,9113,1,9114,3425,12539,72.6772
第15任總統副總統,在高雄市各鄉(鎮、市、區),高雄市,　茂林區,20,877,267,1164,9,1173,0,1173,349,1522,77.0696
第15任總統副總統,在高雄市各鄉(鎮、市、區),高雄市,　桃源區,64,1674,545,2283,24,2307,0,2307,1037,3344,68.9892
第15任總統副總統,在高雄市各鄉(鎮、市、區),高雄市,　那瑪夏區,27,1145,430,1602,12,1614,1,1615,723,2338,69.0334
第15任總統副總統,在基隆市各鄉(鎮、市、區),基隆市,　中正區,1618,13887,15540,31045,383,31428,1,31429,12964,44393,70.7949
第15任總統副總統,在基隆市各鄉(鎮、市、區),基隆市,　七堵區,1815,13618,17516,32949,337,33286,0,33286,11831,45117,73.7771
第15任總統副總統,在基隆市各鄉(鎮、市、區),基隆市,　暖暖區,1306,10660,11537,23503,276,23779,3,23782,8659,32441,73.2992
第15任總統副總統,在基隆市各鄉(鎮、市、區),基隆市,　仁愛區,1305,10742,13701,25748,273,26021,1,26022,9448,35470,73.3606
第15任總統副總統,在基隆市各鄉(鎮、市、區),基隆市,　中山區,1579,12468,15032,29079,352,29431,0,29431,11079,40510,72.6512
第15任總統副總統,在基隆市各鄉(鎮、市、區),基隆市,　安樂區,2560,22200,25735,50495,509,51004,0,51004,17714,68718,74.2222
第15任總統副總統,在基隆市各鄉(鎮、市、區),基隆市,　信義區,1695,15785,15905,33385,328,33713,1,33714,11438,45152,74.6656
